125
5
0 0 0 1 
4 3 2 0 
990643696 8160894 585856549 187396696 
5482925300
5
0 0 1 1 
4 3 2 0 
476339341 506356641 712091912 597198359 
5366144568
5
0 0 2 2 
4 3 1 0 
751924904 98440913 754783326 484322795 
6203145966
5
0 0 3 3 
4 2 1 0 
919346399 852326297 700502409 275881381 
5468500854
5
0 0 4 4 
3 2 1 0 
132931537 974700932 53377192 521731860 
5342870812
5
0 1 0 1 
4 3 2 0 
511075884 311870022 803276969 586781271 
6396223606
5
0 1 1 1 
4 3 2 0 
171374963 57690149 872657803 682507213 
5460322138
5
0 1 2 2 
4 3 1 0 
466625390 205339306 194742433 552158415 
5762436368
5
0 1 3 3 
4 2 1 0 
355392117 54965306 107654759 180120820 
2675538406
5
0 1 4 4 
3 2 1 0 
460214757 63710332 661378847 537536827 
4540331766
5
0 2 0 1 
4 3 2 0 
543030199 392174276 120024639 16833032 
3767500154
5
0 2 1 1 
4 3 2 0 
669247625 228154402 248850305 336591449 
5093127054
5
0 2 2 2 
4 3 1 0 
123581957 145730852 157474412 447911081 
2744876236
5
0 2 3 3 
4 1 2 0 
107248359 355326873 911967607 525705632 
6388957130
5
0 2 4 4 
3 1 2 0 
699818123 122433473 783871164 52135602 
4688874774
5
0 3 0 1 
4 2 3 0 
212303117 777401090 408895739 522570334 
5307660266
5
0 3 1 1 
4 2 3 0 
969420841 234743674 203124482 526609625 
4828875228
5
0 3 2 2 
4 1 3 0 
318404176 517538489 976032502 732507085 
5233981362
5
0 3 3 3 
4 2 1 0 
512535461 318050213 813422912 569112195 
6027067114
5
0 3 4 4 
2 1 3 0 
720989925 138893015 128016189 829386214 
5331787226
5
0 4 0 1 
3 2 4 0 
279939748 870425713 152510976 769348846 
6240799172
5
0 4 1 1 
3 2 4 0 
879216941 462051773 358187001 369926979 
5045131866
5
0 4 2 2 
3 1 4 0 
727390223 203615845 988427922 618162711 
6384054538
5
0 4 3 3 
2 1 4 0 
309903883 98435873 379024007 399727484 
2410989538
5
0 4 4 4 
3 2 1 0 
605964127 178147109 888181084 823326962 
6093930486
5
1 0 0 1 
4 3 2 0 
510171048 674948291 217858485 701837940 
5836090342
5
1 0 1 1 
4 3 2 0 
664078632 695778771 40643964 232092898 
4562014892
5
1 0 2 2 
4 3 1 0 
259918743 609031465 185307589 845017911 
5011859114
5
1 0 3 3 
4 2 1 0 
364509865 482483407 181858288 512861935 
3115286510
5
1 0 4 4 
3 2 1 0 
885791696 223748238 43405917 693600095 
5572935476
5
1 1 0 1 
4 3 2 0 
20409821 175463635 833502490 926370086 
4534727674
5
1 1 1 1 
4 3 2 0 
391709232 624235499 243708487 502510407 
5233324746
5
1 1 2 2 
4 3 1 0 
255861816 21115104 956651828 619195749 
5239267540
5
1 1 3 3 
4 2 1 0 
303755163 468458120 973771096 904999179 
5165643554
5
1 1 4 4 
3 2 1 0 
197209946 718471583 653299695 380183852 
5722218422
5
1 2 0 1 
4 3 2 0 
948090131 911893905 265847313 355782810 
6331936158
5
1 2 1 1 
4 3 2 0 
599538453 960997929 32337034 930422821 
6035266634
5
1 2 2 2 
4 3 1 0 
148974556 231422661 100814075 355149610 
2541805530
5
1 2 3 3 
4 1 2 0 
527234879 762010560 94353766 165172989 
5815005178
5
1 2 4 4 
3 1 2 0 
396259271 31019178 982763138 415318885 
5992066970
5
1 3 0 1 
4 2 3 0 
249787626 897437436 346208485 120311508 
4493670902
5
1 3 1 1 
4 2 3 0 
184286567 515983191 810713474 176794038 
5664857034
5
1 3 2 2 
4 1 3 0 
209630531 926110183 256781086 904632440 
6356461504
5
1 3 3 3 
4 2 1 0 
829653184 230805909 419752166 683011615 
5298147682
5
1 3 4 4 
2 1 3 0 
249693651 931205057 203535351 123529827 
6421493642
5
1 4 0 1 
3 2 4 0 
449710872 923486740 702227015 416280563 
5187788124
5
1 4 1 1 
3 2 4 0 
952122197 532018017 631851798 578549265 
5200147562
5
1 4 2 2 
3 1 4 0 
915163306 401194511 366169471 952874490 
6072565072
5
1 4 3 3 
2 1 4 0 
19758469 79577851 984701080 273462110 
5844695032
5
1 4 4 4 
3 2 1 0 
546943650 964881611 941263394 132849891 
6224563570
5
2 0 0 1 
4 3 2 0 
143836357 295700288 568491599 156320033 
5262868050
5
2 0 1 1 
4 3 2 0 
719012127 776900165 919449036 556737080 
6423501302
5
2 0 2 2 
4 3 1 0 
512837857 794576611 497621668 964093278 
4822915062
5
2 0 3 3 
4 2 1 0 
895698821 396830474 866107464 314521850 
5491306860
5
2 0 4 4 
3 2 1 0 
348505617 881490852 863973102 139476770 
6184394052
5
2 1 0 1 
4 3 2 0 
667730384 826317751 288871934 175209833 
6283453416
5
2 1 1 1 
4 3 2 0 
276228886 483322945 541250228 45335498 
5870843840
5
2 1 2 2 
4 3 1 0 
332856694 434904391 342259696 635133731 
5028478858
5
2 1 3 3 
4 2 1 0 
115131774 490117138 200016650 704187089 
5234209456
5
2 1 4 4 
3 2 1 0 
434763290 319595747 857081630 224731196 
6223179762
5
2 2 0 1 
4 3 2 0 
619075980 170104472 237250016 678526722 
4709072584
5
2 2 1 1 
4 3 2 0 
452325292 76193785 815293913 860388283 
4910610414
5
2 2 2 2 
4 3 1 0 
552927451 337042798 262338669 599745018 
5627702122
5
2 2 3 3 
4 1 2 0 
864667102 812376199 452442973 895456531 
6305603378
5
2 2 4 4 
3 1 2 0 
443115582 48538623 141056462 530601078 
3037254632
5
2 3 0 1 
4 2 3 0 
422012246 285644367 287915761 105324432 
2686414572
5
2 3 1 1 
4 2 3 0 
961753335 415339832 359851552 888442681 
5830462062
5
2 3 2 2 
4 1 3 0 
875836025 784304240 401390741 580393365 
6173448668
5
2 3 3 3 
4 2 1 0 
46811240 836234670 113092208 381699117 
5632656344
5
2 3 4 4 
1 2 3 0 
522930201 343732542 854070356 367370630 
6156927720
5
2 4 0 1 
3 2 4 0 
78823735 496402230 150791208 911661472 
5024363852
5
2 4 1 1 
3 2 4 0 
222592406 377585574 230169188 90704884 
3197646656
5
2 4 2 2 
3 1 4 0 
424740839 516747747 877632564 463276787 
6295396298
5
2 4 3 3 
1 2 4 0 
823744342 719317041 469909713 238138392 
5195430364
5
2 4 4 4 
3 2 1 0 
773346762 516035389 144051413 827375002 
6192906202
5
3 0 0 1 
4 3 2 0 
22943629 845377578 437860193 841102017 
5074358146
5
3 0 1 1 
4 3 2 0 
693593943 469417343 748100048 946099939 
5733596850
5
3 0 2 2 
4 3 1 0 
150995996 75594641 671764107 54547824 
3736133102
5
3 0 3 3 
4 2 1 0 
330904375 866579574 7128900 518522633 
5365155578
5
3 0 4 4 
2 3 1 0 
645506316 161563329 592103932 572190837 
4691453836
5
3 1 0 1 
4 3 2 0 
437185969 173160416 864063666 546514610 
4630997420
5
3 1 1 1 
4 3 2 0 
824494593 250599025 246967861 293887967 
5349749958
5
3 1 2 2 
4 3 1 0 
376464884 704408503 832940081 1561346 
5108188736
5
3 1 3 3 
4 2 1 0 
230812835 111892178 494098953 411923364 
2880634194
5
3 1 4 4 
2 3 1 0 
500433648 583863825 218470570 113478457 
5890424146
5
3 2 0 1 
4 3 2 0 
931673537 612914720 281596479 174010072 
4908477834
5
3 2 1 1 
4 3 2 0 
543951352 822275277 550387885 33011226 
5014112620
5
3 2 2 2 
4 3 1 0 
473660405 113140387 976601208 734155985 
6198043106
5
3 2 3 3 
4 1 2 0 
164385840 935066126 470957170 580778791 
5758515880
5
3 2 4 4 
1 3 2 0 
158592896 718998763 788528785 710927631 
4780982258
5
3 3 0 1 
4 2 3 0 
813817116 516990673 616332794 28720640 
6059851728
5
3 3 1 1 
4 2 3 0 
228316173 393409492 833992988 784982491 
5333046062
5
3 3 2 2 
4 1 3 0 
83288632 743584476 214003660 478228178 
4513384352
5
3 3 3 3 
4 2 1 0 
596773987 989851454 39215946 232850212 
5770222808
5
3 3 4 4 
2 1 3 0 
822631334 262612059 161861639 909286256 
6380500710
5
3 4 0 1 
2 3 4 0 
95621102 467607258 717987564 349634624 
6067953136
5
3 4 1 1 
2 3 4 0 
484724423 642964032 705104949 358421970 
5245548970
5
3 4 2 2 
1 3 4 0 
321233563 19675486 804609401 80429563 
5745806266
5
3 4 3 3 
2 1 4 0 
669731284 132218396 584295435 445495411 
5636616362
5
3 4 4 4 
2 3 1 0 
863353143 67856337 387763793 217654219 
4948220706
5
4 0 0 1 
3 4 2 0 
985635588 293313220 212820376 109830713 
4829722532
5
4 0 1 1 
3 4 2 0 
191709011 496609733 727104258 250276286 
5217318512
5
4 0 2 2 
3 4 1 0 
369919764 526316502 669460742 648954618 
4810630772
5
4 0 3 3 
2 4 1 0 
672738410 226871134 274147998 940332320 
5682986100
5
4 0 4 4 
3 2 1 0 
920345474 296224204 928647415 923774825 
4357572554
5
4 1 0 1 
3 4 2 0 
557245593 167105069 472653915 506554047 
4662543662
5
4 1 1 1 
3 4 2 0 
291349173 269643649 291638796 641526430 
4311584308
5
4 1 2 2 
3 4 1 0 
730759101 240104847 115616455 771603481 
4825251254
5
4 1 3 3 
2 4 1 0 
39560197 878904918 723124726 668797947 
6391383210
5
4 1 4 4 
3 2 1 0 
84719114 546318109 764630408 278467164 
4592151732
5
4 2 0 1 
3 4 2 0 
4361405 302481374 516199202 446833118 
2821178360
5
4 2 1 1 
3 4 2 0 
453841493 655227772 332979312 304421594 
6168936108
5
4 2 2 2 
3 4 1 0 
781451996 922621773 62285292 843563833 
6005755374
5
4 2 3 3 
1 4 2 0 
814380449 29926720 577183594 377660865 
5420056450
5
4 2 4 4 
3 1 2 0 
663204762 987603783 822026256 858488448 
6029010592
5
4 3 0 1 
2 4 3 0 
154737914 209473064 589972624 947304736 
4780997960
5
4 3 1 1 
2 4 3 0 
299749394 446949515 197197400 534818216 
3083203998
5
4 3 2 2 
1 4 3 0 
551997395 673673227 763568134 286438178 
5383743000
5
4 3 3 3 
2 4 1 0 
696836975 438469414 812920264 972058661 
5496685206
5
4 3 4 4 
2 1 3 0 
369986504 644753260 297563686 872893547 
5087608464
5
4 4 0 1 
3 2 4 0 
838328541 357584487 190886596 947253874 
5986042338
5
4 4 1 1 
3 2 4 0 
326943883 449132875 929677772 228555101 
5695597330
5
4 4 2 2 
3 1 4 0 
139469701 794642415 977435279 538833229 
5934862938
5
4 4 3 3 
2 1 4 0 
876457412 165768262 324917482 340394434 
5083095956
5
4 4 4 4 
3 2 1 0 
308627667 299515218 483660758 456502585 
2548726658
