9
7
8004 104052 125902 31372 598 15686 5474
0 2
5 3
6 2
4 1
0 3
0 1
15686
15
343000 29900 15295 910 214130 665 70 402220 147000 218348 26 77740 782040 176890 34580
2 4
6 0
10 11
3 7
13 5
7 9
9 14
8 0
8 12
12 13
8 1
11 1
0 14
4 12
49000
31
103675 707850 330330 629850 284427 182325 353925 117975 16575 145350 140505 2210 139425 278850 71825 182325 2145 33150 92950 284427 65025 117975 646425 36465 563550 619905 195195 27885 6435 10725 319770
19 4
18 3
0 10
19 27
17 14
24 11
26 5
10 30
7 23
8 13
1 13
24 20
7 6
14 29
28 4
30 2
12 22
9 17
29 1
25 23
26 2
27 18
5 25
16 21
15 22
6 28
21 15
0 12
3 9
20 8
284427
62
277200 720720 720720 50400 720720 665280 45360 498960 45360 55440 221760 45360 720720 83160 50400 277200 554400 332640 277200 665280 221760 332640 277200 50400 720720 277200 221760 83160 110880 498960 55440 221760 166320 498960 166320 720720 277200 50400 665280 45360 665280 665280 498960 110880 83160 55440 166320 45360 665280 110880 55440 110880 221760 166320 221760 166320 55440 498960 83160 277200 83160 55440
45 50
15 1
18 25
58 4
45 6
2 35
2 38
50 28
22 26
53 5
13 58
49 0
49 40
56 24
35 33
18 61
23 14
46 5
12 47
36 20
40 58
51 24
9 58
58 1
28 22
16 56
61 54
18 19
48 57
17 16
12 34
27 43
57 8
50 20
7 10
44 19
29 23
61 22
47 27
42 38
34 59
52 9
50 12
52 32
33 31
48 41
11 38
20 29
6 39
49 60
21 61
33 30
54 41
1 55
23 37
31 51
17 55
10 40
20 58
3 25
5 50
720720
125
221 2805 221 990990 2001 3003 3003 945945 55 231 99 231 315315 297297 83538 6 174636 212355 15015 9282 3003 70785 231 117117 58905 21 3003 11466 105 126063 3003 61347 10 198 503217 69615 10010 3003 630630 831402 819 69069 105 495495 897 568854 114075 306306 509355 18513 568854 252252 819819 39039 3 231525 429 462462 76245 6930 78078 114345 157320 105 48906 782 106743 184041 21 613548 868434 1 1386 3 686070 289478 335478 90090 415701 165 99099 51051 124740 273273 1155 457380 15015 2145 378 612612 3003 340170 741 126126 990990 51051 663 126126 231 693693 48510 83655 195 324870 463050 11339 1155 60333 306306 2737 378378 7245 920205 195 141570 66 69069 1326 126126 131274 363825 408240 39 663 221
10 80
92 64
84 74
4 29
121 111
114 85
82 88
46 102
122 7
18 103
37 83
104 55
91 105
79 61
0 58
19 89
48 68
51 82
90 97
40 12
62 16
16 81
100 59
99 52
73 82
113 46
26 83
25 118
31 21
85 116
121 69
55 24
112 23
96 35
117 50
81 2
66 14
38 48
31 45
98 99
49 74
7 42
76 65
51 38
61 22
14 103
53 60
54 16
110 52
104 72
115 85
16 97
75 70
104 94
27 60
94 67
43 93
18 82
116 41
24 1
121 33
120 45
53 107
48 9
39 78
120 35
88 93
7 117
86 43
13 37
101 87
82 62
95 108
8 112
107 124
40 61
62 69
99 11
78 74
63 55
30 3
69 101
47 45
118 77
70 17
12 94
64 33
74 119
121 15
120 106
85 27
104 28
123 119
107 61
111 58
114 56
36 3
13 17
47 7
112 50
72 118
110 6
71 61
119 10
100 57
57 80
89 59
34 49
29 14
46 121
5 23
67 76
121 32
29 13
77 80
110 88
66 109
20 52
93 36
34 44
17 21
3 39
77 91
121 108
415701
250
972895 525525 175175 355740 210210 95550 105105 307230 302575 256025 687225 231231 385385 907725 60515 563255 701974 525525 5390 105105 70070 5005 665665 496860 51205 265335 29645 665665 60515 53900 153615 910910 363090 700700 124215 700700 210210 563255 700700 181545 385385 9310 27930 88445 444675 51205 389158 181545 63700 355740 59241 77 512981 105105 770770 60515 525525 91091 60515 27930 161700 154154 605150 350350 307230 798798 455455 133133 31850 889350 363090 177870 175175 770770 70070 161700 296450 60515 269990 57330 148225 35035 496860 60515 177870 102410 10241 546546 726180 60515 462462 665665 91091 204820 175175 210210 182182 266266 204820 181545 10241 375193 88445 296450 525525 102410 102410 91091 889350 157339 70070 80850 15925 296450 337953 910910 88445 175175 102410 51205 687225 51205 118580 375193 404985 181545 161700 442225 46550 153615 512050 161700 29645 121030 9310 889350 60515 219450 105105 97020 82810 414050 315315 525525 84084 77077 563255 8085 60515 153615 140140 140140 60515 72618 592900 355740 82810 105105 105105 77077 972895 121275 121030 972895 121275 3822 20482 2450 80850 51205 455455 266266 105105 1274 176890 47775 140140 105105 910910 700700 884450 88935 256025 296450 80850 114660 105105 4655 8379 768075 102410 60515 165620 86583 296450 82810 665665 350350 889350 314678 154154 210210 121030 210210 177870 302575 907725 786695 102410 31850 176890 175175 60515 350350 296450 350350 88445 24206 82810 181545 350350 53067 442225 102410 106722 910910 786695 972895 133133 133133 665665 145236 51205 621075 140140 70070 14014 140140 19110 910910 161700 363090 525525 889350 242060 350350 60515 112651 1995 229957
197 62
195 115
156 138
168 175
67 39
222 62
219 99
180 43
235 151
20 145
71 30
90 176
21 1
60 5
168 240
172 228
101 225
158 172
241 182
151 133
90 11
190 166
89 218
242 230
106 42
131 234
48 75
31 238
240 238
5 72
153 174
188 142
70 139
24 152
127 222
187 136
214 215
190 29
117 194
19 132
92 96
246 216
110 45
55 134
88 213
53 248
204 84
233 157
15 76
154 130
232 103
179 220
74 20
105 77
59 29
1 124
197 80
241 203
117 14
141 215
249 14
202 4
189 206
201 239
132 198
22 146
70 226
123 101
56 17
63 149
73 170
182 183
27 116
17 40
237 225
150 156
44 37
72 12
213 94
8 102
105 95
69 56
27 87
239 123
223 194
131 185
232 125
120 10
58 97
18 83
25 42
65 188
113 245
121 61
139 7
140 192
24 84
57 16
138 181
35 192
200 65
93 155
16 78
95 19
13 128
120 26
143 147
221 59
184 167
199 249
76 73
36 126
245 162
74 86
161 108
49 97
81 152
230 171
175 47
124 52
30 7
34 39
200 51
158 50
49 184
135 208
83 191
118 211
114 247
88 231
40 67
179 167
207 196
50 193
22 140
80 10
46 0
112 205
106 163
201 147
246 207
53 177
211 68
104 142
104 78
199 96
173 177
108 3
28 121
99 193
98 93
186 81
57 54
107 11
126 68
63 48
119 37
107 34
129 223
79 165
236 71
36 91
86 102
114 224
52 227
75 198
169 45
47 149
18 38
128 176
134 33
195 236
109 77
55 170
91 160
206 233
100 43
157 100
94 9
38 110
248 137
35 122
221 212
148 109
244 118
226 92
224 64
148 119
89 0
178 61
164 129
247 181
9 227
217 28
208 116
87 82
144 98
229 66
125 143
2 189
144 153
185 32
133 205
217 202
136 178
231 237
141 2
41 111
41 162
46 210
159 26
60 103
135 44
127 32
112 66
243 214
130 163
13 242
243 111
69 155
64 25
15 228
187 58
54 183
166 150
85 113
82 209
3 4
115 145
191 235
203 6
79 23
219 85
6 186
171 122
12 159
209 220
154 137
229 160
204 169
146 196
165 234
210 216
174 180
33 31
161 164
23 173
244 218
212 8
687225
500
58565 231525 15 30 401310 236250 3315 15 105 4485 712215 330750 77175 771750 974610 15 30 12250 708750 105 35 210 165375 121275 105 15 614250 15 105 4095 1785 80850 21 242550 668850 15 165375 286650 110250 105 64974 105 5775 4095 195 21 21 621075 10 242550 502775 35 1365 210 105 190575 33915 21 95550 2925 485100 86625 1 102375 105 487305 14 80850 389025 105 496125 2205 143325 23205 105 455 374850 348075 324870 472500 88725 195 110250 105 7 463050 463050 203490 165375 2205 165375 15 105 3927 210 4641 143325 875875 15015 273 1365 210 20475 195 105 496125 121275 220500 231525 11025 35 15 143325 210 35530 348075 630630 374850 614250 771750 533610 210 301665 77350 121275 236250 23205 225 23205 210 315 348075 771750 220500 7150 169785 759375 2205 95550 47775 105 28665 348075 143325 21 286650 5 200655 28665 374850 198450 286650 128625 330750 727650 532950 5005 315315 15 330750 455 60333 5390 15 330750 601965 83655 4641 22050 225225 40950 15 315315 143325 161700 273 23205 21 551250 24255 3150 236250 57330 273 105 812175 7735 3094 10 105 429975 33915 532350 716625 195 106470 143325 551250 771750 238875 693 165375 274890 69615 105 286650 294525 143325 330750 425250 3 330750 826875 88725 661500 771750 90090 2730 210210 110250 732550 10 7 33 220500 65 385875 1155 541450 2310 470925 105 10 105 15 165375 30 614250 286650 105 97020 66150 2145 210 3 1365 99225 77175 1785 110250 330750 3 154350 105 4851 286650 372645 30 242550 105 2730 390 675675 11025 20475 69615 242550 15 23205 21 904995 385875 15 708750 105 195 1365 105 2730 330750 77350 20475 2310 209300 992250 812175 462 70 231 102900 225225 30 275625 266175 22050 143325 231525 330750 34650 105 15 46410 242550 183750 74970 157500 275625 143325 330750 420 118125 44100 105 255 487305 121275 105 165375 385875 286650 23205 472500 23205 1785 270725 354375 35 75 99450 32175 708750 110250 14 143325 6 2205 812175 696150 21 165 121275 3003 23625 165375 47775 286650 3705 116025 661500 850500 30 210 210 105 266175 6 175695 51 330750 90090 348075 105 659295 132300 546 477750 92610 525525 992250 1365 121275 11025 15 225225 221 105 975975 385875 116025 808500 7 23205 46410 694575 105 7350 1547 122850 23205 31395 105 363825 105 231525 15 17850 470925 195 614250 1365 7350 40425 220500 195 7 1365 165 46410 210 1365 210 2730 696150 15470 812175 165375 11025 15925 105 225225 286650 1575 57330 42 405000 2310 363825 105 11025 190575 661500 143325 143325 661500 110250 143325 69615 348075 202500 139230 23205 10 429975 105 15 630 921375 324870 15 6825 385 21 5 210210 105 30 487305 286650 390 143325 105 105 15 105 614250 1365 508725 44100 532350 21 154350 105 20475 348075 3150 668850 35 225225 17325 363825 105 759375 735 1575 348075 143325 219765 455 354375 195 220500 1365 771750 143325 35 11025 3150 6783 15 363825
420 360
474 209
247 494
153 189
81 192
333 428
336 391
153 174
8 289
454 88
364 4
363 306
314 393
145 377
288 391
436 246
219 287
22 77
26 44
331 273
227 55
140 284
114 155
109 457
490 441
314 73
468 261
409 295
309 34
490 321
467 289
283 220
42 5
271 370
446 366
303 188
119 97
475 160
224 228
118 281
279 471
111 488
360 115
257 133
17 152
293 387
32 430
210 136
322 378
129 86
0 356
317 24
301 78
99 147
254 426
86 209
262 55
344 213
185 201
196 442
374 285
393 294
388 142
323 88
112 369
205 164
398 408
235 12
171 305
82 325
28 383
242 169
209 116
135 370
384 464
145 411
131 440
488 292
49 218
194 446
83 325
198 385
476 197
453 98
320 337
250 196
359 262
7 481
95 447
446 321
251 387
164 358
266 481
292 59
118 391
121 214
325 237
6 203
489 464
302 106
137 343
400 4
135 380
124 241
132 249
89 193
330 350
212 92
232 402
167 439
472 468
246 321
97 156
125 134
316 415
349 499
173 109
238 66
272 18
393 239
342 181
277 273
282 305
85 64
47 122
479 477
300 36
263 306
343 197
297 352
274 197
162 61
407 58
209 131
383 190
193 59
230 389
42 31
422 256
457 420
208 396
34 84
291 424
395 414
61 25
436 270
13 19
365 238
279 211
303 17
464 107
310 365
182 349
170 325
433 348
93 202
139 331
79 247
268 65
262 213
141 138
107 283
437 79
43 214
130 470
177 190
308 201
310 343
344 1
463 152
105 259
354 245
247 71
166 329
1 338
102 477
488 244
431 375
425 33
321 379
77 381
458 237
366 243
363 423
100 34
345 164
166 103
298 60
470 147
206 313
4 45
215 418
207 292
125 347
208 395
446 488
180 33
134 376
377 11
327 415
119 467
36 215
162 402
342 212
233 493
128 437
372 150
120 282
202 13
57 363
67 132
306 299
248 76
383 445
498 330
405 432
212 452
3 181
174 67
108 479
204 108
279 61
56 10
214 356
488 267
127 481
286 240
216 269
371 459
296 148
443 36
280 50
296 475
481 234
414 182
159 400
38 143
37 304
466 191
68 346
223 315
289 447
430 219
221 365
478 212
138 136
195 260
252 215
435 29
415 168
201 466
473 176
252 469
123 306
348 298
123 413
226 285
481 457
124 23
399 37
307 1
276 255
304 323
125 342
14 412
87 348
170 192
330 253
50 225
426 462
401 340
273 483
72 264
442 297
94 82
485 132
318 428
169 90
11 351
122 407
386 161
5 136
116 290
48 79
341 172
410 60
147 40
305 153
235 421
434 178
52 96
89 135
335 86
345 278
38 35
311 85
47 72
23 392
302 78
126 484
51 492
419 143
214 280
318 184
444 136
449 354
179 343
256 397
148 493
12 404
231 159
200 157
424 301
88 141
367 222
190 307
193 417
377 152
368 237
62 379
26 438
76 31
281 340
226 416
434 290
70 433
368 467
132 183
430 180
199 178
199 326
177 159
12 154
58 491
368 337
402 273
487 207
30 149
228 324
279 475
68 246
390 317
496 26
359 216
53 258
256 60
383 203
14 335
144 150
379 117
363 224
495 331
252 224
284 355
305 20
197 236
373 258
265 376
430 378
22 358
264 80
319 294
133 21
347 185
5 97
139 333
54 18
499 102
211 165
266 478
120 229
429 367
358 461
65 246
142 219
173 431
158 438
159 241
486 82
43 485
198 480
40 187
406 154
349 473
63 315
70 495
63 373
178 361
219 153
18 16
449 434
161 270
27 88
293 403
146 181
133 482
241 154
486 362
250 416
419 339
74 105
310 91
150 362
292 303
308 49
284 2
450 379
138 174
398 11
438 308
484 136
90 474
115 172
266 332
421 432
207 10
181 385
448 63
198 96
271 112
311 118
103 178
349 328
336 186
39 426
80 417
209 127
137 85
456 175
208 371
195 183
69 108
424 18
165 46
199 151
295 119
398 275
105 442
424 309
465 157
230 310
401 107
13 235
240 168
104 125
367 75
394 481
105 130
136 472
328 382
238 329
382 430
29 49
214 324
70 163
499 206
482 368
479 15
445 250
205 217
319 459
101 492
296 41
312 249
284 402
435 106
433 439
483 492
456 117
263 315
226 460
422 255
497 87
490 427
429 179
349 90
151 113
424 327
200 70
453 116
220 271
254 366
110 318
165 218
438 387
334 150
353 303
285 22
297 155
79 455
396 9
451 107
38 17
5 149
265 357
317 496
470 211
330 412
71 249
661500
1000
97020 577269 1001 77 7 385385 124509 1365 415030 94325 143 621775 91091 503965 5 15895 595595 415030 148225 7 244783 339570 721259 77 77 55 77 385385 306735 77 124509 4235 119119 8085 935935 148225 266805 323323 148225 13685 55 77077 1155 1001 77 747175 770 11 133705 1001 55 77077 870485 595595 148225 9555 11 7 2261 935 91 412335 1 1309 282975 77077 4235 800415 11 15827 35 7007 1547 100793 715715 35035 175175 969969 7 207515 100793 122850 242165 385385 698775 175175 143 244783 35 870485 77077 187 3553 91 17017 7 546546 174097 54145 207515 65065 132055 231 119 124509 119119 363363 4199 119119 3927 7429 871563 207515 35 327845 94325 734349 539539 595595 33 26741 595 77 207515 432575 110 35 35 7293 120050 165165 119 11011 83657 207515 326095 1078 503965 85085 385385 154 13585 105105 195195 77 465850 35 88935 88935 187187 65065 415030 77 108045 202125 154 490 175175 7 605 693693 833833 137445 22 5005 289289 622545 935935 110143 425425 13 7 207515 55 14399 137445 20995 77 769318 77 595595 1309 471625 539539 320705 118580 119 17017 385 11 154154 385385 207515 77 207515 6545 22 150535 1547 396165 847847 153153 238238 561561 15015 385 85085 622545 207515 5005 385 85085 585599 143 187187 105105 7 85085 935935 454597 13475 7 385385 42 273581 2717 296450 600250 1925 202125 17017 1547 336875 148225 55 721259 282975 169785 207515 7 275275 3 14 5 195657 595595 652190 2618 77 270725 7 140777 440895 13 385385 11 515185 17787 385 13 444675 264110 154 7 231 385385 91091 85085 385385 5929 45815 21 357357 143 94325 870485 5 595595 539539 165165 25025 77 935935 37961 85085 105875 35 300125 715 7 385 7 7 429429 2717 13475 91091 17017 35 35 26741 77 187 323 741125 6545 721259 59290 229075 3927 187187 385 238238 91 660275 1001 35 385 1001 2695 91 119119 715715 1 94325 326095 1155 1001 315315 59290 21 77 187187 9163 6545 540225 595595 385385 85085 100793 870485 221 104907 385385 148225 267410 2261 385 215985 119 662354 29887 17765 35 1309 595595 35 385385 148225 734349 87465 77 539 385385 83006 143 71995 289289 503965 1547 94325 40425 33 77077 326095 900375 175175 7 71995 195195 55 847 51 5005 245245 148225 14 7735 2431 715 1155 65219 11 15925 7 7 1078 465850 462462 29393 207515 2695 5 120785 1309 75075 11 2431 3553 275275 88935 5831 128625 100793 1155 3003 412335 385 7 35 1309 935935 77 282975 132055 143 207515 2261 455 385 7 7 458983 847 88935 1547 154154 660275 660275 385385 77 88935 148225 91 119 154 444675 525525 11 539539 1463 660275 326095 935935 174097 456533 165 385385 7 715 154154 385 248710 70 663 7 187187 24871 847847 17765 334425 1547 595595 119119 655690 1 85085 91091 55055 230945 910 660275 471625 7 1547 35035 77077 273581 21175 77077 595595 51051 5 195 231231 24871 77077 148225 7 78897 88935 7 21175 132055 935 174097 119 870485 137445 21175 326095 158466 35 124509 444675 119119 385385 70070 13 231 248710 45815 175175 3927 415030 77 65065 978285 4235 913066 55 187 503965 275275 36309 871563 889350 257250 53295 111265 30855 374374 231231 231231 33 296450 1309 7 1001 792330 6545 187187 663663 188650 255255 17017 456533 3 111265 42350 715715 5005 3575 323323 148225 1309 35 245 17017 85085 2002 8085 385 195195 471625 147147 326095 46189 1547 1001 1573 86515 165165 65 77077 119119 1547 177870 1001 770770 660275 35 1547 119119 165165 264110 889525 16093 913066 539 385 327845 35 255255 245 632247 14 285285 791945 70070 207515 77 385385 331177 33 91875 94325 10829 124509 275275 444675 165165 143 2695 35 17 264110 1001 35 143143 17017 121121 7 525525 503965 175175 4235 595595 215985 146965 77077 1 504210 357357 1309 77 100793 391391 935935 273581 1001 187 652190 105 187 35 978285 595595 187 71995 35 35 35035 143 1309 7 525525 5929 17017 715 17017 187187 124355 820743 77077 65065 385385 5005 385 77077 515185 324870 124355 201586 503965 622545 146965 595595 21 7 35 119119 519750 2695 7 77077 148225 503965 77 139755 24871 165165 65219 550715 77 3927 112651 148225 55 282975 1309 385 770770 5 94325 1 290521 3553 385385 11011 1547 495495 119119 49742 35035 209 55 6545 330330 715715 385385 53361 385 94325 94325 2431 77 1 282975 88935 15015 91 1001 77 10829 1155 302379 323323 65569 158466 77 244783 77077 154 12155 150150 4641 847847 282975 6545 119 572033 102245 1155 296450 605605 40425 88935 11 98175 77 124355 302379 77 1309 539 207515 143 830060 715715 7 385 77077 85085 215985 715 7 11 289289 7 71995 359975 465850 462 110 920465 455455 21 170170 77 14399 1001 978285 1547 5005 5005 4235 17787 94325 4235 264110 113190 154 622545 539 88935 231 7 663 563255 302379 5005 357357 158015 27489 326095 7 622545 148225 35 35 24871 256025 100793 350350 5929 2431 561561 595595 124509 1155 746130 154154 1 35 1001 86515 148225 85085 770770 306735 25025 181203 88935 385 79135 108290 48433 1309 1155 207515 207515 420175 231 35 77 605605 85085 6545 455 1694 148225 11 143143 77 121121 7 17017 715715 148225 595595 13 323323 385 561561 385385 11 35 1729 282975 21318 231 385 385 273581 385385 373527 63525 663663 11 539539 94325 143143 791945 195657 7 978285 17017 119119 7 21 77077 302379 119119 148225 94325 1547 11 444675 35 595 207515 229075 539539 71995 11 209209 35 385 758030 7 715 49 13475 417571 27489 1309 870485 119 825825 935935 296450 120785 143 207515 2261 6783 77 187 231 91091 187 385 275275 385385 65569 77077 148225 17017 5929 174097 7 119119 425425 77 721259 5775 978285 237405 770770 71995 77077 5005 35 188650 30107 595 1309 17017 11305 317625 55 359975 83006 7 112651 187187 687225 119119 19635 412335 45815 1001 77 17017 357357 195195 14014 88935 359975
400 871
567 513
577 479
206 341
2 76
28 621
896 909
839 148
887 182
254 679
766 194
657 782
602 287
516 164
640 244
904 731
252 176
742 969
247 367
892 358
343 530
652 486
87 706
384 741
145 559
155 8
224 129
623 758
468 83
423 489
135 430
532 988
220 442
130 884
82 142
758 830
90 381
655 954
662 666
987 412
928 314
202 123
335 55
115 811
616 154
487 725
929 411
730 333
912 309
960 507
297 310
53 194
388 541
977 342
405 677
612 636
825 620
775 701
555 245
653 21
180 305
312 617
674 478
162 295
358 14
954 781
831 52
41 685
411 626
543 815
625 80
216 200
715 808
492 232
808 95
412 370
295 236
282 187
583 100
756 898
191 389
151 393
575 573
851 776
344 743
481 193
838 974
588 757
219 214
135 228
226 941
426 745
274 337
850 350
723 17
197 613
802 42
574 724
683 541
862 299
597 820
518 150
684 769
426 396
722 695
815 524
915 79
606 626
931 322
882 878
264 721
598 262
718 135
375 52
399 563
124 50
520 352
823 730
232 944
531 87
511 207
285 488
847 861
286 227
714 146
36 765
137 901
496 873
846 406
519 685
368 333
390 148
208 319
98 744
26 738
679 426
373 908
118 834
482 176
838 720
618 797
442 509
870 48
77 946
823 568
229 282
235 537
634 858
767 329
941 533
918 970
111 413
459 573
381 200
976 848
10 477
960 556
317 827
258 385
923 313
968 692
460 37
805 866
1 292
413 800
568 834
738 990
415 272
308 806
796 259
213 28
53 856
263 335
374 290
803 995
646 825
473 41
5 561
903 565
647 350
39 166
106 846
666 419
30 747
675 994
589 617
466 302
455 667
424 395
876 574
760 697
622 850
962 357
709 232
416 109
564 23
529 261
201 906
607 620
324 507
408 38
498 101
610 613
310 536
383 615
397 999
510 749
722 161
126 626
111 527
710 499
936 659
457 837
209 157
526 60
115 402
642 75
913 99
17 966
96 570
959 115
351 225
500 773
724 85
572 986
66 332
717 649
485 808
984 208
93 343
896 816
616 693
576 47
953 809
700 8
660 287
481 340
12 822
897 260
986 217
633 745
425 28
280 265
434 348
191 511
475 287
753 185
842 436
303 852
600 564
581 636
709 256
605 811
124 448
987 558
642 997
85 88
926 398
238 529
360 129
158 199
921 384
734 919
328 721
161 466
615 335
594 699
181 20
775 117
552 204
729 997
441 840
25 897
231 593
659 828
998 957
842 144
325 29
304 488
261 595
12 801
751 63
441 778
414 739
275 672
452 38
80 307
639 686
709 764
527 157
261 184
1 360
646 994
289 839
396 810
65 401
637 272
0 21
972 619
604 328
596 470
712 517
452 159
571 147
957 914
485 278
118 420
710 903
478 802
798 202
246 665
881 950
924 404
703 447
87 165
236 567
226 502
6 599
781 423
446 910
969 153
233 384
9 113
324 84
696 134
375 416
240 409
130 621
695 331
28 880
465 151
837 643
986 471
634 545
373 167
270 696
552 777
730 483
826 610
497 73
54 580
974 156
252 30
328 237
56 145
190 445
767 102
422 590
820 705
608 860
896 513
719 762
212 133
889 514
552 960
692 189
953 210
503 685
796 250
440 524
746 523
631 925
893 274
182 711
877 165
449 802
35 79
862 689
584 620
159 924
642 330
579 612
27 503
43 676
948 539
651 940
291 238
100 90
510 514
866 132
120 675
17 983
451 566
219 91
391 768
346 968
391 575
62 861
549 687
552 586
375 239
391 214
770 576
663 581
683 354
489 266
447 471
377 889
128 491
365 765
667 451
527 650
132 190
105 664
833 321
372 244
868 608
608 513
11 469
83 280
605 975
460 912
598 824
807 199
540 359
614 84
845 900
752 640
268 854
277 539
825 18
974 129
624 35
376 197
127 424
590 74
387 681
245 438
257 584
834 537
569 922
64 76
595 714
796 718
405 692
269 904
965 306
846 648
150 27
860 719
117 322
574 417
771 54
192 985
661 9
687 670
779 86
610 388
883 559
813 319
650 867
296 318
763 587
131 473
752 71
161 481
123 21
154 500
671 410
536 571
1 793
969 866
676 9
930 314
987 76
737 138
327 439
142 143
916 211
945 454
633 428
139 674
45 141
51 971
733 179
192 66
584 320
714 311
117 477
913 578
307 54
122 424
436 101
75 594
869 635
385 371
727 999
198 691
200 500
101 967
684 454
686 778
437 230
575 862
382 201
287 403
380 707
827 73
812 811
542 435
856 983
855 915
363 151
530 85
516 366
537 308
149 503
22 235
348 357
798 564
964 489
6 776
787 730
378 0
15 558
875 374
911 849
58 89
81 692
230 218
251 363
764 843
832 819
793 398
338 204
939 61
597 706
596 39
788 407
766 853
758 995
474 114
862 482
900 707
525 656
836 603
918 261
585 94
73 434
723 700
615 222
408 894
277 953
397 300
621 209
880 535
108 270
237 175
368 229
942 134
314 183
393 157
166 36
491 901
780 616
638 366
344 218
149 735
401 112
536 304
167 476
716 394
750 438
383 379
505 467
839 449
124 576
822 359
432 944
472 560
64 410
283 934
142 104
979 682
222 135
6 458
120 671
338 300
861 174
260 933
888 534
674 935
944 993
755 480
288 582
55 675
186 908
707 874
80 623
289 374
926 985
974 333
278 819
203 774
522 298
277 194
765 708
112 30
673 340
922 335
900 494
629 943
46 397
470 827
751 551
136 535
620 443
111 152
474 969
857 82
344 316
265 716
16 355
246 527
707 333
906 956
222 201
398 582
950 647
154 81
199 814
863 813
691 757
958 332
463 524
4 64
163 307
446 509
520 536
424 503
799 810
444 587
560 257
954 886
791 759
641 9
959 911
918 859
167 654
806 904
728 301
462 92
970 13
615 243
954 296
804 902
996 701
553 220
698 455
224 450
353 370
937 813
70 426
754 453
20 784
112 899
835 746
215 784
434 479
537 961
477 108
642 78
248 83
116 162
49 266
955 716
697 433
254 347
199 249
731 702
67 839
833 991
173 35
227 609
557 749
510 106
32 115
36 538
800 185
762 562
880 630
788 444
761 110
166 732
437 508
497 829
666 119
34 339
792 169
991 642
105 71
240 34
699 917
293 203
496 761
879 726
99 590
882 771
242 749
399 215
98 779
693 246
828 355
237 336
739 914
521 644
168 703
111 431
556 433
890 841
618 828
873 204
439 847
195 184
950 455
484 321
69 808
923 645
929 369
521 871
920 284
543 221
371 537
153 731
169 138
278 820
451 11
294 607
306 685
699 123
553 764
468 137
951 648
312 587
72 251
362 200
656 31
747 107
418 360
879 599
308 506
906 610
549 809
667 631
996 637
548 631
535 357
74 740
184 744
977 709
511 386
284 560
604 438
952 370
172 281
421 15
279 619
940 457
680 256
136 545
895 145
192 576
376 522
183 971
336 592
274 19
962 938
490 915
206 497
903 84
524 182
540 967
493 850
595 817
807 244
65 486
153 905
97 495
345 178
921 554
662 468
356 207
789 691
89 980
400 626
227 512
364 177
702 649
457 862
734 228
611 452
178 224
24 734
992 51
268 895
736 529
342 852
875 77
143 728
447 998
957 134
574 572
543 898
117 872
532 451
112 985
713 232
464 499
542 891
982 550
835 885
983 358
337 821
609 782
271 236
67 456
449 551
590 285
855 427
542 790
101 927
790 504
865 563
656 326
783 517
716 3
879 690
191 339
182 707
367 668
749 362
103 73
827 704
914 325
212 861
515 5
233 363
513 786
79 923
980 769
824 61
580 779
652 982
556 967
868 437
323 537
129 929
554 818
364 947
500 544
501 549
794 849
603 229
702 325
57 227
581 502
652 870
673 6
409 851
351 246
156 438
534 67
729 526
392 106
658 116
374 183
423 375
247 151
853 13
776 104
16 314
527 429
682 871
45 808
757 208
139 885
589 421
174 348
223 549
547 749
733 628
939 533
96 81
267 515
981 285
635 437
482 33
147 792
795 411
104 814
33 772
241 147
293 279
932 553
207 894
738 171
446 31
980 697
18 97
545 234
324 617
562 412
282 678
217 121
350 364
589 140
508 989
932 400
423 535
334 175
618 849
222 172
792 149
643 517
125 246
841 274
528 238
783 59
345 785
160 494
864 304
178 255
889 601
632 67
712 275
963 810
472 349
709 203
538 37
185 778
810 505
38 461
180 648
901 973
937 69
337 875
955 601
556 598
740 106
470 591
738 276
529 361
569 87
694 511
585 129
593 269
343 205
966 755
627 956
935 990
188 482
490 249
878 669
867 532
795 657
934 911
460 728
200 273
373 344
487 476
18 40
287 933
99 453
211 528
678 860
815 478
436 68
378 884
8 733
551 145
170 124
569 253
921 44
329 778
629 712
432 748
403 942
48 963
443 215
848 74
153 688
681 0
435 137
18 676
832 481
907 988
978 32
595 462
160 949
196 792
546 772
844 437
315 902
638 257
379 7
696 791
804 412
637 267
238 172
721259
2000
45360 498960 50400 55440 55440 665280 665280 720720 50400 498960 221760 50400 221760 720720 554400 110880 332640 332640 45360 720720 221760 45360 554400 50400 498960 50400 45360 332640 665280 332640 83160 110880 50400 221760 720720 83160 45360 55440 50400 166320 332640 665280 554400 55440 221760 332640 45360 554400 45360 720720 45360 110880 221760 277200 554400 277200 498960 221760 45360 498960 166320 50400 45360 720720 45360 554400 332640 110880 221760 332640 221760 332640 554400 277200 110880 665280 83160 110880 277200 221760 332640 720720 45360 110880 55440 221760 110880 50400 110880 332640 50400 110880 166320 332640 277200 498960 665280 277200 665280 498960 720720 332640 498960 50400 498960 277200 110880 277200 720720 221760 554400 55440 332640 554400 720720 498960 554400 221760 45360 110880 498960 166320 665280 166320 554400 55440 277200 83160 83160 665280 720720 720720 221760 665280 110880 166320 166320 45360 720720 55440 50400 110880 554400 55440 277200 720720 720720 45360 50400 554400 720720 50400 110880 332640 166320 665280 665280 83160 277200 554400 665280 50400 720720 554400 665280 554400 332640 665280 665280 83160 166320 110880 554400 55440 50400 221760 55440 50400 720720 221760 277200 166320 332640 50400 332640 665280 221760 277200 720720 665280 55440 45360 45360 55440 554400 55440 277200 277200 166320 332640 45360 720720 277200 50400 554400 50400 83160 498960 277200 83160 720720 720720 110880 45360 332640 166320 720720 332640 498960 50400 277200 498960 720720 50400 55440 45360 83160 554400 665280 332640 665280 45360 110880 221760 332640 554400 221760 110880 83160 55440 110880 166320 45360 50400 554400 332640 665280 55440 45360 110880 665280 221760 332640 110880 110880 221760 45360 332640 110880 45360 50400 166320 45360 45360 221760 166320 110880 554400 221760 498960 166320 166320 554400 50400 720720 332640 498960 45360 498960 166320 720720 554400 55440 498960 166320 720720 554400 110880 554400 83160 665280 665280 498960 498960 498960 665280 110880 720720 498960 277200 332640 277200 50400 50400 110880 665280 554400 665280 83160 720720 55440 498960 332640 665280 498960 277200 45360 55440 498960 166320 277200 110880 498960 554400 83160 55440 50400 110880 720720 332640 166320 110880 45360 45360 720720 665280 221760 554400 110880 55440 45360 55440 55440 498960 221760 83160 50400 50400 665280 720720 221760 277200 332640 720720 720720 45360 277200 110880 277200 498960 221760 277200 45360 554400 498960 720720 110880 498960 720720 166320 665280 83160 55440 110880 720720 110880 332640 554400 277200 498960 665280 221760 277200 665280 665280 665280 665280 332640 55440 720720 332640 45360 221760 50400 55440 554400 45360 277200 554400 55440 277200 50400 55440 720720 665280 554400 83160 665280 332640 45360 166320 166320 277200 665280 221760 221760 83160 332640 166320 110880 665280 498960 45360 720720 720720 45360 665280 45360 166320 498960 277200 83160 665280 221760 554400 277200 55440 55440 277200 221760 45360 665280 55440 50400 55440 221760 45360 55440 45360 277200 83160 166320 55440 665280 665280 665280 665280 277200 554400 110880 498960 83160 277200 332640 50400 554400 50400 45360 720720 110880 332640 665280 55440 83160 498960 166320 665280 554400 554400 554400 665280 277200 50400 665280 720720 498960 45360 55440 665280 55440 50400 221760 720720 83160 665280 277200 55440 498960 498960 665280 50400 83160 166320 332640 665280 110880 221760 277200 665280 45360 221760 554400 277200 221760 720720 498960 665280 45360 554400 221760 55440 50400 720720 720720 55440 498960 50400 332640 720720 665280 277200 45360 332640 110880 83160 55440 554400 221760 83160 498960 332640 554400 110880 277200 221760 498960 110880 332640 55440 166320 720720 50400 277200 55440 83160 720720 221760 332640 166320 665280 166320 554400 221760 498960 50400 83160 50400 498960 277200 110880 221760 665280 277200 50400 50400 83160 332640 554400 720720 45360 45360 720720 110880 332640 498960 50400 45360 166320 166320 665280 554400 50400 55440 554400 221760 110880 55440 110880 720720 221760 50400 554400 221760 110880 498960 221760 55440 110880 277200 83160 50400 110880 45360 50400 221760 498960 277200 55440 332640 45360 50400 277200 110880 277200 50400 277200 332640 55440 665280 332640 498960 83160 665280 554400 277200 720720 83160 83160 332640 45360 110880 498960 45360 55440 83160 498960 720720 110880 720720 110880 45360 665280 498960 83160 277200 221760 332640 221760 277200 720720 221760 45360 665280 720720 720720 277200 110880 720720 665280 554400 45360 554400 332640 332640 166320 83160 45360 665280 83160 55440 665280 277200 720720 55440 83160 498960 110880 221760 498960 55440 554400 166320 83160 665280 55440 498960 720720 110880 50400 83160 55440 83160 720720 110880 720720 720720 110880 498960 110880 498960 55440 277200 110880 45360 554400 332640 221760 498960 50400 221760 50400 55440 45360 498960 498960 110880 55440 665280 332640 277200 554400 83160 50400 554400 110880 55440 45360 221760 277200 83160 83160 50400 50400 720720 221760 277200 554400 45360 55440 221760 110880 221760 277200 221760 221760 221760 221760 221760 166320 277200 332640 554400 221760 332640 55440 50400 50400 720720 166320 166320 166320 83160 166320 498960 720720 55440 277200 277200 166320 45360 166320 50400 83160 110880 45360 720720 50400 498960 45360 665280 166320 720720 720720 50400 110880 277200 498960 166320 110880 665280 332640 166320 166320 554400 277200 332640 55440 50400 83160 50400 110880 221760 110880 55440 45360 45360 50400 166320 45360 498960 332640 110880 55440 110880 554400 665280 277200 50400 110880 166320 277200 83160 110880 45360 110880 277200 166320 665280 110880 166320 50400 166320 83160 55440 166320 83160 166320 720720 554400 665280 277200 221760 55440 55440 221760 83160 498960 166320 221760 45360 45360 45360 277200 277200 720720 110880 110880 50400 332640 665280 554400 720720 554400 50400 277200 277200 720720 665280 45360 720720 221760 332640 45360 277200 221760 665280 45360 83160 665280 50400 720720 665280 45360 50400 50400 50400 50400 83160 720720 277200 720720 166320 110880 665280 83160 498960 166320 83160 720720 277200 720720 277200 55440 277200 55440 554400 498960 45360 332640 221760 83160 166320 554400 221760 277200 277200 50400 498960 554400 720720 166320 665280 554400 720720 50400 50400 554400 55440 332640 665280 277200 554400 45360 554400 332640 720720 55440 498960 166320 166320 55440 277200 720720 720720 45360 45360 332640 221760 498960 277200 720720 277200 332640 498960 554400 50400 55440 221760 110880 498960 45360 50400 83160 55440 50400 665280 277200 55440 55440 332640 332640 277200 55440 50400 50400 720720 45360 221760 50400 50400 166320 720720 277200 45360 50400 554400 332640 554400 110880 665280 110880 110880 55440 277200 50400 554400 665280 110880 166320 332640 277200 166320 498960 277200 50400 55440 720720 110880 277200 665280 166320 720720 498960 55440 665280 277200 166320 55440 55440 83160 45360 221760 110880 55440 55440 55440 83160 498960 277200 221760 166320 166320 332640 332640 221760 50400 110880 554400 83160 221760 554400 277200 166320 50400 50400 55440 332640 554400 50400 110880 166320 55440 554400 720720 166320 277200 720720 554400 110880 720720 83160 55440 110880 110880 50400 45360 221760 277200 720720 277200 83160 50400 332640 110880 50400 166320 221760 277200 554400 45360 221760 720720 83160 498960 332640 50400 665280 665280 221760 720720 498960 665280 55440 50400 166320 50400 110880 554400 166320 665280 221760 332640 83160 332640 554400 166320 110880 55440 110880 55440 83160 720720 665280 55440 277200 221760 55440 277200 55440 720720 166320 166320 55440 277200 55440 83160 221760 221760 166320 277200 221760 166320 55440 45360 110880 665280 50400 110880 50400 55440 554400 83160 110880 110880 55440 166320 221760 498960 498960 554400 45360 110880 110880 50400 83160 45360 166320 332640 55440 498960 55440 554400 720720 332640 55440 110880 720720 55440 720720 50400 665280 720720 166320 498960 221760 83160 221760 110880 50400 50400 221760 83160 166320 55440 332640 83160 55440 720720 665280 45360 83160 110880 665280 498960 166320 277200 166320 720720 110880 110880 665280 332640 498960 50400 83160 554400 45360 50400 498960 221760 277200 166320 110880 45360 50400 554400 55440 166320 110880 83160 498960 45360 50400 332640 665280 498960 166320 45360 720720 277200 665280 221760 166320 110880 83160 221760 110880 83160 720720 665280 665280 55440 665280 55440 665280 665280 110880 277200 720720 166320 110880 498960 332640 720720 50400 166320 45360 221760 221760 45360 83160 45360 498960 50400 277200 83160 665280 221760 55440 45360 110880 50400 332640 221760 498960 332640 55440 554400 55440 332640 45360 55440 83160 277200 110880 554400 50400 50400 498960 166320 665280 332640 332640 110880 720720 665280 277200 50400 332640 332640 83160 277200 720720 277200 221760 45360 720720 277200 166320 45360 332640 554400 554400 55440 83160 221760 110880 110880 498960 277200 498960 166320 50400 45360 221760 277200 554400 277200 50400 554400 110880 277200 55440 332640 498960 221760 55440 720720 720720 83160 83160 277200 110880 221760 45360 50400 83160 554400 83160 720720 45360 110880 665280 166320 50400 110880 332640 45360 50400 332640 277200 332640 110880 166320 277200 277200 45360 110880 45360 110880 332640 55440 665280 110880 45360 277200 277200 277200 332640 221760 665280 498960 554400 720720 332640 277200 665280 554400 110880 498960 45360 720720 55440 166320 83160 110880 332640 50400 83160 55440 45360 332640 166320 498960 55440 498960 110880 221760 332640 50400 720720 277200 45360 277200 554400 110880 55440 332640 50400 55440 55440 332640 45360 110880 665280 110880 720720 332640 83160 221760 720720 720720 45360 665280 720720 221760 332640 55440 277200 221760 45360 554400 665280 554400 110880 277200 166320 45360 332640 45360 83160 665280 277200 277200 720720 110880 277200 83160 83160 277200 50400 221760 332640 45360 55440 277200 83160 720720 277200 332640 45360 45360 83160 83160 110880 554400 50400 83160 665280 554400 665280 554400 720720 110880 332640 166320 554400 110880 498960 665280 665280 221760 50400 55440 332640 221760 83160 665280 498960 498960 110880 332640 110880 221760 110880 83160 665280 498960 720720 50400 332640 332640 50400 55440 110880 166320 166320 277200 166320 498960 50400 221760 720720 277200 45360 83160 720720 498960 55440 221760 554400 83160 554400 665280 50400 83160 554400 221760 554400 50400 83160 45360 277200 332640 720720 665280 166320 221760 50400 665280 332640 498960 221760 554400 554400 720720 166320 498960 55440 166320 83160 221760 665280 554400 55440 221760 110880 665280 665280 720720 498960 498960 277200 45360 221760 332640 498960 45360 554400 55440 45360 83160 277200 45360 277200 277200 665280 83160 50400 50400 221760 50400 498960 720720 277200 720720 720720 277200 277200 221760 110880 55440 55440 498960 554400 83160 110880 665280 110880 166320 55440 166320 665280 50400 83160 55440 332640 55440 665280 83160 83160 110880 110880 498960 498960 50400 498960 55440 166320 83160 50400 665280 221760 83160 166320 166320 554400 665280 110880 166320 498960 665280 45360 50400 277200 50400 554400 332640 554400 55440 720720 665280 83160 45360 50400 332640 277200 166320 45360 665280 55440 110880 110880 332640 554400 277200 554400 166320 554400 110880 110880 166320 332640 554400 55440 50400 166320 498960 332640 166320 166320 83160 498960 332640 332640 720720 83160 221760 83160 110880 277200 221760 554400 665280 50400 45360 55440 665280 665280 554400 166320 498960 332640 55440 277200 50400 554400 45360 55440 166320 166320 332640 498960 498960 45360 83160 55440 166320 554400 332640 50400 665280 55440 83160 45360 55440 110880 498960 720720 277200 277200 665280 166320 665280 277200 498960 332640 110880 50400 277200 166320 50400 277200 720720 50400 720720 332640 110880 83160 221760 221760 110880 45360 45360 221760 720720 110880 221760 665280 45360 720720 277200 277200 166320 277200 665280 166320 45360 221760 50400 55440 110880 498960 332640 50400 498960 277200 83160 55440 498960 332640 166320 221760 498960 166320 166320 83160 55440 665280 166320 277200 221760 554400 498960 83160 554400 720720 50400 50400 498960 720720 221760 55440 332640 277200 277200 50400 277200 720720 45360 277200 332640 332640 45360 277200 665280 83160 166320 50400 110880 50400 166320 83160 45360 221760 166320 498960 720720 221760 498960 45360 50400 45360 221760 55440 277200 221760 554400 83160 720720 277200 83160 498960 221760 277200 554400 221760 720720 498960 83160 554400 166320 50400 166320 110880 720720 83160 83160 720720 83160 110880 498960 55440 498960 45360 55440 221760 498960 45360 166320 221760 45360 45360 221760 554400 166320 55440 45360 110880 332640 50400 83160 554400 498960 332640 50400 554400 83160 110880 720720 83160 166320 665280 45360 277200 83160 166320 221760 55440 83160 166320 83160 332640 166320 110880 332640 166320 665280 277200 166320 166320 50400 83160 221760 166320 554400 45360 554400 498960 55440 665280 221760 221760 720720 166320 55440 498960 166320 221760 166320 332640 83160 720720 45360 50400 110880 221760 498960 55440 720720 498960 277200 720720 665280 50400 50400 221760 55440 277200 498960 110880 665280 554400 498960 166320 277200 50400 166320 665280 332640 665280 720720 55440 45360 277200 332640 720720 277200 720720 110880 50400 498960 665280 665280 332640 83160 498960 720720 55440 55440 665280 55440 332640 332640 332640 110880 221760 55440 110880 498960
72 1382
1933 664
1769 926
1471 652
1432 1199
228 608
1500 1446
1667 394
1299 1598
1518 1843
1254 900
1445 1440
1491 502
443 481
1727 1148
1621 1651
1785 217
1641 455
1407 1013
453 75
1530 246
1833 51
1866 1554
1993 1186
124 1563
1256 1913
1974 173
1488 1898
167 727
1724 352
387 1657
1225 365
997 599
1840 549
1948 503
184 1383
1172 1882
1260 1867
1885 1817
1283 1895
338 707
1926 176
553 353
211 1868
643 1398
1146 1225
947 1760
808 245
1911 1261
1121 1531
1818 119
1353 1517
1277 1604
897 1007
1111 1664
1516 364
339 570
107 1861
1715 1347
1266 300
269 1147
1145 492
144 546
1823 1710
46 1042
95 1317
930 1931
1749 1314
1785 604
1626 312
309 1853
1180 1316
1333 1683
64 785
96 1392
1669 932
559 1555
1234 1712
866 1262
1198 1793
463 1588
1981 505
513 1535
471 1563
1681 1418
1671 1731
57 1049
956 1292
882 1753
1795 265
1992 1897
1662 144
411 316
538 1513
853 759
1133 36
477 1586
539 1722
645 1187
79 963
226 810
662 433
1063 176
1505 1451
187 852
1875 401
1935 529
948 1024
1161 1655
542 684
697 769
1753 1339
610 89
1788 1059
1427 333
69 1658
1619 542
482 389
1118 1020
1170 117
1780 635
1903 1870
1877 1504
1081 43
937 802
1427 1514
814 1789
1365 843
1873 1848
1899 583
115 849
1470 858
1783 1395
1748 1376
280 366
881 716
293 1201
776 1177
1118 203
597 1645
479 257
1991 138
976 1939
397 718
1837 1285
1577 615
1560 146
614 1240
1309 295
1480 106
1857 290
767 1328
1459 1052
873 1647
773 517
157 452
59 758
342 1112
778 762
328 141
1307 803
946 464
1385 713
131 573
230 1067
1980 1386
877 1334
276 881
1122 1196
1362 1052
945 661
1152 1289
1366 753
1557 1725
648 1564
1270 533
101 1147
1812 1069
741 1029
846 586
871 222
632 466
181 734
451 578
1640 372
155 1459
94 1913
584 1027
1800 1243
575 1472
1556 823
1320 679
1575 128
1096 229
15 1650
1656 1960
38 480
660 673
829 6
1743 1956
1502 1281
198 1599
1221 757
232 134
899 684
1538 294
930 1869
1675 1102
1737 836
120 1687
1973 422
1029 1864
1677 894
409 1094
756 1173
890 447
242 1661
8 523
838 1000
1495 878
1790 573
1888 1602
1182 1186
540 1431
1809 1826
769 1011
489 498
1711 270
1822 1263
310 1852
714 1053
1326 546
677 1659
1598 812
1744 1077
1792 634
1935 783
1104 1444
1434 802
1848 1073
695 1590
1188 941
1176 1508
820 1192
1778 1801
1952 1973
120 60
1120 835
99 1732
151 338
194 761
1949 1150
999 1422
1289 84
323 1153
1404 132
447 267
1545 1216
900 1946
1809 384
376 909
1911 621
1706 1218
391 1937
406 1145
885 1193
1265 467
1697 609
811 455
461 1653
875 1252
1000 1280
349 1970
757 1426
225 630
1015 1042
44 252
200 715
1064 1883
1457 25
798 1525
530 271
1451 1922
1569 1480
1305 902
484 1116
1436 1235
1297 1327
723 1224
153 1658
838 428
159 1054
1856 1359
1180 933
1507 1834
615 672
1265 1275
551 886
1746 1934
1216 1249
592 1381
579 1891
1478 1593
1303 1022
846 1194
794 700
791 32
35 1286
943 986
1039 916
1368 232
1866 95
1721 555
1833 1219
1050 1268
850 533
303 1851
453 771
1365 855
100 1858
1812 302
483 1239
1067 1335
1114 960
1013 213
1288 747
58 1212
742 674
290 565
854 925
1513 1829
960 1623
1954 1165
1757 933
1131 1695
1165 842
163 907
409 1756
893 426
1597 527
166 1420
1483 1912
804 1489
323 1948
1793 766
1936 1978
1771 1344
1570 494
1151 1548
668 1310
1061 616
153 20
1138 1304
1849 399
1763 833
1103 1050
396 1156
1663 1434
1063 1574
1461 514
876 709
738 880
617 19
387 87
1832 500
393 192
910 383
324 1389
1534 1241
1840 1511
1412 664
328 1636
1624 1770
812 1770
1795 554
164 364
656 971
240 468
1338 569
1856 279
355 941
982 1149
1510 1266
462 1523
739 1873
990 1728
1078 1441
412 1695
1359 1801
320 430
1988 1251
1167 646
1580 354
1157 544
1293 1914
41 443
1331 613
177 840
93 1543
1983 708
1354 967
531 903
821 1692
553 1589
68 647
1097 1962
665 1345
1099 949
1348 821
1964 1773
924 997
1241 1321
174 733
796 299
1343 1061
722 1488
1155 94
1622 1337
1033 1645
384 1660
470 342
1986 1237
324 1326
623 1211
1342 400
177 1101
952 1565
633 1202
1089 905
273 77
883 1619
268 1275
14 336
1751 1776
1287 879
1314 768
859 1887
970 1512
123 784
1278 777
1714 340
1373 666
1689 1953
1310 1250
1419 865
1166 1705
1074 1377
1325 1620
118 1685
482 1273
1916 1286
1638 1439
1315 600
1095 982
810 297
1012 18
507 822
523 1120
805 718
589 1117
415 1985
979 1108
1376 180
1583 275
963 696
1527 495
1055 325
1021 1694
367 1136
1212 603
1869 502
799 339
1860 1394
142 330
169 106
1711 1143
1233 1830
249 341
1476 1982
29 1896
800 1779
107 1464
1841 1471
254 1738
235 444
395 634
1179 470
490 1863
307 1032
1227 1002
307 247
310 832
1810 894
20 1696
1271 1787
86 1036
1346 1998
1541 1049
37 1378
1996 1433
44 1551
779 1226
641 392
499 1759
818 239
1767 740
547 382
63 1587
1846 1264
572 209
1674 1071
772 836
1797 422
801 587
764 1090
266 1901
1269 1424
71 1201
231 1493
1729 861
1031 21
1731 1858
1017 682
1242 1127
281 1814
465 1087
436 667
1921 55
837 1675
1581 1699
1324 1718
1248 1129
345 1508
1927 1355
1363 183
332 486
1283 947
1008 1244
3 1933
1312 891
449 1610
190 1492
886 628
261 1084
1985 280
1531 102
400 877
210 958
477 1917
1715 964
1966 188
424 497
1521 508
619 256
1752 1556
1585 437
538 435
848 1755
473 597
1247 1953
1075 145
1886 133
1417 768
1912 765
725 1290
491 705
1302 1065
656 791
992 1185
537 1683
1875 695
1344 1843
25 1054
335 1447
1958 1246
1578 1340
1303 438
490 1592
1238 1460
1125 1164
1393 89
73 1763
576 988
1332 47
589 1669
859 554
1334 1130
1168 735
437 485
1325 763
1641 1546
1971 1100
109 1550
332 216
940 1428
1210 937
1246 525
1062 175
452 1134
273 297
1409 819
955 175
442 1349
9 1594
513 356
1772 1549
562 1511
1311 1209
1687 403
843 1233
1456 1959
606 1443
1734 86
1213 1085
1677 1330
169 645
359 598
1463 407
1937 371
1616 1553
794 1639
671 1465
977 1739
1218 651
669 1769
1846 1765
1399 1941
792 1206
1453 774
150 486
1995 1757
1628 1616
179 1269
1607 1332
529 1236
83 1838
1522 287
1606 738
1668 1637
12 1977
585 168
30 1475
1527 405
441 1336
1009 76
13 980
760 1409
1701 913
1909 1676
961 1628
815 1743
1148 1458
895 1582
860 833
1222 1386
1945 876
729 1777
1778 763
1717 1693
1768 526
1490 1132
1033 318
491 350
1490 1947
639 1161
841 1603
707 717
404 1816
657 1797
2 854
1932 1280
475 1930
82 378
1874 1423
1709 628
1100 456
1327 1553
8 7
1625 1914
1372 1968
1497 1876
1136 1350
326 1258
1992 392
85 1792
31 139
1727 832
1468 65
993 1673
1487 442
606 1656
1614 1110
345 1613
1918 1473
911 172
188 1861
1370 180
917 318
1115 1612
1090 1910
1707 1493
593 27
851 1926
1433 1293
304 1149
1495 1879
1940 888
1741 1197
659 1012
1588 268
1576 121
346 423
1839 595
1851 629
1333 17
1456 1340
1447 1786
1156 714
1988 202
824 862
887 1574
749 1396
1182 1803
583 767
1091 291
868 1466
1175 1670
1774 1462
1576 959
1872 893
878 680
504 1533
1375 1857
1028 331
1573 1107
1879 1686
969 1267
1083 798
676 556
300 1030
160 1780
1372 1688
23 113
934 1957
887 649
1896 1698
1341 165
369 1519
1080 1962
1058 1440
732 1760
938 1083
571 1139
1892 1929
1479 965
162 627
1777 111
596 1400
239 771
1037 1841
863 1643
575 1685
284 55
1546 366
1115 618
1999 1622
1190 1413
728 1854
1723 80
1158 408
74 1364
823 1138
989 825
1949 988
431 63
1313 1276
1441 427
212 478
219 728
532 874
2 1250
1322 1455
733 1155
1301 1184
1296 1298
227 1782
1922 1213
885 498
412 376
1492 1735
509 78
172 1699
3 1781
1378 5
1045 1543
545 1703
1055 1468
199 195
1397 85
943 609
125 1724
1786 748
487 493
1128 1219
1454 1997
1609 1357
192 940
459 377
552 1426
1489 536
1852 1952
975 1322
358 1960
602 208
1970 1847
1487 746
256 1682
1629 831
1938 522
375 772
350 1410
1595 827
277 1605
685 13
1223 1982
414 745
1152 1405
558 1295
1153 601
509 1259
1925 1373
66 50
138 1659
551 1078
1867 535
1323 559
1506 1255
1884 1577
1816 1894
1596 1089
34 233
425 448
191 686
549 427
1311 744
855 803
540 912
1670 590
489 237
616 139
1601 588
1562 186
45 582
1712 24
1452 207
895 57
1956 0
61 234
1747 1315
1026 1744
1885 1287
668 1586
1859 67
1066 826
852 39
608 467
1300 145
49 1825
92 436
868 515
521 994
1623 834
1290 156
1804 1005
238 1611
473 309
9 19
1143 1460
1114 950
26 1806
320 1916
441 475
1826 1542
1205 91
70 24
1704 11
16 103
1854 1559
1023 1295
292 270
991 944
1281 1421
1842 294
1865 419
526 15
874 1174
625 1781
179 1682
65 1730
972 884
359 1871
71 1584
975 1079
560 62
1600 1902
756 1412
1524 1486
1195 1413
1358 343
820 72
1694 1613
1864 255
165 1799
1910 571
1005 1299
675 130
1107 1965
1573 978
1197 1276
1448 755
1137 706
862 396
879 788
604 110
1350 1876
88 186
1458 1657
1110 1254
1878 516
67 459
620 42
1358 49
291 1220
334 1835
678 1183
1247 1099
1773 1740
60 946
1845 1010
1692 52
985 1084
1964 357
1894 1652
541 313
1564 501
786 368
41 789
1163 1474
753 1003
623 4
1273 226
700 996
1678 1983
1772 378
687 1381
1060 1109
278 759
1106 580
353 1231
416 1497
1943 368
1467 945
1967 199
704 953
1383 112
1294 369
796 211
971 1128
1034 184
955 1316
379 989
970 56
317 1017
1571 816
1496 1882
337 925
1883 1188
230 1047
466 1203
1754 1594
1701 1718
1467 1025
1768 27
1756 919
97 1750
1082 596
1994 1905
281 524
1442 1384
206 715
51 319
1142 260
133 1391
1007 298
856 1720
1144 134
1491 590
225 1671
1808 152
114 918
518 484
121 1906
611 468
1794 312
1116 373
586 593
1170 227
1690 1251
241 1814
1272 1636
1245 1579
1399 1509
1664 1166
68 1790
1572 1735
1185 166
1849 1008
870 1537
1360 182
1377 1485
850 1484
1162 1839
97 16
1018 995
288 847
385 1517
1844 980
1863 677
1486 1575
1397 631
1748 622
108 404
856 296
1604 76
152 1610
1666 561
1043 1068
1901 1346
1688 1181
1024 723
569 805
445 743
124 402
1313 390
1515 1931
557 560
356 178
1889 1009
653 282
476 34
1098 740
979 1003
1944 1370
928 116
1505 306
528 1558
1929 574
1477 866
678 439
681 904
920 1103
813 1617
1607 1499
362 131
464 954
244 1387
1549 535
1603 1297
1938 999
512 78
1291 335
547 708
58 1288
1640 45
770 1590
1253 647
102 1750
751 1019
793 806
1880 953
790 1774
1046 903
1634 831
1137 658
599 928
665 532
1700 851
872 252
908 283
1408 393
1762 587
522 1824
1601 243
251 579
624 539
873 1002
370 1775
788 200
196 23
912 644
951 750
116 1820
1420 735
1942 627
1301 1051
921 1967
1307 158
633 53
837 1178
1466 14
750 626
754 936
1255 1746
1630 497
347 1352
149 1570
1167 765
929 572
1449 1808
370 787
6 262
1569 1369
1519 351
1897 994
1160 92
1198 1798
1703 1696
1108 1248
1726 266
911 524
1189 1239
1400 1782
159 0
221 1539
996 1794
1442 1667
712 1749
1282 162
1609 719
514 935
1676 1523
774 1227
1907 655
703 923
1766 197
267 1654
1542 1096
421 1660
1481 1450
783 964
1566 155
1993 1662
1176 1308
581 745
972 567
1088 762
1337 1557
922 1272
650 889
563 1942
1766 1474
1361 255
1783 344
1859 1398
949 440
81 1691
1403 1723
636 221
1561 1324
780 1126
504 635
713 1815
1955 1702
1921 301
1415 1448
1424 1652
360 1608
1092 1925
46 1827
432 140
671 1501
780 79
62 790
314 460
1105 984
1779 478
1719 1807
1975 904
1532 1065
1678 413
692 173
1257 1388
1945 432
215 1654
1444 830
869 308
395 1135
21 40
1062 1990
416 1345
1771 1159
1368 1832
1532 130
1069 871
1113 1087
223 585
1140 1
1545 143
1900 651
440 1207
411 389
617 1229
1130 391
374 216
515 663
1040 122
495 17
483 450
1252 1214
1624 334
826 570
1183 693
1093 103
984 304
109 612
355 1737
612 907
518 1190
1579 1649
1363 1984
1270 944
1732 283
574 1805
959 1518
906 931
891 1824
379 1075
1704 1991
528 1415
1620 875
380 1126
981 1046
408 1591
516 1725
1203 957
1739 557
360 1001
1423 1547
330 1706
53 1738
1298 839
140 1173
578 373
706 1079
870 1076
1204 1644
40 1606
1171 1035
1541 1044
1438 352
1969 170
1653 321
922 1453
1072 1626
113 795
998 195
1285 752
1429 212
1684 1986
726 1529
814 1961
289 1818
773 1341
1951 555
420 755
1162 104
1943 1776
1335 1245
726 1822
1496 341
1181 1031
439 1430
421 1260
1830 1037
699 1887
1614 30
278 326
927 958
1615 1214
458 690
1390 357
1534 1759
642 1631
1112 1853
603 87
935 825
939 1070
898 10
607 1101
1014 288
36 601
1501 1831
915 1944
258 1648
898 1228
456 1877
1987 1521
272 1995
154 991
1503 594
480 942
1057 817
367 492
1058 1351
1406 1082
543 428
968 1274
1379 1907
31 295
1355 1141
203 680
766 632
240 976
806 892
730 1504
1592 90
248 331
1414 1821
457 1231
375 90
607 1680
327 631
1144 908
1961 1499
1502 22
1129 415
1649 1872
33 1464
741 594
646 1038
748 1134
1811 828
1342 1109
1382 829
213 552
224 848
1494 1526
189 1920
1893 1268
1618 698
298 1443
1634 1093
77 1036
722 1367
927 541
1506 205
263 661
818 761
764 1086
451 1924
1775 1990
507 1361
286 1810
1862 710
1680 1080
1331 580
685 38
1291 1837
1927 1639
1416 1319
530 1540
1347 114
374 1015
1646 1900
844 1836
1932 388
727 196
363 1157
126 544
1977 1023
1605 32
797 1267
642 269
1784 1428
1968 1237
1208 1989
746 1705
1928 1828
1200 156
1319 1369
1835 1004
1515 863
537 98
1729 1312
241 667
787 1357
1215 327
1391 1538
506 234
1437 629
576 303
75 527
1828 454
1306 1758
1271 1838
902 1946
263 1482
1528 98
1437 1051
734 1966
807 12
257 699
938 1060
1278 208
1975 1353
1817 1405
742 488
1222 986
1719 1787
896 1113
845 201
185 430
676 1562
1665 969
1204 1027
1304 308
465 1625
1734 909
901 1651
1767 1318
1522 1918
1430 1558
1630 1596
1032 657
238 1881
496 313
245 1360
1429 815
1726 434
703 1672
161 193
675 413
1965 1820
828 118
1191 1189
414 721
1236 957
136 4
809 129
1469 781
1709 1072
1223 1796
653 262
317 426
1974 910
423 966
914 732
1077 1597
174 158
1761 1352
1566 1006
921 1673
218 1200
348 1998
1672 99
136 1323
1469 1648
639 1226
1893 1257
111 462
314 1224
1627 1395
1498 472
1551 28
1514 1445
770 1642
261 948
888 1697
1421 1164
731 1941
52 1150
1387 1788
1728 1085
1638 43
1455 446
1279 845
69 1581
7 293
48 548
655 1602
786 638
1472 1068
1668 906
883 508
804 115
88 792
1154 137
795 1813
710 1095
377 1890
987 1996
562 279
973 565
564 1461
1135 1179
1632 1631
824 1969
1509 406
1745 1674
259 670
1764 205
329 1194
1552 567
358 1585
834 485
1976 564
1396 744
132 1730
206 361
1463 418
799 1091
1119 265
841 1565
1650 1997
1963 1121
1168 471
730 683
510 59
128 1615
1963 1747
361 1661
1754 1679
679 1022
1317 1131
1151 605
371 302
697 884
1690 1417
536 276
222 1591
1621 1870
899 463
1559 1044
362 1802
1240 1172
204 1612
842 1132
977 1418
978 1249
1578 1827
548 1043
652 351
494 951
333 1762
1104 1811
135 1716
1947 264
171 499
1934 849
1617 519
1208 372
1529 1284
621 429
973 349
1178 784
987 1228
390 1294
1989 1432
1425 929
254 1647
160 1567
1700 1207
1646 800
311 822
1999 1348
1940 682
1402 316
724 1829
1844 1923
1479 182
1393 493
348 872
1064 1994
1892 1419
287 1850
64 566
1184 163
74 1530
481 1552
1789 1094
1899 237
683 610
1380 146
1503 1349
1850 185
223 1010
801 689
1691 187
1950 701
1485 438
1736 641
819 864
1890 813
934 154
775 496
1815 550
939 258
1446 91
151 148
600 101
472 701
1924 337
624 1367
968 659
454 398
1919 501
181 724
1791 950
47 142
1258 434
435 1019
974 1871
1589 264
1230 1980
1004 1693
433 1633
1154 1053
566 11
1038 918
716 781
1548 1074
517 218
709 1600
1174 1568
1070 687
952 1595
558 271
305 1125
1202 613
1436 853
198 992
1583 1006
81 319
104 1708
299 1146
1039 776
1 1740
1205 588
1411 1028
1309 1959
827 736
108 719
1435 965
966 322
249 347
1330 1106
592 844
161 688
1282 847
865 1635
296 236
1550 127
66 386
405 1865
35 244
1452 1308
1098 1384
1888 42
1802 93
644 1526
779 1406
1092 1698
1119 1102
626 1123
157 1804
1981 630
1305 1643
839 916
1898 247
1805 285
1111 1845
1798 1401
1407 662
340 425
147 693
1073 1217
305 1555
194 1642
782 1124
510 363
1354 277
1713 1465
1498 346
1978 1056
689 1761
1954 137
410 1385
712 1855
123 178
956 474
1404 1860
743 637
201 654
500 1536
932 48
1751 993
1356 1955
625 220
1071 793
1539 990
1906 758
1928 605
1561 246
5 620
336 135
286 534
315 105
816 983
253 224
1580 1259
545 1206
698 1230
889 1389
1105 1356
1088 1799
739 519
694 219
410 1209
731 1371
1758 577
754 1261
556 285
1081 1066
1560 807
1902 148
1819 488
1478 301
1717 1568
1086 487
638 550
1318 1021
1048 1263
1684 243
272 306
649 260
1878 926
1895 913
1627 702
1041 476
1535 1629
1689 197
892 1040
782 1127
220 1632
1242 1277
80 1292
311 1536
534 924
275 1351
880 1524
54 747
381 691
882 577
1714 1721
1599 1016
282 171
1011 448
835 1047
183 1177
1462 1262
1915 228
193 1390
920 1175
1742 967
1215 1364
1001 1733
511 777
418 1139
1435 1886
1211 84
215 1823
321 1904
1702 1800
28 1584
457 1243
398 403
688 905
1041 1338
119 1048
1366 1836
1803 720
808 1547
1343 563
380 1972
235 189
619 1958
1635 1784
1122 614
1972 315
105 1806
595 729
643 561
864 1059
789 1450
1416 96
469 919
1494 1160
543 1720
840 1449
1755 1663
654 983
354 636
1520 811
581 73
917 419
897 591
1169 56
1862 985
1587 458
1192 1284
1904 1142
867 191
1979 860
126 420
214 1855
1842 737
1336 1874
1374 1923
1018 1708
1713 1159
681 1238
1410 778
18 705
1300 1939
460 1655
1133 292
954 901
1971 1765
1905 1045
1736 711
1796 214
704 1374
1191 1016
150 149
1210 1187
506 584
1516 1431
112 229
658 720
122 1141
1544 1379
322 1221
1026 942
207 325
386 1525
1475 39
749 70
209 998
1891 1140
1329 1500
167 785
1306 503
168 1537
1470 1020
217 1919
1025 1917
702 1232
248 1528
1362 479
1339 231
449 1733
1481 1477
1889 399
611 83
29 1950
388 1976
1665 809
962 1403
117 1847
669 568
1375 1279
1057 505
858 1296
1402 521
915 1256
890 760
622 1831
445 936
1572 1193
797 737
618 1868
830 640
1380 591
1710 444
329 110
1321 1220
402 204
147 1764
1163 1097
210 1633
1217 1979
1030 242
1644 1512
1987 1244
1637 531
1014 450
1320 1117
1742 1196
1984 381
100 725
1158 817
512 1571
1483 1476
694 1454
33 525
1473 736
1394 1554
401 1819
981 598
365 1593
691 861
1329 711
520 236
22 1533
446 1611
343 692
640 1909
164 1618
568 1034
461 429
1582 1807
289 1752
233 686
141 1169
1076 250
1920 1681
1056 961
274 660
202 1903
1741 1745
1425 974
721 663
82 673
520 896
1951 259
1608 170
648 1915
1171 1123
1439 474
1821 962
1791 1686
1401 1199
666 1264
1484 1392
61 696
670 1274
995 672
1540 1035
1908 274
1908 1414
1438 431
10 869
1510 1520
914 26
382 1707
857 190
284 1936
931 1124
417 1716
253 1880
582 1232
1679 602
1371 143
650 1482
1457 717
397 1195
923 857
1930 867
637 407
1834 690
1567 1884
1722 251
385 1957
1302 125
1234 752
1411 469
394 674
1813 751
129 775
50 127
1544 1408
1235 417
344 37
1253 1422
54 1328
1881 1825
1388 511
1666 383
1229 250
5037480
