9
7
256711 19747 67431 1001 741 91091 13
3 5
2 4
5 6
1 5
0 1
2 0
19747
15
51425 3003 133705 174845 102245 117975 715 825825 5 429429 117975 589875 30855 117975 71995
14 2
1 9
10 11
13 4
13 11
8 11
2 6
7 14
5 7
4 9
0 3
12 3
12 10
0 5
235950
31
798 444528 485100 155610 152460 106722 485100 42 485100 533610 22050 762300 32340 694260 152460 108900 97020 1995 57330 213444 97020 213444 16530 418950 1170 242550 161700 762300 97020 814968 1365
6 16
20 6
11 28
18 30
9 27
29 1
8 23
2 10
1 24
20 19
25 10
7 1
29 19
0 3
25 26
2 8
17 23
15 4
3 24
14 27
12 26
22 13
16 18
5 12
13 29
15 11
14 21
28 1
5 9
4 21
485100
62
110880 332640 221760 110880 45360 554400 83160 221760 720720 45360 55440 665280 277200 277200 50400 110880 498960 665280 55440 50400 221760 221760 221760 55440 554400 554400 277200 166320 665280 166320 720720 45360 110880 83160 665280 50400 665280 55440 83160 720720 166320 166320 50400 221760 110880 55440 55440 110880 554400 50400 498960 45360 50400 332640 45360 554400 83160 665280 554400 83160 720720 55440
15 58
35 54
14 11
55 0
39 17
9 26
3 35
53 24
9 21
27 10
61 16
55 56
43 54
20 7
6 2
14 38
53 40
15 23
17 49
14 49
37 0
19 42
18 45
38 60
4 40
12 18
9 44
4 10
9 28
15 1
48 12
45 35
22 18
43 2
7 46
13 10
46 2
48 32
4 25
17 37
31 37
58 17
30 36
51 44
55 36
33 8
5 57
12 52
27 5
17 8
47 19
59 47
34 7
18 50
61 51
4 29
12 41
54 25
14 47
56 16
16 2
443520
125
166320 50400 55440 665280 277200 720720 332640 221760 83160 83160 665280 277200 55440 110880 498960 166320 720720 83160 55440 83160 554400 277200 221760 110880 50400 110880 554400 277200 332640 83160 83160 498960 720720 332640 332640 45360 55440 332640 665280 720720 166320 332640 498960 720720 332640 277200 45360 83160 110880 55440 50400 45360 277200 45360 221760 665280 665280 554400 221760 221760 498960 83160 221760 665280 50400 498960 221760 50400 55440 554400 166320 277200 110880 45360 45360 45360 277200 50400 665280 720720 83160 166320 498960 332640 554400 665280 83160 498960 332640 110880 50400 50400 665280 45360 110880 665280 50400 110880 720720 665280 720720 45360 50400 665280 166320 166320 554400 166320 166320 83160 554400 83160 720720 83160 45360 332640 50400 83160 45360 277200 720720 498960 45360 45360 554400
84 57
54 107
9 5
18 51
54 91
85 52
59 95
56 10
69 97
115 56
114 45
13 111
67 69
32 67
34 7
62 32
15 77
101 28
85 59
49 52
86 13
64 55
51 123
93 61
6 89
15 26
89 124
67 10
65 42
72 108
44 77
64 14
113 46
71 27
80 97
111 102
84 104
64 81
53 6
105 106
19 99
107 83
1 35
70 40
60 98
103 121
119 58
20 85
8 24
111 43
60 22
106 88
34 77
17 1
47 6
78 21
29 87
28 90
39 113
50 31
94 72
29 61
75 66
76 106
67 3
12 88
84 79
39 116
33 8
88 116
74 57
84 114
110 19
122 23
28 57
37 69
0 32
73 50
122 67
16 21
6 112
8 77
89 19
27 118
41 104
73 111
52 82
2 19
118 5
115 42
115 75
107 99
32 100
43 97
95 119
59 109
101 1
63 82
79 44
18 61
27 23
119 108
48 118
36 121
117 39
68 7
40 77
44 113
26 121
21 7
61 73
59 30
54 22
50 11
14 72
112 120
118 105
122 96
48 72
31 4
47 10
45 25
92 84
52 38
720720
250
589050 196350 107100 696150 708050 34650 621075 6825 20475 95550 41650 546975 242550 696150 823650 696150 53550 303450 242550 525525 11900 696150 11025 374850 749700 485100 124950 182070 40950 7350 606900 60690 464100 249900 137445 2450 3150 392700 889350 357 77350 1470 3570 53550 22050 62475 232050 35700 687225 232050 62730 668525 3675 910350 286650 60690 187425 374850 121275 303450 11900 62475 124950 58905 43350 95550 303450 121380 294525 242550 589050 150150 17850 812175 11025 249900 25025 11172 49725 306075 4550 485100 187425 657475 80850 485100 812175 40950 98175 124950 95550 139650 50575 7650 127050 143325 17850 485100 621075 249900 80850 127050 455175 374850 8925 80850 330225 303450 348075 687225 49725 150150 242550 62475 177450 5950 41650 2205 354025 374850 458150 485100 121275 394485 364650 55860 22050 95550 225225 32725 50575 22050 5610 22050 771750 53550 573300 80850 46410 424830 242550 124950 354025 9690 485100 464100 3150 107100 242550 286650 7350 40425 62475 589050 485100 85085 47775 6300 80850 232050 22050 151725 44100 589050 95550 177450 62475 418950 374850 81900 556325 812175 7350 154350 696150 606900 485100 242550 286650 62475 242550 242550 374850 124950 116025 7735 1785 348075 124950 53550 81900 151725 812175 98175 294525 53550 80850 525 749700 62475 81900 749700 44100 187425 105 330225 53550 286650 661500 242550 40590 771750 232050 62475 187425 225225 195 62475 187425 286650 639975 270725 80850 589050 154700 348075 80850 151725 348075 53550 80850 708050 15925 374850 762300 266175 107100 196350 44100 196350 124950 80850 44100 286650 253575 77350 974610 249900 974610 121380
11 191
203 135
123 42
50 210
211 131
4 89
236 2
26 201
171 65
243 162
20 59
214 105
191 104
190 147
122 48
35 127
40 231
16 93
36 108
150 141
158 34
50 106
104 195
202 169
188 9
40 7
103 82
54 44
197 184
56 21
100 38
212 15
215 110
181 237
195 198
190 32
170 48
78 3
184 246
221 227
159 123
176 144
23 46
109 223
169 124
97 189
3 24
81 112
103 133
125 247
1 234
242 119
160 121
51 124
72 249
13 73
55 116
72 148
139 249
75 201
141 166
131 158
75 10
88 10
41 246
208 204
71 129
140 44
6 98
231 192
24 65
22 179
25 226
235 86
113 26
183 30
58 177
125 77
107 64
166 232
224 145
55 27
45 167
35 151
142 118
85 238
25 70
136 162
242 144
128 11
194 171
49 64
137 164
47 239
209 61
149 127
106 205
244 220
165 114
120 222
73 45
213 134
230 20
9 192
84 38
90 200
68 203
170 237
159 157
14 129
146 208
23 133
52 211
228 110
163 12
207 87
66 53
132 155
62 247
86 179
200 5
28 71
235 216
8 243
186 17
135 13
52 91
39 34
220 79
74 199
168 36
4 139
130 83
187 108
63 117
218 233
132 145
29 176
154 233
27 248
245 46
178 228
15 18
0 63
137 19
236 174
57 182
53 175
187 8
60 100
148 101
134 76
140 18
79 239
217 130
122 218
227 161
119 59
120 118
115 240
98 95
69 154
80 111
155 232
6 19
29 156
1 199
61 142
31 152
182 16
115 224
32 245
214 188
102 225
207 136
78 206
17 30
138 92
102 168
74 241
163 153
197 219
213 109
105 241
196 37
177 238
210 68
156 49
230 180
116 172
221 164
51 76
157 149
172 12
175 60
67 107
173 7
33 66
42 99
248 138
70 189
173 96
205 193
21 87
178 202
161 92
194 88
95 89
14 143
152 43
208 126
117 128
54 165
222 82
212 211
33 198
96 43
99 229
234 121
81 97
151 215
174 225
185 83
180 47
183 41
112 111
2 223
153 209
22 84
5 181
173 77
91 167
126 69
67 31
150 58
37 147
193 226
160 217
56 28
229 93
146 196
90 80
0 134
62 113
240 206
114 219
85 94
244 57
101 94
621075
500
354025 79135 62475 8925 54910 50575 79475 960925 303450 348075 424830 715275 274550 8925 960925 62475 151725 229075 17290 812175 823650 162435 303450 101150 88725 354025 137445 116025 27455 45815 812175 812175 556325 192185 124950 357 62475 850850 162435 15925 19635 187425 151725 576555 218790 354025 98175 425425 62475 187425 23205 107100 348075 359975 143325 734825 812175 207025 187850 229075 62475 10829 151725 524535 510510 17850 80850 60690 30345 62475 16170 229075 141610 576555 222530 36890 192185 229075 8925 146965 151725 270725 175175 65450 95550 1785 91035 232050 137275 111265 65450 130900 812175 229075 111265 66759 242550 215985 303450 242550 212415 111265 212415 60690 595595 2975 916300 121275 11305 196350 80850 95550 202300 303450 281775 8925 92950 101150 708050 13475 41650 595 50575 20825 960925 121380 247095 7854 111265 62475 56355 82365 935 708050 65025 91035 175175 117810 93925 50575 576555 229075 24871 77350 80850 667590 82365 576555 175175 1785 33915 13005 151725 18785 54145 30345 162435 98175 98175 825825 20475 354025 70805 576555 222530 729300 303450 137275 45815 151725 374850 225225 69615 286650 137275 196350 13475 76874 533610 116025 225225 278850 6545 394485 778855 83300 354025 54910 67830 349690 192185 354025 708050 6545 19635 238425 116025 151725 708050 41650 20825 187425 242550 2890 960925 510510 621775 845325 730303 713830 8925 46410 62475 303450 82365 67830 242550 60690 637245 6783 394485 212415 521645 80850 151725 910350 4550 312987 687225 202300 43350 455175 712215 525525 175950 394485 187425 116025 870485 175175 84966 910350 70805 91630 637245 80850 192185 93925 80850 137275 192185 50575 60690 205275 98175 65025 77350 105105 111265 812175 124950 62475 32725 687225 62475 708050 303450 229075 151725 33150 237405 294525 819819 54145 4845 77350 719950 151725 425425 303450 232050 354025 137445 499681 274890 424830 270725 657475 151725 270725 373065 182325 411825 62475 34650 70805 671925 455175 62475 91630 158950 54910 354025 541450 354025 151725 237405 91035 229075 556325 657475 960925 960925 525525 444675 109395 108290 20230 270725 38675 62475 82365 50575 384370 424830 70070 50575 95550 116025 425425 563550 791350 50575 212415 708050 667590 75075 960925 576555 2975 8670 851105 324870 286650 121275 812175 50575 17850 40425 124950 111265 151725 98175 124950 202300 812175 88935 196350 65450 62475 121380 111265 26775 455175 83300 175175 187425 823650 812175 82365 62985 687225 60690 206635 708050 121550 121275 303450 354025 33915 302005 521645 40425 98175 229075 62475 124950 255255 98175 274890 65025 330330 354025 116025 324870 910350 184093 91630 354025 182070 212415 444675 275275 455175 394485 373065 960925 667590 80850 24990 455175 412335 354025 556325 425425 3675 11305 940695 74970 187850 175175 687225 303450 101150 98175 3675 62475 247095 105105 229075 121275 58905 27455 18207 85085 58905 20230 910350 637245 281775 196350 91630 91035 98175 359975 281775 3675 151725 576555 80850 348075 23205 348075 3230 33915 101150 629850 162435 69615 91035 91630 88935 79475 169575 162435 50575 79475 687225 187425 621775 137445 151725 91630 232050 354025 65025 384370 242550 37485 41650 53550 200277 325325 62475 151725 124950 91035 38675 98175 212415 422807 359975 98175 799425 556325 143325 151725 812175 20825 458150
445 114
244 241
447 166
237 52
385 344
250 490
54 115
254 477
497 25
249 340
273 237
176 467
350 101
60 25
495 394
482 82
204 392
270 92
462 42
290 301
133 124
324 125
38 37
446 196
132 424
210 71
126 330
9 450
82 434
392 281
253 429
207 44
169 170
422 279
319 336
121 146
449 443
35 459
310 288
77 223
278 380
40 94
41 410
113 229
130 283
5 224
427 351
126 427
215 227
428 272
14 55
3 113
174 406
184 141
188 177
18 150
68 132
493 146
105 359
436 33
83 104
289 200
421 267
395 225
252 172
73 369
153 190
486 86
228 27
117 252
352 293
349 215
61 156
471 346
102 288
90 106
420 303
396 273
404 247
31 180
379 246
336 356
110 75
433 372
367 12
403 438
488 152
91 245
430 376
411 404
128 374
153 328
305 292
16 494
367 296
479 133
497 345
99 171
258 128
364 34
168 97
451 442
363 225
29 59
313 79
330 256
109 65
40 202
371 156
355 220
481 218
149 28
155 277
475 134
299 200
289 393
429 89
95 435
353 198
23 81
251 169
67 230
57 275
37 276
337 474
361 123
474 0
30 92
440 499
241 377
398 164
137 430
174 20
472 416
47 352
242 282
233 365
78 357
305 320
162 29
295 485
388 3
332 265
121 355
51 294
345 73
85 363
125 340
234 253
160 24
267 308
454 201
405 476
166 303
69 425
458 370
334 197
129 245
199 449
349 489
33 448
248 108
209 187
334 120
438 221
143 22
498 384
211 272
76 381
11 388
131 79
321 208
437 183
76 118
456 20
163 43
453 83
280 310
281 14
160 60
389 408
453 142
137 407
194 344
394 436
5 139
2 479
389 396
415 343
450 62
101 251
138 203
309 13
26 461
443 455
484 179
311 190
459 383
472 175
409 295
171 87
326 8
30 65
13 212
470 139
49 376
400 72
17 111
165 181
306 158
22 213
468 260
54 452
402 119
136 123
439 410
42 424
226 298
426 483
206 6
93 444
308 314
417 296
407 122
417 100
84 154
218 78
244 240
163 186
302 499
362 36
446 233
287 285
348 428
61 184
219 232
319 31
269 134
235 155
63 189
286 451
138 287
263 107
80 56
48 425
286 168
47 24
271 431
387 462
154 242
259 15
262 53
46 45
483 1
435 261
493 46
142 356
457 10
140 26
418 232
173 188
297 2
457 387
173 172
470 70
63 481
485 96
66 236
77 465
157 191
316 55
321 347
399 291
209 419
164 189
170 327
348 411
0 258
210 103
56 325
315 159
265 323
331 118
312 59
130 151
491 413
32 199
240 103
414 262
64 193
362 475
129 498
43 350
329 148
422 266
9 421
395 297
62 322
197 231
38 478
325 299
414 136
360 437
390 480
249 88
238 371
379 328
316 360
268 105
488 314
81 278
28 312
7 147
478 464
300 335
358 364
11 440
301 165
292 416
264 231
399 10
332 496
274 393
140 214
216 50
400 21
263 397
41 463
120 365
342 333
386 347
198 455
161 447
90 369
380 370
7 88
48 93
223 353
285 335
117 217
274 222
354 192
157 180
254 329
192 484
304 351
375 269
271 298
179 318
313 382
87 185
469 401
433 458
211 23
276 17
19 57
415 144
150 448
227 338
391 239
6 80
149 52
159 441
257 284
114 16
337 381
423 212
4 203
419 122
145 194
182 89
58 91
492 193
368 495
221 326
372 476
246 378
391 44
167 432
461 290
234 280
36 191
99 480
148 176
135 151
102 489
34 320
284 74
492 175
444 74
341 75
228 182
463 222
418 217
277 255
243 66
412 377
51 8
39 239
230 229
413 293
98 279
131 224
468 68
69 467
390 403
341 4
300 275
207 196
405 401
220 317
294 96
431 324
216 248
456 27
398 318
426 339
32 375
238 270
185 70
201 366
460 491
373 494
98 311
397 127
15 119
302 213
496 471
368 235
420 383
53 358
208 306
354 112
144 178
315 86
205 64
195 465
439 58
49 338
307 359
255 445
72 106
323 454
162 378
469 124
116 226
100 346
482 291
219 205
266 466
268 386
67 177
167 204
202 409
361 490
104 257
97 195
183 373
158 466
366 107
317 260
250 115
408 39
110 109
247 12
473 339
145 357
307 127
116 402
452 214
111 342
304 412
282 178
94 384
181 487
21 464
112 374
187 423
487 385
152 135
1 283
382 264
45 186
84 477
243 95
343 473
108 432
206 331
486 147
256 141
261 161
460 441
143 18
71 309
406 322
333 442
434 50
19 236
327 259
1365525
1000
84942 212355 858 100386 368082 167310 663 980100 196020 165 390 200772 51714 135252 234 138996 1173 83655 78 173394 1326 50193 78 127764 65340 97812 66 258570 7956 503118 12870 6084 96525 1980 429 463320 646425 3 6 115830 15249 284427 429 228735 51051 15 853281 537966 150579 39 7293 39 1326 129285 254826 7410 849420 141570 78 182520 366795 129285 3 594711 2574 15 429 81675 21879 9900 36465 897 6435 777699 934362 12870 30 15249 2475 41847 534600 129285 7293 59202 850425 84942 100386 127413 1326 51714 98010 2145 66 6 382239 991185 84942 435006 274428 853281 373230 429 100386 635778 368082 90090 109395 39 228690 169884 401544 429 15 66 3 212355 162162 503217 15444 127908 76050 231660 37026 154440 836550 118326 474858 109395 2652 228735 914940 195 392040 755820 78 293046 2145 320760 9867 26013 10890 39 359370 57798 70785 657072 7293 503217 218790 6279 131625 159705 138567 39 371943 424710 6 19227 651222 858 379236 51714 663 287496 184041 349830 3 66033 663 310284 288405 84942 7293 139932 415701 57681 507 118638 3315 30 16731 184041 39 103428 561 125541 675675 858 131274 78 33462 284427 4446 83655 1989 1989 16731 897 117 56695 66 78 169884 177957 1794 39 510 117 7854 43758 390 2691 117 75582 284427 12870 5148 100386 70785 218790 1326 237276 16731 84942 3 66924 231 853281 429 579150 33 741 368082 212355 2 568854 243000 3 34983 39 330 97812 184041 439569 3 9945 330 3289 3 77220 33 150579 258570 429 91494 182988 66924 25194 384813 39 59202 9867 5865 858 30498 77220 3 1980 50193 39 218790 2223 267300 165 165 627 568854 234234 14586 509652 481338 437580 6435 424710 39 3 12870 167310 66 765 663 6 7956 349272 21 9 849420 474552 325611 429 9867 920205 78 129285 118638 1254 96525 43758 349830 70122 234 105570 165 2730 66924 103428 663 66 108108 273 39 39 200772 6 87516 83655 39 741 22230 218790 656370 65637 4563 43263 51714 291600 3 15 6 196020 38628 723996 117117 501930 585858 5382 390 396 78 15249 84042 33462 1155 21879 89100 51714 2346 870012 699660 3042 680823 339768 39 15 3 5148 467181 42 330 772200 90 14157 43758 66924 652509 858429 934362 709956 5655 652509 154440 765765 33 849420 14586 12597 87516 174915 634491 243000 158286 148005 118638 612 182520 15 284427 33462 299475 6 6 51714 90 33 646425 914940 184041 270270 580635 858429 83655 128700 33 149175 858 301158 7020 849420 2346 33 196020 651222 14157 77220 858 387855 51 4002 1326 6 593190 804609 15 424710 342342 858 36465 663 39 501930 48906 849420 86190 156078 634491 3393 14586 401544 30 951786 3003 6084 117117 4290 180180 546 4485 141570 122694 129285 429 84942 733590 21 16731 167310 43758 165 254826 620568 84942 301158 29601 858 39 3 11115 14157 653400 386100 15249 195 212355 656370 853281 136890 42 3042 384813 14421 429 228735 3276 39 100386 109512 4641 2145 44109 15 39 167310 6 2 585 39 15 6 306306 501930 107811 28314 15 172380 390 212355 1653 167310 19227 501930 503217 2145 174915 156078 169884 387855 91260 15444 672282 1326 741 568854 69966 429 4290 66 152490 457470 130065 501930 602316 31878 1287 1326 70785 3 936468 84942 51714 22 78 699660 66924 66 334620 663 501930 4290 78 200772 177957 258570 15249 663 260091 299 71874 2691 57798 33 1326 66924 195 547560 96525 435006 858 849420 39 218790 897 34983 196020 568854 15 45747 66924 6 509652 86190 39 155142 463320 3366 962676 7293 401544 2262 66 200772 420732 39 188955 804609 4290 349830 138 568854 2574 3 78 77220 3003 3 722007 250965 594711 1521 501930 405405 14586 195 100386 858 439569 150579 188955 646 137214 258570 296595 387855 6 27885 384813 3042 33462 66 429 849420 736164 138996 897 17238 934362 195 4620 268983 15 858 66924 195 78 568854 37323 3042 15 91260 12870 858 78 169884 103428 100386 7293 429 6 51714 83655 858 1794 66 457380 22011 256542 62985 90 296595 187110 6 2574 115830 53820 234 127764 167310 1938 6 1131 96525 79695 552123 39 495495 849420 118638 60840 588060 429 5148 212355 78 51714 14157 6 77571 218790 88218 64350 663 77220 6 165 640458 184041 2145 330 401544 100188 66 6 160083 359370 568854 21879 167310 90090 396396 501930 2346 390 920205 501930 468 182520 33 926640 169884 167310 90 429 424710 238140 87516 501930 418275 429 579150 195 798525 6630 2178 78 879138 12597 39 135135 213840 196020 14157 772200 9867 3 103428 879138 250965 200772 167310 19890 1989 118638 66 234 109395 134550 182988 3315 509652 301158 288405 43758 6006 664677 250965 568854 258570 14586 468 14421 100386 200772 1326 537966 356400 207207 99 16731 7605 28314 167310 3315 169065 4485 33 39 165 3315 2340 59319 775710 897 169884 12903 109395 359370 129285 234 33 9945 206856 66 66 250965 167310 3 709137 102 1326 14586 3315 481338 429 39 117 780390 152490 3 853281 6435 21 59202 3276 301158 239580 6084 546 652509 3 3042 39 13 297297 99 33 254100 858 3366 78 491283 172380 349830 128271 3003 66924 100386 634491 33 182952 9 743886 2574 568854 3042 114075 15 1794 258570 676260 442 91260 172380 568854 127908 56628 1794 103428 429 296595 429 174915 1326 1518 11 49725 134550 78 429 6 1794 118638 429 6 6 78 143208 218790 598950 918918 3 98010 419796 926640 174915 429 5148 741 250965 100386 117 78 117 442 78 15210 702 862488 18 680823 66 552123 115830 330 2340 6 429 258570 117 663 218790 195 39 153153 77220 70785 784080 78 39 283140 12870 70785 51129 39 501930 1170 39 2145 3 29601 44460 78 970398 429 258570 77220 3315 218700 129285 325611 970398 195 77571 78 686070 182520 6438 9009 753246 75582 14157 474552 384813 66 43758 258570 6 33 858 156156 33 6 168300 195 39 84942 646425 1122 501930 6732 439569 579150
764 88
146 214
548 819
618 658
717 314
760 249
686 119
786 743
942 148
47 94
118 343
380 190
618 29
430 589
245 785
614 830
406 190
957 912
87 527
767 120
534 708
84 199
999 894
904 841
68 154
352 186
904 426
143 915
674 642
876 357
929 683
573 696
778 185
682 793
900 540
176 547
749 742
329 494
74 886
600 757
556 741
187 225
331 581
876 806
989 137
128 944
980 138
408 16
96 245
301 253
299 811
925 598
990 206
117 46
895 177
116 803
235 27
561 292
398 554
78 483
304 622
792 227
181 863
763 636
339 151
563 12
926 202
50 148
564 203
397 765
456 522
956 279
195 41
700 60
215 232
987 344
869 122
799 136
441 909
69 726
557 639
594 457
863 389
510 105
284 150
272 868
977 793
233 740
741 833
21 474
119 121
454 979
626 822
115 569
983 710
91 738
27 905
950 782
916 485
468 39
363 330
381 758
601 217
611 410
130 536
462 471
221 189
937 243
520 351
25 213
609 681
811 64
665 488
575 640
476 268
834 538
62 233
472 8
410 668
636 322
781 672
340 599
449 80
650 441
807 223
668 833
387 580
845 684
615 504
218 90
654 56
768 89
975 722
721 29
566 376
885 791
769 81
822 647
925 279
727 277
497 193
49 87
272 893
520 812
801 998
698 181
565 308
46 872
326 777
776 329
289 413
347 171
207 108
984 734
80 32
862 693
990 854
703 331
880 859
787 885
226 721
35 102
834 35
725 469
355 89
999 991
431 345
556 282
297 161
996 848
407 743
443 375
732 774
554 655
322 953
86 925
678 836
760 109
814 716
837 980
709 813
461 490
106 353
484 607
670 165
659 987
842 532
485 255
132 736
994 425
846 283
133 257
681 246
767 934
616 316
848 177
577 453
589 878
371 851
64 973
394 80
796 376
413 732
797 165
164 101
965 950
302 717
96 482
398 24
12 979
279 348
350 628
680 727
364 423
436 127
747 238
639 192
524 94
542 452
298 261
877 750
140 619
362 501
392 221
423 528
298 74
817 470
222 85
578 575
270 644
80 156
505 574
530 103
766 899
105 313
107 591
805 757
910 859
735 202
139 409
401 281
409 29
379 228
186 65
640 159
630 695
559 207
473 599
942 114
804 46
297 558
275 647
471 736
711 132
977 754
173 898
911 607
229 448
197 889
911 416
778 254
368 911
160 728
586 635
370 628
336 681
887 681
133 7
615 382
564 268
744 519
315 526
184 905
282 301
270 629
94 412
430 857
69 944
104 972
592 717
75 573
145 879
104 633
229 961
237 265
427 546
442 128
230 48
33 361
657 451
196 691
392 655
163 98
479 78
278 881
434 47
535 249
737 163
801 311
724 171
388 697
34 641
880 31
466 559
828 723
31 653
503 811
1 14
398 273
510 279
543 330
648 306
573 704
787 85
369 768
262 129
625 936
671 433
198 689
247 861
856 188
288 461
813 272
739 757
374 677
993 523
57 397
628 957
823 310
293 839
685 715
747 45
907 208
152 174
346 879
217 268
290 858
250 949
584 389
7 335
24 914
596 18
860 605
94 773
699 470
916 955
559 945
176 430
439 383
37 573
625 838
999 996
641 944
150 337
952 785
870 599
571 816
402 56
417 147
109 591
178 966
145 766
391 360
708 765
779 378
241 440
830 588
280 700
734 465
673 167
855 56
560 864
479 286
9 678
890 169
567 54
350 523
236 76
373 963
399 710
85 751
938 274
590 23
835 537
235 357
814 941
770 324
0 115
135 513
135 624
639 158
644 371
894 802
757 479
149 794
995 324
701 860
524 317
36 893
920 873
693 756
675 602
485 459
203 808
212 342
478 744
115 748
369 667
856 843
618 939
965 229
528 437
870 137
539 404
141 459
577 445
517 604
433 432
323 90
108 454
433 464
421 761
318 908
875 910
331 175
236 676
446 280
392 3
420 926
965 84
697 678
342 851
209 296
215 150
210 554
759 929
732 986
459 95
10 973
744 48
747 289
43 873
335 696
318 455
123 281
144 283
120 482
641 127
564 192
745 818
385 626
710 622
771 790
544 725
295 510
321 396
758 867
815 466
783 465
506 515
177 332
244 705
358 774
721 537
672 997
738 914
39 847
832 907
478 549
784 643
844 734
388 518
864 400
221 498
728 194
216 583
126 390
195 439
15 550
842 86
294 678
341 643
571 424
689 467
663 582
487 879
960 707
996 521
354 389
780 223
380 777
214 222
540 924
918 439
965 118
666 904
205 151
377 125
967 360
736 358
979 143
32 887
334 14
297 575
630 442
826 13
628 981
357 983
188 793
772 770
421 697
527 469
491 39
899 320
334 753
545 137
311 606
411 658
260 266
587 283
438 808
892 233
662 819
236 137
395 574
11 272
634 66
809 428
131 873
73 276
692 564
271 251
59 429
897 8
11 649
994 962
577 661
99 913
560 617
949 325
171 1
582 308
540 902
185 344
529 763
394 660
745 17
393 372
646 854
702 249
15 423
153 379
682 551
798 256
444 942
217 965
318 566
356 254
484 121
864 714
719 155
944 234
788 449
919 790
420 132
415 310
641 976
458 97
183 315
28 209
889 106
416 622
704 575
3 759
556 188
819 935
960 96
726 450
173 110
691 954
610 629
252 579
611 140
539 359
312 57
651 485
712 142
742 492
652 104
975 151
883 441
100 597
515 703
516 825
489 333
267 882
842 608
54 821
917 930
423 838
967 54
296 553
406 460
123 292
661 765
447 752
61 800
531 663
849 808
853 98
345 911
525 779
405 264
83 884
53 519
526 842
83 142
116 486
144 746
99 17
196 846
940 846
935 964
213 818
874 697
614 976
783 504
992 401
948 678
108 993
887 182
512 335
379 60
731 948
778 699
295 425
903 546
239 917
251 789
407 319
612 452
67 546
544 542
343 816
44 381
415 775
335 370
94 695
927 95
777 113
116 478
815 287
145 500
203 680
309 600
296 551
909 602
784 384
869 13
978 7
574 30
349 713
191 303
638 614
170 157
260 158
11 946
872 592
637 293
103 202
793 405
985 510
773 70
39 935
691 87
824 90
121 265
722 391
269 619
179 354
43 73
679 904
241 451
947 925
15 918
471 907
603 117
729 775
233 739
19 272
560 167
231 19
340 974
588 868
965 333
611 932
6 970
753 220
68 61
51 116
524 365
644 866
372 511
811 683
781 361
8 408
224 389
941 496
513 657
809 572
971 59
478 267
613 742
688 654
495 502
718 843
501 947
67 943
684 852
160 921
229 837
81 481
155 311
5 263
373 669
150 462
183 932
912 525
325 198
867 508
225 102
741 972
724 99
494 924
443 293
841 98
464 277
461 588
236 733
522 871
792 305
307 468
191 396
42 306
757 93
403 482
327 568
328 462
468 375
951 21
35 59
255 418
731 109
303 706
794 15
851 762
216 965
374 714
635 630
63 494
422 90
218 251
930 411
58 596
21 909
982 519
129 952
532 204
463 619
707 86
690 541
695 844
722 417
307 871
415 625
498 445
232 533
615 723
718 891
493 203
958 55
927 840
339 365
627 882
594 620
227 970
865 87
917 145
387 633
922 169
930 248
414 737
677 850
694 931
5 700
616 603
276 968
67 75
495 322
982 595
705 359
355 194
413 170
968 175
837 82
561 953
440 631
978 4
72 124
36 969
110 377
764 998
570 983
366 470
484 585
258 300
154 583
684 962
814 852
219 20
736 130
447 137
667 227
988 339
4 351
193 525
677 672
77 491
923 509
389 527
579 789
271 858
236 112
41 831
22 540
591 168
383 475
547 366
646 742
251 778
797 471
123 509
24 867
472 488
26 672
172 531
335 338
809 3
483 137
783 621
539 795
631 499
930 936
663 332
777 335
304 790
242 825
0 632
219 7
592 28
882 547
71 238
641 166
798 625
756 434
72 354
386 780
997 877
285 619
662 938
944 509
380 389
258 916
155 1
343 328
33 747
40 147
928 993
122 758
366 888
547 933
528 259
180 694
608 242
562 585
959 252
770 19
211 963
592 656
657 402
923 685
624 161
924 694
74 163
687 909
758 174
121 408
705 53
52 702
162 631
422 164
476 60
111 766
899 560
517 920
942 674
617 822
25 511
483 827
332 48
751 361
696 428
458 435
706 376
782 749
650 576
431 810
582 419
169 795
999 32
742 737
720 972
973 118
477 330
689 728
416 760
420 369
124 807
417 514
457 823
447 623
30 304
211 581
469 593
367 293
126 98
789 755
588 200
690 972
477 223
910 495
963 240
730 526
383 820
212 80
286 15
63 480
645 749
567 634
495 568
243 425
256 134
0 943
664 653
883 265
180 756
596 386
35 772
970 341
145 291
548 186
92 354
906 843
605 487
38 640
142 906
541 23
697 901
881 102
958 393
287 110
796 48
976 79
713 341
840 394
468 308
865 444
132 339
100 906
420 347
492 97
661 8
407 952
23 733
861 374
508 555
201 552
896 415
306 676
404 829
593 515
353 97
507 582
966 677
769 54
863 799
2 586
552 314
929 566
634491
2000
277200 45360 277200 498960 720720 110880 720720 166320 221760 83160 554400 554400 498960 665280 332640 166320 45360 45360 55440 45360 166320 45360 45360 554400 166320 45360 332640 332640 110880 665280 45360 83160 720720 554400 45360 554400 221760 665280 50400 83160 45360 665280 166320 166320 50400 720720 166320 166320 83160 332640 277200 277200 166320 45360 554400 45360 83160 83160 554400 110880 83160 50400 720720 665280 498960 498960 110880 554400 50400 55440 498960 665280 720720 110880 55440 332640 554400 50400 332640 332640 45360 221760 720720 55440 55440 665280 110880 55440 554400 83160 50400 55440 166320 166320 166320 720720 554400 50400 83160 166320 45360 45360 55440 221760 720720 498960 665280 50400 166320 55440 332640 83160 332640 55440 665280 332640 55440 55440 83160 221760 50400 110880 50400 45360 45360 83160 110880 554400 166320 50400 221760 332640 45360 45360 498960 332640 55440 277200 110880 277200 110880 50400 221760 221760 665280 554400 498960 110880 45360 554400 50400 498960 720720 665280 221760 221760 277200 554400 498960 720720 110880 83160 720720 554400 554400 332640 277200 665280 332640 554400 55440 45360 83160 720720 277200 221760 498960 50400 50400 110880 83160 665280 665280 720720 332640 110880 83160 665280 720720 554400 554400 50400 554400 277200 221760 332640 55440 50400 166320 221760 166320 166320 332640 83160 110880 55440 277200 50400 720720 45360 720720 277200 50400 83160 665280 332640 221760 166320 110880 665280 498960 166320 50400 554400 50400 166320 221760 50400 221760 55440 332640 554400 83160 498960 332640 221760 110880 55440 498960 83160 55440 665280 55440 277200 498960 110880 498960 332640 83160 221760 277200 498960 720720 332640 83160 45360 110880 554400 720720 332640 277200 83160 55440 720720 720720 665280 50400 498960 665280 221760 277200 55440 110880 110880 83160 498960 45360 665280 166320 110880 498960 720720 720720 277200 720720 83160 45360 55440 221760 665280 55440 55440 221760 665280 45360 50400 277200 45360 55440 554400 45360 166320 221760 110880 277200 50400 498960 665280 221760 221760 554400 498960 498960 45360 665280 166320 166320 83160 83160 720720 498960 221760 665280 277200 110880 110880 50400 110880 498960 277200 221760 332640 554400 166320 720720 665280 50400 45360 45360 665280 50400 665280 332640 55440 221760 665280 554400 110880 332640 55440 720720 45360 665280 166320 45360 332640 554400 50400 166320 110880 50400 221760 498960 277200 720720 45360 498960 50400 83160 110880 277200 498960 166320 110880 55440 665280 45360 665280 277200 277200 720720 277200 166320 277200 720720 45360 45360 554400 55440 554400 166320 498960 45360 55440 110880 45360 665280 332640 720720 554400 50400 498960 83160 221760 45360 83160 720720 720720 498960 277200 166320 221760 277200 50400 55440 720720 332640 83160 332640 166320 83160 166320 277200 720720 221760 221760 110880 166320 50400 332640 665280 554400 45360 665280 83160 332640 221760 83160 498960 166320 665280 45360 332640 554400 332640 720720 110880 45360 332640 665280 50400 332640 554400 277200 498960 110880 665280 498960 45360 83160 554400 50400 277200 720720 110880 554400 45360 554400 720720 720720 110880 498960 720720 221760 554400 110880 166320 110880 83160 221760 45360 55440 498960 665280 83160 55440 50400 720720 221760 277200 55440 50400 110880 166320 83160 277200 50400 665280 277200 166320 332640 110880 45360 50400 110880 166320 498960 83160 83160 665280 498960 332640 45360 221760 83160 83160 498960 110880 332640 166320 720720 55440 498960 720720 55440 50400 45360 332640 332640 332640 110880 83160 498960 221760 83160 498960 332640 166320 665280 498960 277200 221760 55440 277200 110880 45360 166320 221760 221760 498960 554400 55440 332640 50400 55440 720720 554400 277200 166320 45360 83160 720720 221760 277200 83160 55440 45360 83160 83160 55440 277200 45360 50400 166320 166320 166320 221760 554400 45360 166320 554400 45360 498960 554400 45360 498960 55440 554400 50400 332640 50400 83160 166320 83160 221760 221760 83160 221760 332640 55440 277200 332640 554400 554400 221760 554400 554400 554400 50400 166320 665280 554400 45360 55440 166320 50400 55440 221760 166320 166320 83160 554400 83160 332640 110880 221760 83160 50400 332640 554400 332640 55440 55440 554400 166320 665280 332640 110880 554400 83160 110880 50400 221760 498960 332640 55440 720720 83160 166320 110880 665280 45360 83160 277200 665280 665280 332640 332640 332640 166320 221760 498960 720720 45360 166320 332640 720720 665280 498960 110880 554400 110880 720720 166320 83160 50400 110880 166320 498960 332640 83160 166320 50400 554400 332640 83160 55440 55440 720720 50400 277200 45360 554400 221760 83160 498960 55440 332640 221760 166320 110880 110880 554400 665280 55440 720720 166320 720720 221760 554400 665280 83160 720720 110880 50400 110880 50400 720720 110880 83160 498960 166320 554400 498960 277200 554400 554400 45360 55440 221760 110880 498960 50400 498960 221760 110880 277200 498960 498960 720720 166320 83160 498960 83160 55440 554400 332640 277200 498960 50400 665280 83160 166320 498960 665280 110880 221760 277200 720720 720720 498960 50400 45360 665280 55440 83160 554400 55440 277200 277200 554400 221760 221760 665280 166320 45360 720720 554400 665280 55440 277200 221760 665280 332640 45360 50400 50400 83160 166320 554400 332640 665280 498960 332640 720720 221760 665280 720720 665280 45360 277200 83160 554400 554400 55440 50400 277200 221760 665280 110880 45360 332640 665280 554400 55440 554400 498960 277200 221760 166320 83160 554400 277200 498960 665280 665280 498960 166320 277200 221760 665280 554400 498960 83160 720720 45360 50400 110880 110880 332640 110880 665280 45360 277200 332640 45360 110880 277200 332640 554400 110880 332640 720720 665280 277200 554400 110880 665280 55440 55440 166320 554400 221760 332640 83160 83160 665280 665280 277200 277200 166320 498960 166320 110880 83160 45360 50400 554400 110880 332640 277200 83160 45360 221760 277200 45360 720720 110880 221760 221760 83160 554400 166320 498960 332640 45360 554400 554400 45360 554400 498960 332640 332640 498960 554400 720720 166320 498960 665280 166320 221760 665280 110880 83160 83160 50400 498960 554400 45360 277200 720720 665280 110880 50400 166320 110880 221760 166320 720720 50400 45360 277200 277200 332640 332640 665280 83160 55440 554400 45360 45360 50400 221760 665280 83160 720720 45360 720720 110880 720720 332640 50400 554400 55440 665280 45360 45360 50400 55440 55440 166320 498960 554400 55440 166320 221760 166320 277200 498960 50400 110880 720720 166320 45360 55440 498960 83160 50400 45360 665280 45360 277200 498960 50400 332640 554400 720720 277200 45360 665280 665280 50400 45360 221760 498960 83160 55440 277200 166320 110880 498960 554400 110880 665280 332640 221760 554400 720720 50400 83160 332640 720720 720720 83160 720720 332640 50400 166320 720720 83160 665280 50400 50400 554400 166320 554400 166320 110880 332640 332640 50400 83160 45360 332640 221760 110880 45360 83160 55440 55440 50400 110880 83160 110880 110880 720720 83160 665280 665280 50400 83160 55440 50400 665280 166320 110880 720720 332640 720720 55440 554400 554400 720720 332640 720720 45360 110880 55440 332640 110880 83160 665280 45360 498960 554400 720720 554400 50400 221760 554400 665280 110880 83160 50400 332640 83160 554400 554400 554400 554400 221760 45360 110880 498960 332640 221760 277200 554400 45360 55440 332640 554400 498960 83160 720720 50400 110880 83160 50400 665280 277200 665280 166320 665280 277200 498960 221760 45360 665280 498960 554400 55440 221760 166320 332640 665280 332640 110880 720720 554400 50400 110880 277200 277200 221760 166320 166320 277200 110880 221760 665280 665280 110880 45360 720720 498960 166320 110880 55440 332640 554400 665280 221760 110880 665280 498960 332640 50400 110880 83160 332640 83160 221760 110880 498960 55440 221760 166320 45360 83160 665280 110880 332640 55440 110880 83160 50400 83160 720720 83160 332640 83160 554400 665280 45360 110880 221760 110880 332640 221760 45360 166320 665280 665280 45360 83160 498960 665280 498960 83160 332640 720720 720720 720720 277200 498960 332640 332640 55440 277200 221760 221760 277200 498960 554400 55440 50400 50400 83160 332640 720720 665280 665280 720720 55440 45360 221760 221760 665280 277200 166320 166320 277200 277200 221760 554400 50400 50400 110880 221760 83160 50400 277200 50400 554400 665280 45360 166320 277200 55440 45360 332640 110880 45360 50400 720720 665280 221760 554400 166320 498960 332640 498960 166320 665280 498960 332640 498960 720720 498960 720720 55440 720720 50400 277200 221760 277200 221760 332640 277200 665280 83160 55440 332640 110880 277200 498960 110880 498960 665280 50400 498960 720720 50400 554400 332640 665280 45360 221760 83160 665280 554400 720720 50400 45360 665280 55440 50400 110880 720720 50400 166320 277200 55440 83160 55440 498960 665280 221760 166320 554400 221760 45360 221760 110880 83160 50400 50400 221760 83160 45360 332640 665280 221760 498960 665280 55440 166320 83160 166320 221760 277200 166320 554400 55440 332640 332640 110880 277200 83160 277200 554400 83160 110880 332640 277200 50400 55440 332640 83160 50400 554400 110880 110880 50400 166320 221760 166320 55440 221760 277200 332640 110880 554400 720720 332640 221760 55440 665280 221760 83160 665280 50400 498960 55440 55440 55440 332640 50400 83160 498960 83160 277200 498960 83160 110880 83160 665280 55440 45360 221760 83160 332640 498960 45360 55440 720720 50400 45360 498960 166320 554400 110880 83160 83160 332640 554400 221760 55440 55440 45360 221760 110880 55440 221760 45360 55440 221760 50400 720720 277200 45360 498960 332640 166320 277200 277200 720720 110880 554400 110880 332640 665280 277200 45360 45360 83160 221760 665280 277200 166320 45360 45360 277200 277200 277200 110880 221760 498960 55440 50400 665280 332640 110880 277200 332640 45360 277200 50400 554400 45360 665280 332640 166320 45360 166320 665280 55440 55440 554400 55440 83160 166320 332640 45360 55440 277200 554400 277200 166320 110880 166320 166320 332640 277200 110880 50400 50400 50400 554400 332640 498960 55440 83160 332640 665280 554400 83160 277200 83160 332640 277200 110880 332640 277200 277200 554400 166320 166320 498960 554400 83160 665280 110880 45360 720720 55440 720720 665280 45360 720720 554400 498960 221760 83160 221760 498960 45360 720720 554400 55440 83160 720720 50400 55440 221760 45360 554400 83160 50400 83160 166320 83160 332640 332640 55440 665280 554400 221760 50400 554400 221760 665280 221760 55440 720720 332640 55440 166320 332640 720720 110880 720720 554400 554400 55440 277200 277200 45360 498960 166320 332640 665280 166320 665280 110880 720720 110880 110880 720720 83160 720720 50400 50400 332640 554400 221760 332640 45360 110880 110880 50400 332640 55440 277200 221760 554400 498960 55440 110880 554400 332640 277200 110880 332640 55440 221760 45360 332640 720720 277200 221760 45360 332640 110880 554400 45360 45360 45360 720720 45360 720720 277200 332640 166320 665280 498960 221760 55440 498960 665280 50400 110880 166320 720720 166320 720720 55440 83160 50400 55440 50400 45360 498960 498960 332640 720720 83160 83160 720720 45360 83160 277200 166320 554400 166320 83160 55440 83160 110880 83160 498960 665280 55440 554400 83160 277200 166320 554400 554400 166320 221760 45360 55440 665280 83160 332640 110880 554400 332640 498960 554400 110880 55440 665280 277200 83160 720720 554400 665280 110880 665280 332640 45360 221760 554400 332640 554400 45360 554400 498960 720720 665280 45360 221760 45360 221760 498960 665280 277200 83160 45360 720720 665280 332640 277200 498960 554400 50400 221760 221760 554400 720720 498960 166320 110880 45360 50400 110880 110880 498960 665280 720720 83160 498960 332640 166320 50400 50400 45360 332640 55440 45360 554400 665280 110880 221760 221760 50400 332640 332640 665280 45360 277200 665280 277200 221760 50400 498960 332640 55440 554400 50400 55440 720720 332640 83160 83160 83160 277200 221760 665280 332640 166320 50400 83160 50400 221760 83160 83160 277200 665280 221760 221760 720720 665280 665280 45360 665280 55440 720720 277200 45360 498960 45360 277200 332640 166320 166320 110880 50400 110880 166320 277200 665280 55440 332640 720720 45360 221760 554400 45360 110880 50400 45360 665280 221760 50400 166320 50400 554400 83160 166320 83160 110880 665280 55440 83160 110880 45360 45360 83160 55440 498960 554400 332640 55440 166320 221760 55440 166320 221760 554400 277200 45360 665280 55440 554400 720720 166320 45360 554400 50400 665280 221760 554400 110880 166320 50400 221760 498960 55440 554400 277200 50400 277200 498960 554400 221760 221760 83160 498960 554400 665280 110880 50400 720720 50400 55440 166320 221760 277200 332640 83160 332640 498960 554400 55440 45360 45360 665280 720720 720720 166320 50400 554400 554400 55440 665280 665280 221760 277200 50400 332640 55440 554400 277200 166320 277200 498960 277200 332640 554400 55440 332640 83160 83160 83160 277200 166320 554400 83160 665280 166320 720720 332640 720720 166320 166320 55440 221760 277200 221760 277200 554400 83160 166320 221760 45360 110880 332640 166320 277200 332640 83160 498960 55440 83160 110880 498960 55440 110880 166320 55440 110880 83160 221760 332640 221760 665280 665280 50400 83160 83160 221760 720720 720720 277200 50400 332640 166320 55440 221760 332640 221760 332640 45360 55440 45360 665280 110880 332640 665280 110880 332640 83160 277200 332640 277200 554400
878 719
1766 134
1027 450
1283 146
573 787
1822 1686
448 1360
317 1476
1734 147
354 181
326 1439
260 1328
921 1325
1672 1319
1654 886
337 1789
454 1924
460 472
667 1105
1262 329
1473 1365
1428 1925
148 1899
1289 516
594 1181
1375 181
302 160
455 1159
1412 1860
372 893
625 225
328 709
1555 669
246 95
446 17
350 549
746 966
1849 1901
0 1299
385 1294
963 1928
752 1462
889 1888
83 1110
164 1239
1116 415
46 1059
1808 1994
212 692
1384 1961
262 1285
493 1266
227 1129
1012 969
509 1058
1799 931
301 19
33 1886
175 1435
350 1030
1563 1066
1115 196
732 1520
1650 278
574 716
931 1442
166 668
901 361
1171 1755
1382 1320
1476 1677
492 1441
249 1225
1290 811
1180 1465
949 325
781 1790
1507 73
611 1260
722 78
195 299
421 1707
1933 613
1471 1289
1577 1831
1974 1976
786 28
557 1867
436 713
1444 888
1468 308
1501 634
729 1743
265 1548
90 1536
903 747
1957 333
859 45
1897 1110
1533 718
483 617
371 1848
1689 976
1736 1414
704 703
140 224
438 1740
417 1146
555 1934
890 49
1917 190
997 6
1351 68
235 18
182 230
1336 83
1754 209
48 1171
842 622
248 1379
1542 46
902 1512
1915 1203
1143 405
1273 391
828 396
1454 342
461 1205
1255 332
50 1948
1435 374
340 1566
1232 361
1578 1872
1182 494
563 531
802 1453
101 231
1148 469
1863 9
592 1188
1911 421
136 560
1139 1540
1621 1509
1593 1011
1075 1754
1988 393
516 29
1527 1859
895 1020
217 982
63 389
528 1427
534 1586
501 268
476 367
1288 957
202 1324
1425 555
441 1131
131 892
1183 543
220 630
680 1881
1093 1220
1178 1090
1301 990
1470 952
98 1245
240 1727
1587 1389
151 499
647 1937
751 623
604 1569
911 536
1244 1799
1235 763
15 1060
1326 1082
1329 1774
1703 2
201 1216
1358 1299
1316 780
240 1596
1906 1474
646 927
1491 121
499 884
387 1926
1183 1909
469 882
999 187
1723 1644
792 447
1557 1749
178 1997
180 1942
1490 1044
261 1798
1368 1490
442 1319
115 1749
1521 954
400 1245
1306 1185
1450 721
658 1120
440 204
1043 753
262 1135
229 638
1725 627
998 1192
1791 1927
687 903
145 1107
1854 1457
720 87
266 546
932 155
1614 3
841 1073
992 1570
1851 1060
390 13
537 1773
1429 879
522 882
118 943
1323 355
647 443
1735 207
1164 853
26 925
1308 577
197 521
1246 800
1102 1408
914 1508
1062 972
790 1307
612 221
1547 1398
57 1955
1823 905
938 1311
1698 1864
568 1570
356 424
521 1088
518 374
1376 1408
1561 1932
1407 662
1276 852
944 567
1900 273
602 1029
1531 1359
358 1054
1350 1647
1233 545
968 270
273 1173
1894 762
620 965
1418 1074
1772 1562
1688 568
1368 1622
215 1594
558 1819
14 1511
1782 254
1996 808
1070 1372
520 249
891 1031
960 1552
1326 1113
1432 1259
467 1571
741 923
1713 1565
1003 1886
566 1564
669 1234
1846 683
21 1118
1908 753
1455 186
1452 558
1184 1215
275 188
629 832
1692 1668
283 1429
672 1416
1910 1159
831 869
1657 1431
640 531
309 139
481 907
376 194
1634 1239
1606 1936
793 1563
1631 211
1955 74
932 1388
1847 1940
1664 194
1007 954
1765 696
739 742
601 279
1878 731
197 565
804 1272
1502 1944
1421 918
287 1953
1236 247
1343 861
1176 1704
825 1222
1269 1669
458 1729
192 1772
570 913
1943 798
1160 1627
660 786
383 150
547 935
1170 470
1158 1334
1562 1456
1200 1530
1066 43
147 185
1234 923
1549 1582
1032 1225
1027 888
1193 1514
1477 49
502 1629
917 929
1882 246
862 925
1825 1114
16 1761
553 1376
1671 715
344 121
351 138
823 424
107 1656
1231 1150
1409 1813
388 426
1492 116
1779 86
1154 160
1830 1817
475 910
774 1983
1421 1975
1595 476
494 1084
1484 8
456 154
1663 850
788 65
1773 1662
150 1413
1293 1877
1836 732
866 1503
1087 295
1840 826
131 1959
106 620
624 1450
701 1206
936 373
450 287
1867 497
1313 940
1569 1607
1500 1465
489 306
628 1222
1153 804
1310 1286
1781 472
1438 1478
1911 1431
10 1770
298 633
1482 1965
657 1460
873 666
144 724
325 542
796 1441
1061 277
1963 448
843 1688
1585 418
99 1411
1170 1559
1720 32
218 1101
1696 594
1964 775
806 1708
381 451
987 1493
993 1355
535 1879
1992 1725
1602 583
1463 1793
1423 528
234 318
950 20
766 1756
916 1833
1794 10
1207 1670
700 1446
1256 569
102 88
1890 1666
1475 1938
341 1518
838 584
1268 559
506 1836
1792 1158
1693 1746
1466 290
1580 230
462 1838
628 1518
693 1873
818 1513
51 228
1483 1177
189 1807
340 898
1423 767
1347 1173
63 580
587 349
1705 909
1085 765
349 271
1474 39
66 1835
112 444
445 646
345 129
1865 280
829 813
1379 1790
867 1457
530 430
1139 1034
86 1274
1882 1237
1223 1807
1770 997
840 781
426 1558
592 1151
347 682
1741 64
1364 874
1147 1137
1001 1227
661 1939
283 706
1636 1931
1313 1343
1461 1193
257 1758
1731 274
1567 697
108 1410
1697 210
1388 1072
1006 984
1413 642
1142 844
362 1797
1079 822
1392 512
1365 581
926 1255
1814 1210
1529 1967
95 1531
636 990
710 1861
1217 105
1353 50
52 1190
966 556
1958 1332
433 161
1970 1458
185 288
1887 913
84 1260
661 97
604 1535
1253 93
1447 1211
251 1862
1063 1004
1031 486
649 363
988 814
1296 809
1433 1163
719 436
1954 969
1295 1952
813 1693
1209 797
1294 625
693 1499
1228 1674
1943 1658
665 610
1342 1463
464 761
269 347
1192 1997
1556 1339
1560 242
659 292
1083 1454
173 1024
656 1783
598 1081
1 1612
1906 876
1226 1019
768 614
619 1685
1383 814
104 1614
1130 143
605 1990
1714 613
563 1134
915 1105
54 1556
515 250
1091 962
1672 123
1479 1735
1194 1211
1832 259
995 1623
844 525
317 664
758 1288
606 1783
82 1387
394 1414
1223 1075
1267 196
608 1999
1114 552
1699 1670
127 43
673 1384
760 1000
187 1507
699 1015
231 156
1628 1456
1511 1028
123 720
1381 1386
335 1897
1525 812
584 133
1960 428
856 1630
731 643
1624 1150
1595 1315
1750 836
1558 1697
717 1117
497 596
113 1990
1777 846
395 651
1085 51
1981 198
1635 1962
728 359
958 1528
1865 670
368 1861
534 772
663 570
191 463
1979 984
648 1094
505 435
420 1238
794 504
1850 1146
567 1575
677 527
199 1508
35 430
686 789
1175 994
861 1880
1039 386
1726 1985
399 1647
220 1630
1108 725
484 1730
930 1436
1014 405
1336 178
353 232
1489 142
103 1930
1449 1232
1163 1488
1567 864
1506 1918
1227 124
36 894
484 1362
1182 883
215 490
92 79
239 791
1391 1655
1040 867
1069 1813
1327 410
850 510
586 665
1331 1302
70 508
1738 1639
1828 615
1852 1153
833 541
1612 485
163 977
307 899
811 547
1617 1876
1912 1515
120 221
1373 1752
554 1478
1864 1385
942 928
1399 1741
660 1187
377 1594
971 1510
1304 1902
1002 507
285 1494
1957 1669
1013 1230
1244 367
1554 715
1778 1330
1763 881
439 1619
1505 183
23 1620
1006 1115
1922 1155
1044 956
999 1487
191 1308
1581 1802
1868 170
964 775
327 427
153 1191
1812 193
599 30
1895 953
409 871
1371 1493
1611 370
414 1589
1655 705
520 529
1667 1045
1385 431
1907 1982
1380 1818
1000 1989
54 216
419 332
427 1757
1266 569
1402 1251
252 802
545 960
756 1796
863 588
769 626
1775 96
1816 1364
1694 1621
968 1005
330 828
855 937
1098 1087
171 1909
1930 871
1613 1722
1417 334
1169 1056
1017 1786
1695 1203
975 293
1903 727
1539 1164
1053 1016
1026 973
1230 645
1215 1297
1565 1520
1425 978
1683 45
310 1386
1058 126
967 637
809 1903
380 137
1422 789
641 631
353 322
27 1467
1362 1956
1519 275
799 690
1008 414
1695 652
1580 1953
726 577
457 1756
1512 579
1622 1424
991 1043
1859 853
223 1438
114 540
1228 1603
486 1506
235 590
1626 345
418 1306
702 759
9 827
1369 1977
1353 1204
1837 1931
1197 1300
303 1574
899 1332
1605 1303
1394 257
734 589
1663 630
722 738
1908 1604
1782 706
41 983
780 866
1913 1684
843 66
1337 1722
1101 979
6 982
670 1430
1574 934
897 1795
459 1638
1700 184
1224 1466
1022 523
274 1496
733 1826
817 815
1679 698
371 541
223 1280
803 1181
553 865
380 738
691 1179
1869 1214
671 27
511 919
851 537
14 136
1522 1293
1598 1106
500 1821
679 995
978 1599
1610 663
1147 1135
250 1696
564 1954
764 464
1940 1503
4 655
1352 233
1904 1617
1096 578
292 672
1122 458
1235 89
639 162
97 126
1740 1524
1136 951
1800 961
1521 176
1981 1271
1250 880
1961 1587
1350 631
111 1481
327 1149
1967 1907
1715 894
1172 1221
1538 1270
1445 1662
723 836
1893 58
308 981
17 1812
546 1579
420 1691
758 872
689 1410
1971 517
721 1201
93 1097
1711 276
834 1739
1543 460
1547 1831
398 100
664 701
1825 179
331 300
1356 383
208 1080
1869 1263
1947 1584
313 428
904 723
944 1858
1080 498
1331 912
468 564
1715 1446
320 1125
1857 168
1195 1333
1209 1199
579 974
1870 172
1633 173
725 1848
118 1020
1544 1814
1768 168
687 1766
1526 1300
397 1246
1610 1089
511 848
1923 890
339 1801
169 1083
747 432
795 1713
323 1844
1273 331
202 839
125 1064
1363 1858
288 1202
946 31
285 1625
1640 1405
1363 1643
1091 680
338 298
1078 1842
1732 831
989 833
1898 1736
289 1551
981 84
1046 1131
1592 253
247 1623
422 674
1994 1052
208 1219
779 1891
1972 878
1040 618
1237 1550
849 1889
1263 307
1117 948
1090 1411
1916 62
334 1067
1356 998
1275 1501
176 1823
294 919
1030 1390
744 1162
1803 694
1992 20
561 92
591 1068
1917 679
1810 59
1762 1504
1618 1104
1644 1822
898 1241
1099 733
1970 901
1125 1130
441 740
718 699
936 948
31 1415
1675 94
1256 1312
735 1941
714 1548
1817 38
98 637
226 1678
135 1016
474 1473
258 1218
1403 39
1866 1184
1636 1885
24 1157
1372 1571
1168 526
1645 1963
1928 572
512 1946
488 1099
769 702
1900 743
1668 1699
4 1964
1642 3
939 1052
756 880
785 1347
573 582
384 379
302 1537
1718 144
1919 639
1017 1764
291 846
339 446
115 406
1734 745
1013 1049
1210 352
1498 1679
917 1982
1873 1811
1912 237
474 644
751 1357
1850 1818
862 1944
618 101
498 1577
1282 149
1325 559
943 1564
108 87
359 1214
1843 962
1820 507
685 1129
1634 28
243 1537
1919 1641
1283 119
270 1057
1335 1393
1106 232
164 1901
1791 950
784 1951
1786 986
1420 372
1278 1247
1499 792
1371 1151
1491 1036
1104 479
799 970
1161 1729
1366 1197
1680 222
395 1922
158 1224
550 684
1281 1048
1459 91
481 1880
920 500
1904 1787
141 1546
1367 615
910 985
575 68
13 681
1935 864
1025 411
1370 863
1777 392
655 1674
80 503
805 589
375 413
90 1434
847 1124
1406 1166
1102 1683
504 533
1443 1416
337 971
1968 72
1213 1137
322 1827
1780 1342
1428 1229
358 206
560 979
1607 238
404 186
315 1470
1156 929
1378 1653
574 575
360 1856
1706 1806
1037 382
1643 658
401 1597
210 24
1609 812
1098 299
1863 583
841 644
1005 1560
167 838
1162 1022
60 1742
612 1694
357 1602
759 1591
649 1460
477 885
336 451
213 730
444 1765
713 341
875 714
1632 1649
1121 487
1637 1916
252 152
1238 1354
1366 282
643 985
1883 1377
326 821
1341 59
1941 1451
491 508
377 1133
305 1321
776 104
820 729
1041 1111
946 1973
251 1510
264 1755
1701 381
241 100
675 53
1932 34
793 1744
986 142
937 432
1874 949
1307 102
180 1029
1958 1025
820 406
1593 908
1744 598
1213 565
154 1972
1396 900
524 651
1186 1568
607 435
677 1267
238 1152
145 815
1857 1758
1433 177
1681 89
148 1639
1404 417
1492 1448
1399 992
1585 1983
109 825
411 477
765 53
1601 1945
1427 601
1987 762
1889 1524
1082 321
1391 1615
967 757
496 1712
837 76
490 696
91 19
1667 1616
926 1064
945 1809
75 482
741 437
362 212
1658 726
478 975
513 1528
263 259
36 1038
335 1395
1855 493
1776 852
1998 695
924 551
650 1489
1834 1687
1525 673
1458 951
245 849
1519 1646
1424 113
803 179
29 172
1618 1737
597 653
1179 685
440 1600
1252 473
1626 1198
823 1279
749 934
297 1651
1727 1718
922 1023
1334 870
1095 1698
1680 1360
1287 343
595 165
1453 344
885 323
296 132
635 1767
1437 1910
1624 970
980 1337
1112 170
790 1929
539 1924
785 1079
1785 1815
606 1035
1678 1400
1315 365
105 1496
1723 1302
1480 1120
1050 671
506 88
681 1918
1378 1895
207 1221
1745 198
35 755
7 1844
348 1613
261 407
169 48
1475 303
495 580
616 1733
1472 265
654 1089
75 1298
824 1452
1229 488
1709 1340
1468 1868
688 1935
1950 1620
1077 622
466 1199
779 449
711 1351
1121 1383
140 562
1314 1049
26 1189
182 1439
1469 425
1532 641
78 41
175 571
1247 1523
1178 413
1545 1339
1039 1737
1361 480
416 1720
918 1420
467 737
71 1787
72 822
1805 530
708 585
266 1648
1471 1576
396 1185
742 796
482 1747
1555 425
1155 1382
203 1054
1216 1887
1726 904
479 291
1993 1107
879 532
1349 58
1486 1261
854 416
1092 1059
1561 572
1781 629
1487 552
219 883
503 204
1946 1047
1264 1
1297 872
1401 1407
157 1472
419 782
1575 736
1346 1188
1036 544
1345 1097
1220 1611
99 85
1430 1761
324 686
884 162
877 1167
360 562
390 1673
1374 1810
743 1268
887 1161
1640 1200
1830 1497
1979 1769
412 1993
1488 434
1716 174
470 548
859 393
1745 415
1719 942
703 1648
65 272
1535 69
991 1301
896 301
835 1514
1242 151
1675 1572
1443 924
1370 455
578 976
1291 1747
1690 1128
117 947
611 348
1320 993
1248 491
996 1078
256 1154
1138 858
1842 1533
1432 1262
1517 614
1539 1011
156 1035
1419 1959
1684 77
1123 906
691 1704
387 1839
1966 1751
634 1733
857 1804
473 422
213 1984
1759 1398
972 1236
1404 548
443 114
1248 1212
1412 1495
648 770
343 698
1549 1686
1395 1832
116 1442
1003 1144
1047 734
1387 38
1352 1126
1728 1069
596 783
1312 757
1645 200
1373 1415
771 517
659 1641
1748 1653
1806 1885
143 1026
684 940
824 211
1949 1390
217 69
267 1605
856 887
309 1851
315 1318
130 1530
705 1759
502 76
1673 707
1853 788
264 167
132 1828
1829 1809
1541 468
1440 369
587 927
1913 386
135 1165
471 549
908 1709
60 987
1015 1065
152 1995
1682 379
1448 1659
195 543
1845 1482
1554 158
842 67
1275 1802
1249 1862
1988 1937
772 137
1449 1808
1767 835
234 1084
1010 736
423 1652
1243 773
495 1898
244 1134
392 657
1649 1271
1187 1295
1921 957
777 916
354 1018
1037 161
602 1702
556 1050
609 1309
1377 1205
1316 1784
18 1500
433 316
690 106
364 1719
321 452
1403 1100
1665 268
900 760
480 763
1394 1760
1012 597
877 1348
1128 1606
138 1568
1730 773
244 1169
1253 1998
85 1771
593 1691
205 1586
676 708
22 1141
801 429
1939 694
963 271
256 977
787 1282
1665 224
994 1259
1974 11
110 1002
784 1846
1870 1631
1855 1196
505 1174
839 1359
1133 248
1067 290
1544 1497
8 1033
1947 146
737 1627
1418 1141
1915 1254
1240 7
947 442
1041 1345
1202 310
1920 1849
829 293
373 1815
1168 652
1265 1103
1598 538
74 1845
1837 821
1540 1721
860 1739
1642 1801
279 1638
71 1951
1327 214
463 1096
216 356
278 1053
621 819
619 1984
378 953
1208 1871
229 342
1852 1314
1753 1517
355 1609
1357 218
668 1113
1485 1676
188 514
260 832
1389 1081
1536 1071
368 1276
1434 1160
1591 767
452 513
5 1995
1447 939
237 1093
214 1892
1866 807
241 1827
1287 1576
1689 816
1879 642
1270 1529
911 554
816 1805
892 1166
1601 1264
1109 1559
603 384
1426 1923
438 478
826 959
453 774
1149 739
519 1280
159 906
1905 1095
922 965
1172 1305
1792 1664
394 1361
1762 1839
1731 933
1417 1778
357 609
989 37
338 933
1019 52
662 595
166 1829
243 1218
1065 1241
1788 333
133 453
840 1426
1687 941
1392 1324
1700 1285
1318 1317
1671 1396
1088 286
318 1654
314 1046
1902 1843
1400 837
1486 1148
1803 1632
1298 623
1676 1042
1881 363
1899 716
1871 55
886 1978
1637 1681
314 730
1014 766
1538 1833
868 540
1191 2
1750 697
408 755
239 1877
876 1367
1960 1127
624 352
1608 1479
1763 324
1094 519
1590 791
1355 346
1933 1891
761 431
1657 1032
1281 593
1073 1666
709 1874
1405 1190
159 1743
1074 475
1566 44
1784 654
242 80
834 1840
1467 1374
1853 1469
124 653
1774 1515
1543 1712
678 1021
155 1705
1108 1949
676 492
1440 860
111 1277
1323 61
1717 1553
1775 1716
1010 1942
1284 47
1062 171
1796 1455
1542 1333
538 870
209 1254
1100 777
817 153
1201 980
141 1986
571 1310
1651 1290
1321 107
1459 15
524 1038
1018 656
746 1358
12 1950
1985 1896
1174 1838
471 206
447 336
391 316
1061 295
110 81
366 205
1920 1962
1124 128
1195 62
1894 678
854 591
369 1523
1701 590
277 576
996 874
795 897
346 1485
1212 771
1584 33
163 388
1071 1534
1659 914
581 190
522 1702
1557 1760
689 603
1968 889
1464 1966
199 1820
1206 1070
1573 1588
461 1348
1393 749
525 1484
907 1381
1208 1140
200 1048
1122 399
254 830
1292 1779
1226 1714
297 1878
1143 489
5 1274
1001 640
1444 695
300 636
1111 1516
1344 351
1551 1481
284 1338
1980 1883
1142 255
610 909
1721 1056
1996 1976
1138 873
1635 1196
1305 605
305 1397
1401 12
253 1242
1724 1156
311 1534
1207 1582
1780 1257
711 778
810 776
806 1252
1292 1354
1304 376
125 434
551 1769
750 752
576 1656
959 1322
1034 868
851 1437
1589 412
1738 1369
1973 21
382 896
1240 855
1742 1572
1752 1251
1847 621
465 1033
1132 56
1581 1346
1841 1890
1590 445
439 1055
485 1477
1553 1800
1956 1860
582 616
632 203
289 1109
1856 375
233 1677
1703 1884
1231 437
1498 533
626 1021
1706 535
370 650
165 1797
25 1269
1341 192
1051 228
857 1136
667 1502
409 328
1929 858
296 1349
1628 22
23 487
930 1541
177 1599
1152 600
1532 607
319 1991
827 1748
1076 1711
974 1969
1914 783
429 754
710 1550
1751 1854
34 1063
402 666
1204 496
330 1112
103 1076
735 1177
1522 1055
245 1816
770 70
1194 501
1875 1086
700 57
1661 1286
1578 25
561 748
149 704
1927 449
32 794
1175 1303
269 1872
1165 1278
134 1999
1072 312
1296 109
1965 1597
797 847
1329 1914
129 1952
174 1436
1335 1795
707 236
1291 893
518 633
1978 1629
1009 798
983 1180
1764 1732
599 79
157 1483
1004 201
1545 410
961 1824
1888 1243
1592 1707
808 964
1119 1728
222 1284
403 586
47 1380
1116 64
1092 1451
11 1934
1991 1258
280 263
1793 226
1768 682
1311 282
848 1652
398 1119
692 509
1826 465
938 550
1309 1140
193 1145
1258 304
16 73
754 514
184 1250
276 320
542 1186
81 1971
306 389
466 403
112 1509
304 529
1835 1969
1936 286
1189 1650
61 1690
1419 1042
281 941
1123 712
1126 364
1338 1579
1661 1023
1461 1127
1819 1986
881 1397
740 1219
1804 77
1330 1217
119 1340
1811 312
1633 744
1505 608
585 1892
457 510
869 801
236 956
130 1596
1948 311
1600 378
1987 1068
128 0
523 627
294 1495
935 67
1921 1682
920 127
1198 1462
1588 401
1157 94
1616 875
1660 1771
1660 1821
566 912
544 539
1757 1028
921 483
1798 1834
1841 532
1526 1024
1261 1009
454 365
1977 800
778 1167
407 717
1794 1925
955 1077
1876 1746
122 845
329 632
683 400
281 1875
1494 1051
1513 1776
1480 1265
928 588
404 1257
1118 40
1608 258
117 1445
1409 402
366 56
1938 1646
30 905
139 1464
526 1884
1402 37
895 955
225 617
1145 40
385 638
768 818
810 1753
973 728
1685 1717
397 674
456 1710
1603 44
1905 1516
902 845
1692 1625
1824 1546
1785 82
807 891
1008 1272
120 1045
1710 865
1975 1788
1945 122
1926 645
1893 1322
1233 819
782 227
55 272
1249 183
675 408
1980 1057
284 462
1375 750
1789 1552
527 459
42 688
1724 1573
1086 219
1989 313
1583 319
635 988
1619 1103
958 1144
1504 764
1604 96
727 1896
1583 515
1422 748
945 805
1132 423
1328 1317
42 712
600 745
952 557
1344 1007
255 267
915 830
536 1527
1406 189
1277 1176
724 1708
5037480
