9
7
83160 277200 498960 50400 55440 221760 166320
2 1
5 0
0 3
0 1
4 2
4 6
166320
15
554400 554400 55440 498960 720720 45360 498960 110880 50400 332640 166320 554400 55440 498960 665280
10 1
3 12
13 3
12 7
1 14
11 13
5 2
6 14
9 7
10 4
11 1
11 5
13 0
8 2
554400
31
61710 110055 482790 431970 605 28314 120435 1353 1147 889350 506253 452166 28314 27830 3542 194810 482790 63954 653499 318835 80850 117975 42735 33495 30855 873015 80850 72930 584430 247095 7395
0 27
19 11
9 3
5 17
15 14
2 7
24 1
22 25
13 10
30 23
28 13
19 15
12 5
7 18
11 27
16 4
4 21
28 18
8 6
26 6
12 0
29 30
26 20
9 23
24 3
22 20
29 17
1 10
2 16
25 21
482790
62
277200 50400 554400 277200 110880 110880 50400 332640 55440 55440 720720 45360 45360 221760 498960 83160 332640 720720 83160 83160 720720 110880 45360 221760 498960 221760 554400 166320 166320 110880 55440 498960 498960 55440 720720 166320 45360 554400 498960 83160 166320 50400 166320 110880 554400 45360 45360 554400 332640 332640 554400 221760 166320 665280 45360 720720 166320 665280 332640 166320 554400 498960
2 41
1 18
12 47
38 44
5 46
22 49
18 34
13 32
25 41
51 57
57 26
31 2
25 45
10 40
47 39
43 54
40 44
58 6
37 32
20 56
52 54
46 0
19 59
15 60
23 30
16 30
29 27
53 17
29 50
53 61
7 42
3 54
17 35
45 33
26 28
48 44
37 46
9 43
14 57
24 4
35 22
39 13
18 27
9 55
10 30
6 49
24 34
56 14
13 21
48 59
17 23
24 36
14 43
11 24
45 47
42 55
8 38
18 2
54 22
9 18
61 15
498960
125
30 28014 617400 441000 617400 441000 38220 114660 42 273420 30 11466 14700 39060 44100 114660 1260 16380 21 210 30 30 14 955500 30 2170 91140 5460 343980 220500 69300 163254 191100 65100 88200 14700 14 191100 910 42 617400 210 84630 617400 14 444528 210 189000 189000 441000 420 264600 27300 210 119700 63000 210 10 105 837900 30 840420 324000 8820 189000 158760 2310 414540 338100 7812 264600 210 382200 330498 378000 1050 210 10 210 57330 879060 10 1260 37800 42 9870 378000 30 226800 210 450 687960 700 698740 189000 573300 370440 2730 270000 210000 42 42 2100 798 273420 42 70 6510 507780 70 617400 67620 420 210 191100 201096 110166 67620 114660 189336 4830 6510 210 210 2
77 99
41 117
122 110
67 45
14 29
25 33
119 111
108 42
108 62
88 112
110 6
18 28
49 36
115 39
60 64
2 47
114 95
102 64
91 43
85 67
99 27
94 12
99 112
38 32
13 70
62 48
69 88
0 83
28 7
78 4
49 58
45 84
15 32
6 91
79 97
74 46
14 19
107 13
61 1
98 34
86 65
94 16
51 17
69 9
11 79
98 61
65 115
50 7
49 20
34 76
80 31
43 109
48 70
3 35
66 30
93 68
74 91
90 23
103 115
71 95
114 72
31 11
37 118
81 74
40 53
11 104
24 48
8 2
118 119
26 93
55 75
30 86
2 26
47 82
101 4
51 123
98 57
43 70
47 73
104 121
120 111
5 21
16 83
59 54
80 92
73 116
99 89
12 37
82 65
62 92
113 59
5 106
62 33
62 51
10 83
34 44
45 28
98 55
117 119
47 94
86 54
17 72
15 27
87 3
4 72
3 68
56 110
63 5
64 52
88 90
86 50
29 65
96 100
52 23
40 35
55 124
75 88
45 63
29 23
49 102
22 40
55 74
96 105
96 9
382200
250
324870 357357 274890 1071 154154 59290 14 181545 10829 210210 119119 27489 99099 231231 181545 86394 630630 71148 238238 29645 552279 201586 154154 171941 302379 525525 385385 177870 70070 2156 396396 127449 74613 798798 133 934626 90090 539 213444 289674 153153 462462 355740 503965 357357 54978 990990 154154 110110 7007 184338 422331 88935 231231 266266 138567 242550 244783 5390 43197 58905 348194 61446 242991 231231 302379 82467 82467 533610 8778 119119 45815 307230 462462 97020 693693 546546 693693 177870 337953 187187 33033 157339 30723 583737 693693 91091 5852 89726 119119 714714 274890 32487 59290 355740 106722 46893 77077 78897 37191 592900 11858 604758 118580 177870 66066 91035 165165 17787 119119 54978 307230 325325 455455 90090 307230 121275 231231 161700 174097 30723 231231 751366 154154 302379 462462 231231 296450 632247 357357 177870 379995 30030 11781 974610 64974 907137 399399 88935 126126 213444 3234 9702 91630 83391 117810 91630 30723 231231 287980 17787 155771 19404 323323 91630 275275 302379 9163 38318 88935 51205 146300 88935 53361 26026 11466 177870 51051 88935 385385 522291 57057 17787 77077 289674 546546 119119 91630 724185 302379 88935 333795 106722 515823 357357 177870 604758 533610 70070 114114 99099 2695 106722 934626 231231 177870 84084 252252 12103 119119 88935 155771 88935 106722 42042 77077 604758 462462 23205 126665 174097 231231 77077 824670 111573 118580 10780 385385 91091 102459 153615 225302 53361 164934 77077 154154 604758 94962 225302 66066 2618 213444 630630 126126 385385 116116 59290 348194 108290 182182 770770 27489 27489 143990 374374 244783 106722 693693 231231 14630
45 115
203 72
198 86
240 149
204 90
71 146
25 112
187 104
185 5
124 206
176 121
18 177
180 234
123 64
5 228
118 130
2 21
4 73
109 113
10 244
120 130
7 49
186 226
124 9
162 19
20 241
1 129
116 134
157 135
154 93
37 10
107 11
105 95
162 60
197 76
198 160
246 46
234 240
54 34
225 54
189 153
212 13
12 15
21 235
201 88
70 210
176 238
206 141
77 85
172 156
180 186
151 57
184 16
63 220
209 22
117 229
223 156
56 118
82 14
145 114
24 249
30 33
236 26
188 48
166 61
175 224
138 242
149 243
142 62
81 89
95 38
96 63
217 150
65 181
51 98
107 155
226 126
239 28
199 184
219 66
211 137
110 24
39 174
232 190
55 167
213 78
205 47
208 112
179 71
51 82
238 216
181 106
153 90
100 78
32 84
160 202
43 243
151 8
212 248
66 67
111 38
30 132
67 141
53 39
2 232
41 80
40 121
114 9
74 42
139 92
109 242
247 147
207 139
108 211
96 194
215 195
155 200
218 171
161 28
227 87
204 191
221 117
59 80
94 68
27 59
6 196
175 165
17 231
132 113
208 106
171 178
22 239
227 31
7 115
14 25
183 23
214 99
0 16
247 12
190 81
220 52
142 73
167 182
131 209
222 192
13 85
193 35
217 169
223 152
166 91
45 193
249 161
140 231
159 131
62 221
154 230
120 84
83 228
17 103
52 214
194 75
163 172
32 98
110 58
86 218
99 173
189 74
101 169
108 75
148 126
196 125
91 158
222 64
140 41
157 43
200 79
122 4
40 3
205 104
248 65
143 159
202 150
77 233
136 128
237 143
50 246
201 245
163 148
44 102
210 119
87 244
29 188
100 103
233 197
144 147
129 3
29 94
187 133
18 53
138 19
48 230
97 241
219 122
49 93
37 199
92 89
123 101
31 35
146 15
42 236
97 207
245 57
158 128
102 47
44 8
111 72
165 36
61 170
191 177
135 134
144 55
116 56
76 164
213 145
68 195
27 127
20 70
192 152
119 225
183 174
178 168
23 168
88 235
136 179
173 26
79 237
182 185
105 164
127 58
33 137
11 0
1 83
69 229
60 133
125 224
50 69
203 170
46 36
215 216
934626
500
332640 45360 55440 110880 277200 277200 332640 166320 277200 221760 665280 50400 665280 166320 277200 221760 110880 45360 50400 665280 110880 50400 498960 166320 221760 332640 554400 221760 221760 332640 45360 720720 166320 50400 665280 55440 665280 110880 665280 498960 332640 221760 720720 277200 554400 221760 720720 332640 498960 83160 498960 277200 83160 554400 45360 554400 720720 45360 166320 83160 720720 110880 166320 110880 45360 55440 554400 83160 720720 498960 554400 50400 55440 166320 221760 665280 83160 554400 110880 221760 332640 166320 665280 332640 720720 50400 720720 720720 720720 554400 221760 55440 554400 55440 55440 45360 498960 166320 166320 332640 332640 110880 83160 166320 110880 50400 221760 554400 110880 166320 166320 554400 45360 277200 221760 110880 221760 277200 50400 720720 277200 554400 166320 554400 110880 166320 554400 83160 720720 83160 665280 83160 720720 498960 55440 55440 55440 166320 166320 277200 83160 665280 45360 554400 665280 332640 55440 665280 45360 277200 332640 110880 665280 277200 166320 110880 277200 45360 166320 665280 221760 498960 665280 166320 277200 720720 83160 277200 498960 554400 277200 277200 110880 665280 50400 277200 110880 332640 55440 665280 45360 55440 55440 83160 45360 166320 554400 55440 498960 554400 498960 50400 110880 110880 55440 83160 277200 720720 498960 55440 166320 332640 277200 720720 110880 55440 45360 110880 110880 55440 665280 720720 332640 221760 166320 332640 554400 221760 83160 45360 720720 221760 45360 221760 166320 83160 332640 665280 166320 55440 50400 166320 83160 720720 83160 332640 50400 110880 554400 221760 498960 720720 83160 45360 166320 45360 45360 665280 166320 83160 277200 498960 720720 665280 50400 50400 221760 83160 221760 45360 110880 50400 554400 45360 45360 720720 665280 332640 277200 665280 110880 83160 110880 221760 554400 665280 554400 50400 166320 55440 665280 83160 166320 665280 83160 665280 45360 166320 665280 221760 498960 45360 55440 110880 50400 83160 110880 498960 554400 110880 166320 55440 665280 665280 55440 277200 720720 110880 83160 720720 498960 277200 50400 332640 50400 83160 277200 83160 332640 498960 498960 498960 110880 221760 332640 498960 110880 554400 45360 55440 221760 83160 110880 110880 221760 110880 55440 110880 45360 332640 83160 221760 55440 665280 55440 166320 277200 221760 498960 665280 332640 277200 720720 221760 45360 83160 55440 166320 83160 277200 55440 83160 166320 110880 55440 277200 720720 50400 720720 83160 50400 166320 277200 221760 45360 50400 55440 50400 720720 720720 498960 720720 498960 332640 166320 83160 83160 83160 665280 166320 665280 720720 277200 332640 83160 665280 720720 498960 55440 554400 332640 45360 277200 166320 332640 665280 221760 110880 166320 720720 498960 110880 277200 277200 221760 498960 277200 55440 665280 50400 332640 221760 50400 498960 110880 277200 554400 45360 83160 110880 665280 221760 50400 498960 55440 45360 554400 83160 55440 45360 221760 45360 498960 166320 277200 498960 554400 332640 50400 110880 166320 166320 50400 498960 221760 221760 720720 110880 45360 720720 83160 110880 83160 110880 554400 110880 221760 221760 166320 83160 110880 55440 83160 50400 665280 277200 110880 83160 45360 221760 166320 221760 45360 498960 166320 554400 277200 720720 83160 50400 720720 50400 110880 221760 166320 83160 221760 665280 277200 277200
282 222
145 267
101 253
1 367
140 222
401 183
372 35
240 379
26 458
254 80
156 191
151 495
305 199
172 303
417 324
438 373
349 68
35 20
5 427
66 90
354 340
244 111
54 161
302 175
114 349
347 484
356 366
396 496
435 109
125 64
262 349
78 475
122 90
475 233
234 152
390 62
160 196
315 386
110 485
493 422
95 466
414 402
296 106
92 30
309 469
456 216
434 80
153 311
392 457
108 125
130 126
100 350
74 446
209 202
381 423
454 482
292 246
414 327
335 360
186 264
452 222
342 462
17 437
235 310
439 387
389 2
415 467
268 83
195 94
172 113
477 195
365 490
131 482
10 344
302 270
219 284
256 180
261 494
22 374
455 132
195 7
38 75
159 134
323 235
447 56
257 238
153 228
468 396
455 291
203 454
250 311
263 348
225 103
289 328
251 415
488 243
248 40
202 107
271 431
470 332
300 222
82 29
360 428
279 157
299 288
249 199
479 84
334 473
209 43
148 105
467 450
50 242
76 196
324 241
211 397
69 376
115 312
297 292
211 337
190 197
187 231
401 16
315 8
9 142
460 306
71 24
392 306
120 302
390 299
470 54
126 226
151 445
306 70
86 198
339 95
67 389
63 81
234 31
331 91
36 106
284 492
489 432
165 164
436 328
459 458
263 375
89 381
212 252
169 132
480 91
194 21
139 310
488 427
469 267
171 233
422 478
468 148
288 395
470 157
495 122
459 184
212 85
6 90
466 216
483 12
204 388
260 408
345 23
361 350
89 275
266 237
276 363
34 374
23 91
250 419
8 93
341 304
61 265
251 319
189 126
275 269
192 148
25 176
481 377
0 276
491 269
280 352
99 198
301 43
357 211
275 78
30 320
239 135
92 424
196 291
439 103
215 71
172 165
276 224
27 281
375 80
479 87
70 404
116 17
177 369
458 265
389 28
400 288
310 358
300 175
118 399
420 268
51 194
40 223
275 167
24 181
200 1
348 336
416 474
136 22
62 461
149 457
124 126
424 215
196 134
47 354
154 211
407 36
359 91
132 444
30 425
442 458
294 317
124 48
270 295
20 79
202 19
102 406
125 452
56 346
107 338
276 327
109 52
109 267
2 168
286 270
457 205
283 114
329 430
256 421
201 155
414 391
50 196
47 8
33 81
291 396
145 203
119 474
471 405
58 274
23 73
384 330
295 426
244 341
497 212
207 276
37 273
122 227
92 39
401 37
5 162
96 257
430 408
18 38
172 314
193 4
89 372
330 278
321 130
150 394
241 146
326 317
471 347
478 404
96 272
106 216
60 85
128 356
59 191
153 280
178 168
138 344
465 8
443 240
13 66
364 230
30 45
150 268
41 302
322 149
127 356
343 157
322 280
202 9
53 231
57 233
349 46
372 65
347 98
499 214
378 470
218 414
463 289
457 304
452 84
49 422
32 332
138 497
498 171
363 487
278 270
279 382
268 11
476 331
118 79
406 253
21 376
133 336
333 31
418 209
59 121
433 181
168 230
41 11
436 497
430 100
272 497
335 55
185 188
78 32
1 427
359 176
373 332
353 110
401 90
91 93
59 166
335 481
36 398
156 316
451 465
31 385
304 144
463 245
403 376
271 485
58 283
250 367
27 18
476 123
239 362
3 21
483 25
441 432
424 44
255 379
163 64
360 147
461 417
103 306
107 290
355 293
239 347
252 170
437 485
450 283
60 137
256 19
261 318
393 1
412 262
247 297
376 37
34 87
321 190
53 132
285 216
174 444
292 298
186 429
494 95
318 82
424 203
9 2
28 453
290 112
307 345
77 337
72 3
159 325
4 360
141 393
366 272
352 56
441 37
233 119
304 380
353 78
77 47
348 76
267 368
499 52
411 464
313 435
232 70
251 94
97 436
386 14
450 385
179 334
320 473
286 117
350 146
213 130
92 406
86 166
270 210
219 323
6 388
477 104
342 101
165 351
33 53
266 394
173 191
208 46
239 340
42 204
7 383
123 424
409 33
292 32
243 191
486 496
165 241
424 413
368 249
142 259
285 158
9 229
147 198
15 179
375 390
446 458
201 143
155 43
272 355
275 320
411 279
423 129
223 66
336 267
177 341
204 220
448 57
220 348
449 38
440 250
481 277
479 233
240 462
294 488
210 356
339 188
125 327
415 26
379 407
191 477
475 287
258 34
133 88
420 213
182 425
221 313
410 274
75 444
304 115
28 236
416 308
93 370
413 492
304 472
371 255
480 186
209 1
485 206
27 184
217 172
490 447
1053360
1000
366966 119790 187 11 127050 3990 30 4807 53295 906015 330 571725 36366 2 690954 181279 48279 6897 35739 106590 895356 11 91476 4807 21318 289674 11 33 209 55860 33 11913 144837 172788 142956 690954 133342 141570 3762 103455 468996 56100 570 10890 51 165 906395 561 166782 289674 1155 790020 586245 3 3 460845 690954 359370 11 6171 11 196020 1311 18183 22 106590 105 239580 863940 214434 158760 408375 283500 11 490314 77 166782 640332 209 598950 942210 357390 878460 800052 431970 57 87362 1254 51 790020 166782 363363 22 321860 431244 48279 646 152551 158760 12122 42 165 774345 86526 545490 209 38 317262 165 330 13794 627 220500 532950 439230 34485 68970 81719 314721 551 1938 643302 11 627 187 57 286110 6 42 87780 413820 76230 80465 462 259182 272745 216315 289674 57 71874 58905 87780 30305 462 639540 714780 201894 2618 78166 72105 362406 19 1254 319770 6 72105 2541 117249 92169 86394 524172 724185 144837 551 148104 149226 35739 59565 1311 19855 115159 96558 43681 33 969 21 833910 165 559020 586245 33 57 41382 3 22 623645 63525 119 103455 13794 762300 323 821997 76230 111078 330 187 60984 165 102 218405 429 234498 2622 117810 1311 863940 165 48279 74052 627 48279 2 302841 66 174636 209 72105 11 213180 19 43681 166782 18354 33 3795 145530 172788 4389 627 7854 3 917301 138567 266418 413820 23826 3025 437 393129 437 66 1 21318 33 9614 68970 3388 209 251370 28842 35530 1254 117249 17 59565 18183 114 152460 14421 138567 623700 462 3 214434 600039 206283 323 66 217800 28083 614460 165 1 746130 131670 209 11 1254 431970 1650 448362 3762 273999 4389 436392 1 627 11 3306 111804 37620 17 22 1798 475893 72105 935 43890 33 52877 11 1309 110 35 231 86394 1881 121968 311454 248710 66 1 30 399 129591 370260 166782 5445 703494 641421 98010 2178 1 172788 86394 277970 2926 206910 231 18810 6 917301 239580 6534 228 639540 160083 6732 278806 21 6061 6061 103455 66 703494 275310 652190 510378 21175 418209 57 373065 678810 209 187 76230 56202 910404 68970 13794 186340 627 319770 418 3 142956 88935 219450 378378 119790 817190 104907 66550 198198 586245 11 634524 935 7714 82764 359370 3553 33 395010 898909 917301 330 276165 95832 135762 33 980628 6 49742 110466 66 561 620730 153615 359370 77 1870 42 326700 324786 83391 231 448305 154 109098 627 260876 357 97020 145530 105 790020 138600 607563 858 259182 37026 75449 23562 289674 2310 71148 77 71874 457380 131043 144837 16093 41382 732830 66 84150 4807 9900 46284 66 254562 689700 154 3 177870 154 2178 127908 763686 1089 209 330 95931 152460 317262 68970 6270 570 51 86394 48906 455202 86394 1650 23562 103950 139755 33 200013 133342 471105 160083 820743 22 3135 26334 66 196020 381150 83853 457380 416955 144837 618849 152460 131043 914760 19437 22 1155 107217 1595 323 455202 71874 6732 7 23562 11 547998 895356 415800 407286 1615 317262 400026 6555 11 38 485100 636405 721050 143 262086 19 381150 1254 351747 1 413820 139403 672771 28842 762300 10 2 215985 6 4807 399 6 196020 16530 3 4389 53295 114345 836418 1309 679140 418 213444 20691 66 6270 65835 383724 61710 194040 14421 199650 60401 11339 2145 304920 58140 319770 223608 144837 74613 277970 55062 57 76230 122892 3 70686 21 703494 119130 105 12122 131043 836418 65835 77 1463 61161 74613 703494 33 7854 788766 202521 285 33 405042 127050 227601 74052 357 55902 758670 11 18513 41382 21 20387 110 33 22 167706 724185 165 63525 54450 735471 92055 15 5 1938 4356 257754 234498 6 165 63525 57 203643 114444 6 33 30 72105 74052 407286 235620 509124 264385 326095 57 135762 10659 747270 55594 215985 455202 63 1254 33 83391 1938 6783 1102 1 33660 52877 83391 259182 41382 209 33 266805 724812 820743 81675 210 330 55 78166 396 14535 836 33 462 227430 524172 139403 914760 22 137940 121275 653400 965580 5814 900 7 399 222156 4389 21 30 180 179685 98010 726 971850 515185 133722 5 14 199650 915306 99484 230622 33 806949 4674 87780 130680 6270 36366 1309 319770 653400 436590 1311 9537 91476 1254 15 666710 607563 209 645909 165 798 11 68970 462 35739 68970 820743 231 176715 1311 92565 11 70686 1122 462 798600 36366 1122 273999 33 859826 130680 43890 33 149454 1254 209 68970 462 215985 3306 172788 21 92565 215985 75867 11913 228888 42427 6171 159885 187 455202 547998 178695 324786 231 114345 103455 468996 6 2772 239580 36366 11 10164 3762 193116 57 137940 52668 523089 11 190 170 6 1083 66 102 10 7106 2622 35739 69426 721050 105 1 412335 821997 3 19 393129 209 22 627 555390 2166 74052 321860 11 154 42 102486 52635 726 393129 108900 167706 54978 418 105 23 620730 54450 337535 561 209 133518 167706 2755 798 259182 396396 770 969 547162 74052 179685 2 64680 3 182952 83853 21318 42 978285 15 4807 165165 172788 282150 3 7854 270655 22572 125235 234498 11 202521 66 6 333795 142956 88935 57 77 92610 35739 468996 213444 182952 298452 234498 468996 399 5890 579348 95832 63 82467 5 3 21318 3 205770 5 390830 42 149454 1463 1045 7854 18183 595 3762 263340 561 359370 96558 92565 97020 309111 385 547998 7106 66 272745 66 92565 5445 62370 306306 933394 56628 6479 115995 66 605682 217800 53361 1102 259182 55539 627 122094 52668 66 413820 21318 39083 71478 3 351747 3306 58905 242 703494 143748 68970 341 627 7 393129 42075 33 121275 91476 110466 33 224181 19855 871815 3724 130680 191862 550 2805 432630 1045 28842 92378 21 931095 179685 259182 14535 30 70 124355 8265 357390 35739 473271 3 518364 173052 110 167706 571725 46835 22 30 3762 330 76230 10659 8778 127281 767448 821997 5 335412 11 80223 33 353925 71874 838530 109098 165 8778 9614
249 426
559 733
162 528
568 985
467 53
852 139
468 433
143 550
245 501
369 541
89 586
775 984
22 885
466 795
856 553
961 797
309 27
400 488
722 810
213 77
994 641
627 773
924 989
359 86
932 50
552 981
465 72
849 328
725 565
645 56
543 666
189 253
276 93
282 317
915 146
462 37
673 66
847 834
916 820
373 953
890 265
571 609
483 948
947 258
920 356
319 803
985 289
135 112
574 804
190 795
972 436
594 52
805 154
372 759
65 909
843 368
513 482
669 575
975 434
590 208
438 648
261 204
237 674
114 933
644 126
445 920
923 828
189 193
911 916
73 308
264 263
779 679
908 149
350 163
258 216
70 750
296 513
721 816
610 437
324 447
770 857
792 155
566 327
404 675
114 361
964 556
506 103
960 365
761 238
1 997
549 373
703 285
301 829
419 736
157 40
691 353
130 235
594 468
899 134
88 233
934 680
427 700
893 503
95 606
995 835
755 584
314 707
530 625
935 17
409 989
229 753
814 478
989 765
416 193
837 965
188 390
175 415
646 767
160 664
161 82
758 181
225 853
896 31
521 778
747 378
752 561
430 994
473 567
961 451
306 889
480 628
1 497
522 819
699 234
938 638
538 656
83 309
562 48
220 970
874 834
19 113
975 495
694 730
975 482
215 876
374 830
127 908
284 560
496 904
618 672
4 349
55 320
693 562
861 491
875 980
343 232
470 492
525 577
474 382
919 553
499 227
321 281
864 128
258 446
697 517
178 847
548 707
321 280
999 457
417 20
882 257
721 114
525 0
344 705
509 82
917 678
649 784
932 596
606 762
492 487
683 951
400 903
633 615
579 0
292 952
188 663
749 322
233 794
701 710
942 813
215 565
194 820
996 63
895 198
825 461
217 283
82 142
823 118
784 698
693 375
5 790
528 859
796 762
726 547
966 17
534 398
160 14
182 110
260 958
215 401
812 672
398 952
590 724
451 706
92 308
898 318
458 700
573 713
197 575
44 751
902 202
415 995
870 419
830 593
589 853
141 511
790 362
860 395
746 951
68 20
77 867
943 758
644 949
148 279
332 536
55 158
955 203
504 634
488 479
626 785
488 184
59 479
170 534
8 676
688 982
41 328
561 969
308 858
82 974
277 91
470 593
596 421
696 782
311 962
9 822
707 539
674 996
39 538
226 764
970 718
36 522
724 657
620 917
859 473
454 140
486 477
628 866
651 333
670 737
640 380
559 133
431 651
471 341
518 81
21 589
962 662
723 443
345 619
79 180
429 905
733 10
848 331
428 944
280 631
450 778
886 742
70 957
342 83
701 311
989 224
815 661
57 417
618 685
968 459
64 951
413 829
629 99
812 751
519 375
627 734
838 61
389 173
289 336
677 525
584 348
749 33
253 757
430 123
545 760
411 32
941 897
281 62
456 775
139 596
417 158
400 637
486 363
950 93
684 144
293 826
437 217
454 485
627 196
461 211
739 622
172 487
425 481
751 88
432 446
649 642
502 986
848 617
387 814
875 594
821 906
82 334
208 578
920 581
600 67
248 90
35 442
169 720
676 209
627 381
770 733
467 392
769 455
367 593
483 582
67 605
693 463
206 898
49 543
384 153
654 118
141 702
247 33
153 243
660 814
86 744
35 31
325 147
249 818
925 684
571 806
68 767
877 226
102 46
804 34
183 32
414 631
453 269
178 115
325 960
418 360
935 390
118 315
422 621
837 773
260 587
165 510
558 537
479 115
922 786
898 100
379 435
864 399
954 726
800 463
334 479
533 529
714 174
707 598
422 944
533 973
766 476
947 454
137 171
730 43
990 525
300 845
79 269
119 756
224 179
871 834
685 45
352 483
322 698
675 222
542 777
716 350
580 464
713 657
923 868
89 986
279 4
910 896
825 187
469 381
893 926
910 470
836 164
51 6
55 846
732 290
706 953
591 856
674 67
347 444
468 131
987 608
615 921
566 72
774 706
57 788
114 37
623 803
481 270
139 429
831 541
358 568
919 809
716 270
38 814
949 508
987 799
221 364
576 101
239 501
132 186
126 647
121 820
169 435
724 552
692 90
865 802
880 871
956 200
287 515
864 569
392 74
620 179
488 563
34 841
710 463
194 805
266 485
822 200
621 497
677 670
333 358
803 286
866 933
908 481
944 291
396 935
994 122
368 145
91 309
98 783
412 556
366 249
326 176
426 93
69 393
538 261
917 474
109 65
317 29
726 626
291 916
367 298
711 928
847 156
95 884
523 728
520 22
197 83
20 976
496 686
724 592
353 299
42 893
695 614
603 241
736 999
18 544
273 11
555 993
278 366
434 714
559 13
731 909
282 61
745 330
935 456
439 418
624 503
326 385
112 5
405 763
385 117
840 595
852 680
481 58
544 951
384 550
689 977
909 369
550 787
937 489
503 739
893 843
811 321
635 258
374 94
346 316
657 625
104 771
61 907
674 330
352 728
580 872
870 129
948 457
455 465
423 151
570 930
698 408
432 25
495 826
963 835
583 159
190 36
755 613
667 271
269 312
784 958
541 442
473 780
638 22
33 52
892 370
563 192
150 267
753 840
430 274
557 72
124 20
233 102
384 115
207 343
381 195
527 258
479 285
340 908
364 847
76 80
911 420
734 748
643 269
696 788
71 511
499 194
735 504
850 421
707 792
837 662
226 607
418 275
652 604
723 156
842 670
556 288
407 654
90 264
484 319
526 706
552 8
250 377
650 972
437 912
388 963
854 345
995 137
457 272
633 729
572 11
873 688
346 223
29 112
707 57
32 631
493 811
962 397
219 357
134 982
968 363
701 915
994 907
7 957
931 791
323 815
148 958
310 585
264 358
308 718
370 560
2 324
813 234
602 290
991 201
512 899
960 138
664 298
991 242
39 936
649 193
472 967
665 770
345 606
167 940
213 779
514 846
477 162
443 659
359 976
740 589
590 244
826 746
71 941
85 762
329 840
668 817
84 75
166 754
516 131
869 556
70 869
67 70
387 720
986 103
308 285
337 16
302 637
559 468
767 743
588 399
30 321
449 94
291 81
60 869
597 61
673 504
136 796
961 177
351 121
810 294
54 826
988 916
647 839
614 980
391 94
209 695
774 969
864 231
668 740
979 190
597 760
473 835
484 500
515 236
11 202
755 338
891 966
235 164
56 188
251 79
484 639
57 929
353 801
658 414
313 705
157 519
161 681
320 429
568 460
934 87
283 798
919 496
927 991
69 275
448 591
793 943
120 557
72 104
753 26
605 848
564 492
551 456
951 201
926 449
960 467
962 939
608 372
307 255
883 525
722 38
710 747
309 741
667 102
206 348
973 475
601 290
848 326
932 639
186 654
215 338
214 868
334 766
371 23
701 303
875 380
851 347
437 709
395 643
511 356
91 959
328 824
670 638
130 152
318 480
642 111
862 425
533 607
25 89
113 758
262 867
349 618
821 777
41 371
930 424
851 913
833 381
789 973
558 651
600 129
373 376
339 539
901 145
946 430
866 738
209 47
906 59
538 435
388 632
895 913
490 333
978 227
159 71
993 765
357 410
629 98
634 705
547 236
868 424
281 106
570 316
69 472
521 439
389 247
384 541
719 805
603 756
540 816
383 164
400 689
450 256
232 76
945 335
900 361
696 399
171 377
57 807
162 971
687 533
204 894
389 925
462 865
739 466
107 131
950 636
246 192
878 468
205 635
15 46
505 609
3 760
48 860
548 24
404 261
808 412
589 782
403 502
888 179
655 690
612 588
28 16
336 144
886 125
494 869
928 314
394 833
925 360
738 355
313 261
350 306
859 254
686 712
107 524
531 406
116 431
952 881
912 320
34 607
297 84
952 616
219 546
633 594
636 433
892 18
944 199
9 19
228 386
854 332
295 843
337 983
833 455
43 116
160 856
482 601
568 440
328 535
757 239
495 51
108 71
211 176
815 914
708 690
656 983
496 218
482 425
761 672
148 216
516 423
827 142
562 882
661 655
199 363
167 882
922 473
149 630
970 727
84 548
742 852
335 226
565 185
295 259
626 549
135 14
178 464
166 210
998 874
671 40
121 839
191 65
22 613
709 206
791 51
620 686
704 749
863 427
404 768
554 185
901 240
441 94
745 246
437 410
976 11
799 940
927 452
251 96
653 686
255 408
715 172
316 230
855 961
165 877
832 945
936 361
182 829
943 985
879 158
390 353
300 412
512 68
685 369
170 406
506 471
781 635
455 398
576 129
992 706
682 215
98 876
813 235
12 507
730 230
591 150
222 489
650 448
776 922
806 271
841 164
507 486
581 252
648 91
815 604
626 212
415 40
772 968
304 673
751 347
41 549
49 585
843 498
606 611
221 105
423 754
405 843
769 427
70 840
680 839
861 401
517 943
603 307
835 136
237 630
884 402
80 904
844 803
414 324
574 897
121 532
131 98
239 354
305 765
547 370
955 161
77 389
918 440
517 310
97 694
281 657
386 123
467 140
717 752
947 168
1 687
197 839
599 523
110 738
268 895
337 315
574 78
132 887
265 657
604 333
274 663
639540
2000
100100 130900 502775 80850 309925 254100 7350 812175 455 464100 828100 161700 65450 242550 916300 270725 161700 485100 150150 53900 525525 95550 242550 161700 175175 749700 161700 354900 74100 249900 127050 700700 63700 592900 44100 300300 242550 531300 296450 993300 3300 63700 573300 112700 191100 95550 458150 700700 650650 850850 191100 762300 613700 270725 700700 191100 100100 95550 242550 183260 700700 161700 95550 161700 14700 14700 161700 23100 95550 824670 485100 13650 191100 150150 56350 161700 889350 161700 296450 485100 150150 296450 65450 154700 270900 63700 191100 14700 300300 485100 63700 44100 124950 161700 700700 14700 889350 249900 42350 450450 573300 191100 44100 4300 99450 296450 23100 53900 11550 116025 573300 23100 242550 541450 53900 696150 350350 749700 7350 53900 879060 14700 118300 56350 338100 124950 124950 130900 232050 249900 69300 83300 39100 161700 316030 390390 161700 161700 100100 40950 279300 191100 80850 53550 53900 708050 161700 745290 27300 161700 75075 350350 161700 39100 161700 19110 889350 22050 125580 3675 355740 485100 59290 63700 100100 150150 4900 95550 161700 916300 541450 621775 34650 127050 74970 242550 485100 485100 95550 350350 592900 27300 44100 22050 242550 485100 169050 392700 916300 929775 161700 22050 458150 232050 2450 161700 242550 729300 7350 350350 249900 161700 35700 286650 313950 828100 161700 485100 226100 191100 191100 27300 14700 265650 53900 700700 592900 82810 11550 80850 7350 27300 889350 296450 14700 210210 313950 464100 381150 350350 154700 15925 127050 83300 518700 485100 157300 26950 242550 392700 80850 11900 191100 161700 592900 974610 161700 80850 121275 286650 300300 33150 100100 95550 80850 485100 191100 61710 26950 80850 80850 203490 700700 84700 464100 191100 80850 354900 191100 300300 23100 161700 541450 191100 161700 392700 65450 35700 296450 191100 464100 172900 80850 31850 23100 44100 191100 32340 450450 338100 127050 191100 63700 95550 130900 570570 107100 191100 72450 550550 850850 63700 53900 118300 254100 177450 105105 5950 75075 80850 150150 53900 84700 889350 889350 592900 286650 161700 124950 80850 130900 161700 100100 828100 53550 573300 573300 161700 900900 4900 161700 44100 191100 80850 350350 450450 124950 27300 161700 132825 14700 161700 254100 65450 83300 941850 749700 232050 31850 464100 40950 254100 485100 95550 56100 191100 700700 700700 889350 696150 392700 485100 191100 14700 130900 84700 101430 191100 130900 485100 464100 9100 300300 338100 100100 154700 150150 161700 450450 40950 249900 485100 573300 191100 44100 161700 191100 63700 191100 573300 22540 300300 168300 485100 23100 161700 450450 143325 31850 95550 161700 354900 7350 84700 191100 161700 916300 485100 7350 84700 589050 127050 370300 80850 3675 265650 150150 80850 42350 84700 619850 63700 154700 762300 26950 557700 154700 708050 124950 95550 148225 65450 161700 485100 154700 150150 191100 589050 242550 80850 30030 161700 957950 161700 485100 242550 485100 95550 196350 485100 549780 512050 50050 100100 191100 161700 161700 65450 150150 196350 450450 196350 863940 124950 100100 191100 130900 271700 70070 249900 254100 161700 161700 177450 191100 916300 889350 573300 77350 80850 75900 27300 191100 63700 81900 63700 127050 916300 80850 83300 150150 161700 88725 11550 80850 191100 254100 354900 6370 63700 82775 700700 161700 84700 821730 161700 254100 69300 127050 242550 44100 7700 44100 700700 154700 161700 124950 127050 191100 63700 209300 63700 191100 136850 889350 161700 900900 118300 95550 575575 53900 83300 916300 350350 541450 296450 350350 719950 485100 22050 81900 541450 93100 210210 315315 83300 100100 93100 100100 350350 63700 161700 300300 161700 77350 700700 161700 916300 27300 84700 124950 35700 9100 14300 350350 75075 374850 150150 916300 700700 66300 130900 44100 485100 24150 592900 700700 232050 392700 229075 286650 574770 700700 392700 22050 278460 191100 44100 900900 95550 161700 84700 22100 617100 50050 100100 11550 485100 84700 700700 37950 496860 300300 161700 627900 13090 420420 154700 254100 770770 80850 3300 889350 161700 84700 350350 161700 196350 80850 573300 392700 130900 80850 27300 42900 762300 762300 42900 889350 154700 69300 592900 63700 7700 95550 95550 80850 80850 14700 118300 749700 450450 11900 161700 161700 127050 41650 340340 196350 438900 40425 53900 592900 161700 18700 150150 154700 592900 16940 53900 2450 485100 149940 762300 44100 124950 73150 84700 700700 242550 65450 749700 63700 150150 525525 2100 828100 177870 191100 18700 191100 32340 191100 541450 900900 69300 53900 700700 300300 602700 161700 154700 450450 161700 161700 161700 392700 63700 879060 254100 485100 161700 26950 687225 700700 191100 420420 242550 38220 525525 39900 121275 154700 161700 316050 700700 485100 63700 154700 226100 80850 350350 350350 14950 161700 59150 161700 80850 56100 650650 161700 48300 161700 485100 56100 80850 97020 46550 69300 286650 38220 127050 27300 2450 9100 84700 592900 48300 95550 354900 242550 44100 177100 300300 916300 95550 592900 190190 100100 232050 828100 242550 83300 392700 191100 402220 14700 485100 66300 381150 140140 243100 922350 191100 678300 916300 768075 232050 573300 678300 916300 464100 2450 249900 265650 17850 957950 83300 97020 286650 392700 300300 161700 296450 148225 592900 986700 80850 80850 350350 281775 300300 95550 485100 762300 121275 300300 249900 42900 850850 161700 232050 485100 22050 95550 42140 485100 109956 161700 8820 324870 450450 48300 242550 161700 286650 150150 169050 889350 485100 191100 80850 592900 749700 363090 700700 7350 63700 4900 254100 49980 95550 156975 65450 95550 592900 889350 485100 41650 300300 650650 72930 101150 700700 541450 191100 414050 69300 573300 889350 16660 127050 196350 464100 889350 119700 458150 420420 44100 621075 249900 286650 177450 525525 100100 300300 279300 350350 828100 749700 48300 118580 150150 286650 381150 286650 210210 485100 226100 161700 700700 11550 350350 77350 95550 100100 128700 640900 154700 821100 550550 485100 719950 80850 485100 40425 154700 81900 485100 77350 254100 84700 296450 80850 592900 95550 573300 51205 40425 889350 573300 191100 301070 414050 161700 130130 80850 300300 762300 242550 154700 124950 3850 191100 50050 84700 180180 95550 828100 77350 175175 592900 64350 161700 150150 191100 23100 916300 161700 56100 762300 458150 61985 95550 63700 65450 4900 541450 485100 889350 69300 53900 191100 107100 350350 83300 44100 100100 161700 44100 124950 296450 130130 53900 592900 485100 392700 13475 242550 161700 4900 11550 414050 191100 26950 80850 425425 80850 350350 296450 425425 889525 80850 889350 14700 80850 77350 91630 84700 190575 254100 420420 63700 124950 605150 127050 53900 161700 80850 21450 286650 354900 16170 187425 161700 23100 749700 209300 350350 161700 30940 161700 100100 80850 420420 35420 210210 95550 4900 83300 130900 66300 84700 762450 50050 185900 118300 14700 700700 154700 95550 27300 700700 17850 700700 619850 630630 23100 14700 532350 254100 53900 69300 2100 879060 242550 80850 13650 464100 828100 286650 929775 161700 273700 95550 100100 458150 191100 191100 161700 234175 254100 700700 161700 121550 464100 63700 154700 150150 48300 296450 63700 300300 317900 150150 161700 732550 210210 916300 161700 242550 828100 900900 700700 749700 525525 4900 700700 700700 63700 95550 592900 52325 300300 161700 63700 53900 80850 77350 45220 17325 889350 161700 80850 889350 54450 392700 458150 161700 26950 700700 192850 270725 50820 767550 80850 161700 97020 242550 485100 63700 17850 7350 916300 35700 296450 161700 84700 3220 53900 11900 154700 889350 700700 191100 383180 62475 592900 354900 850850 100100 152100 191100 7735 700700 31850 13650 80850 63700 57330 4900 97020 196350 121275 95550 161700 485100 485100 541450 161700 392700 69300 392700 541450 161700 161700 31850 63700 191100 80850 420420 350350 59150 512050 210210 60775 168300 12495 95550 606900 464100 35700 975975 191100 118300 69300 573300 630630 53900 650650 27300 70070 381150 13650 265650 177870 649740 458150 485100 34650 592900 44100 84700 286650 19110 121275 50575 7700 65450 27300 458150 916300 100100 191100 256025 63700 84700 265650 143325 100100 22050 80850 161700 700700 65450 573300 80850 81900 80850 402220 113050 63700 154700 95550 80850 910350 44100 80850 900900 65450 700700 210210 573300 605150 557700 80850 84700 161700 95550 63700 59150 279300 161700 51205 53900 124950 130900 31850 485100 531300 916300 154700 93100 354900 485100 161700 749700 28900 154700 80850 762300 242550 27300 605150 464100 161700 573300 48300 44100 350350 12740 2450 300300 80850 80850 458150 242550 161700 140140 161700 573300 191100 592900 41650 97020 59150 95550 161700 485100 642850 161700 485100 354025 4620 63700 80850 487900 80850 81900 541450 104650 889350 354900 21450 420420 95550 242550 900900 31850 112700 161700 124950 150150 225420 242550 398475 161700 2275 154700 296450 485100 161700 80850 273700 700700 485100 414050 161700 69300 889350 169050 161700 161700 53900 525525 161700 107100 458150 354900 475150 22050 889350 80850 100100 84700 7350 124950 374850 80850 105105 161700 161700 260100 485100 824670 300300 80850 485100 700700 14700 303450 573300 161700 191100 286650 38220 850850 485100 161700 161700 458150 161700 161700 485100 80850 100100 161700 41650 80850 31850 242550 929775 242550 25300 355810 175175 232050 191100 900900 11900 140140 130900 300300 26180 80850 126126 48300 95550 80850 161700 7350 533610 161700 242550 700700 700700 191100 650650 161700 573300 828100 161700 144900 65450 177870 630630 63700 161700 65450 458150 828100 929775 573300 249900 313950 50050 957950 573300 916300 149940 324870 39900 700700 26950 900900 80850 80850 589050 300300 128700 80850 749700 4900 63700 350350 381150 196350 450450 7700 81900 130900 696150 464100 53900 124950 139650 550550 80850 549780 392700 154700 191100 161700 154700 114660 191100 450450 130900 762300 95550 161700 161700 130900 721050 191100 83300 531300 161700 471900 812175 249900 95550 300300 107100 325325 700700 592900 573300 95550 550550 485100 80850 512050 7700 48510 161700 700700 100100 83300 124950 889350 300300 161700 592900 191100 53900 59150 350350 296450 485100 324870 50050 249900 161700 430950 150150 300300 462462 124950 24150 81900 100100 143325 161700 59150 161700 573300 161700 97020 414050 83300 300300 63700 348075 31850 27300 80850 154700 338100 64350 350350 300300 485100 99450 485100 53900 84700 485100 7700 82810 700700 254100 191100 900900 130050 485100 53900 44100 44100 249900 14700 900900 161700 300300 729300 592900 118300 512050 107100 84700 130900 191100 390390 35700 80850 573300 53900 81900 80850 161700 95550 53900 414050 31850 161700 592900 95550 235950 381150 916300 824670 191100 40950 77350 592900 350350 154700 300300 300300 95550 80850 220220 9100 177100 910 102850 719950 350350 249900 124950 80850 100100 84700 31850 458150 69300 249900 458150 541450 124950 300300 191100 101430 709665 161700 296450 53900 150150 161700 107100 95550 53900 414050 95550 25025 550550 296450 700700 350350 100555 518700 161700 649740 300300 286650 161700 14700 700700 63700 374850 124950 13650 161700 50050 392700 471900 63700 100100 270725 95550 550550 124950 762300 485100 621075 242550 300300 916300 44275 821100 606900 916300 828100 65450 11550 700700 512050 458150 77350 43350 95550 161700 812175 161700 161700 191100 7140 249900 107100 541450 392700 573300 300300 700700 161700 296450 161700 63700 101150 485100 27300 664700 86700 350350 7700 82810 95550 80850 80850 161700 127050 191100 124950 161700 80850 135660 541450 53900 700700 95550 485100 124950 916300 23100 23100 573300 65450 140140 143325 62475 496860 889350 161700 49980 889350 148225 80850 364650 161700 392700 63700 381150 53900 687225 80850 700700 889350 17745 2100 273700 161700 130900 242550 22100 300300 191100 350350 14700 296450 105105 518700 60690 729300 493350 836550 338100 464100 286650 77350 338100 161700 161700 161700 44100 249900 485100 242550 7350 254100 95550 90090 150150 100100 300300 11025 69300 485100 44100 916300 191100 11025 69300 850850 729300 161700 95550 232050 14700 161700 444675 605150 381150 27300 84700 20825 191100 414050 100100 573300 216580 354900 485100 95550 150150 4550 485100 485100 100100 300300 525525 118300 35700 63700 82810 53900 889350 191100 44100 95550 66300 69300 549100 130900 557700 13650 7350 80850 606900 573300 496860 130900 50050 31850 23100 5850 458150 56100 150150 101150 161700 549780 191100 16380 916300 242550 889350 112700 100100 9100 78540 485100 355740 53900 150150 249900 22050 191100 392700 95550 143325 350350 700700 6370 80850 161700 161700 40425 339150 63700 81900 573300 627900 154700 83300 161700 15925 161700 191100 161700 242550 242550 464100 556325 485100 889350 29575 210 525525 53900 7700 485100 150150 14700 242550 249900 22050 463540 300300 392700 4900 541450 191100 762300 216580 100100 100100 130900 161700 286650 80850 100100 573300 63700 161700 53900 104650 650650 273700 80850 11550 154700 308550 183260 150150 4900 84700 14700 458150 161700 107100 507150 496860 108900 916300 242550 389620 640900 209300 11550 649740 541450 191100 53900 916300 300300 243100 191100 592900 916300 828100 63700 549780 191100 95550 828100 161700 161700 700700 350350 53900 196350 154700 80850 191100 18700 242550 485100 249900 80850 300300
637 348
1522 1422
1376 1691
1154 1713
1483 1579
764 166
1640 1340
482 676
1291 1125
1780 58
1531 88
103 1309
1840 1776
1003 1478
1753 382
1964 813
360 857
11 1204
1029 1495
443 661
847 1491
935 232
1901 1572
1960 1414
1703 313
1256 1375
1530 1781
1534 1483
561 393
717 1314
96 986
75 1742
905 1421
1881 707
1979 967
1880 1296
1906 471
1754 1453
888 1851
1412 322
495 444
299 1940
1148 288
1327 653
1592 425
155 1405
773 830
1784 1078
1846 1300
307 46
856 170
1787 1606
171 1185
1856 502
415 1789
412 186
1149 1746
1024 1252
29 119
1058 607
612 741
1681 1365
1393 352
289 1329
312 976
850 1405
5 1771
701 491
636 993
344 665
1448 1443
1371 904
634 1855
1762 995
390 385
1306 1284
487 694
1068 585
920 975
249 1670
301 983
504 714
1034 448
733 439
1458 1545
1729 238
794 862
275 434
1390 14
852 1140
1853 796
277 1461
950 1174
1798 946
1263 917
1254 1788
206 751
1441 339
1609 1133
255 476
656 192
1156 1040
921 1545
1672 361
897 1521
1321 1317
688 18
1311 803
452 199
1445 850
1617 927
1179 1238
784 330
1161 761
936 1870
754 475
214 1963
1650 858
818 256
1948 1030
662 1449
1677 568
672 60
286 604
1348 106
333 855
480 1783
130 1536
735 1525
176 1432
1562 616
276 1936
1008 1891
440 481
76 926
647 851
1401 1045
553 176
1608 896
703 1433
684 84
1464 1819
165 161
451 919
1741 531
1186 392
1271 1338
1777 92
1502 45
739 209
122 1427
941 614
84 39
49 874
1925 1635
1931 69
1607 1476
570 862
938 31
1978 1319
581 1350
342 1165
1668 1709
816 327
228 1023
1605 138
1524 6
1821 450
1687 1107
1656 578
769 851
389 1358
1213 1398
1409 250
1736 1742
629 1646
324 617
1699 1278
1683 505
1842 1221
665 1694
355 91
1889 62
1486 139
700 1332
1120 1000
1415 245
705 101
1321 1521
1532 1429
791 1092
978 1317
32 256
292 1979
337 944
1396 587
1913 1958
374 777
1044 1785
548 399
1980 752
433 675
621 1333
534 1903
931 1216
31 1198
874 654
1479 1492
786 952
1432 1901
1839 692
606 788
1613 1366
873 248
30 588
1010 1884
1282 1935
1286 1941
757 295
670 902
997 817
1782 614
543 1892
1833 1314
1669 117
1863 996
846 1127
1255 1711
220 273
104 1561
220 1060
501 935
1278 1619
222 711
943 1232
183 1732
847 1366
367 67
1356 963
839 1166
798 1135
324 397
1150 1878
356 127
198 1847
861 1249
64 1129
802 125
1797 1889
1716 1195
93 1983
819 1402
994 1993
164 1227
171 737
354 1316
306 987
1357 38
872 1828
838 1241
1741 1542
1524 147
1625 1710
477 158
1288 738
156 1352
1050 490
213 1643
1504 990
1831 1701
594 1099
1806 560
523 12
744 1036
642 1911
1187 1820
911 503
1324 388
1367 879
185 1345
137 1533
736 261
403 169
1354 219
181 630
841 1213
1506 1302
1946 179
1134 728
1269 727
1747 1032
1826 1877
81 792
586 1481
177 1558
103 1022
951 1392
1119 151
490 1530
7 193
1328 1522
612 1894
1926 815
252 129
1914 622
1190 1878
112 1368
1780 467
1161 677
558 421
194 1856
912 1764
1992 988
466 550
577 1240
706 206
1264 1307
861 218
1740 798
150 1467
1275 1695
663 808
1976 1196
1072 1068
1323 1974
1739 1544
652 1210
298 600
1016 1094
772 500
708 681
445 36
407 664
1688 1263
197 1472
828 735
1501 1658
1571 728
407 1547
892 1363
583 790
1549 1945
1748 926
1947 574
297 1239
365 1936
562 894
1995 1819
1412 40
1745 34
222 1270
1303 1088
473 231
611 236
1998 1482
1474 1548
626 459
667 320
1087 608
717 301
205 1902
1005 1968
527 267
258 1347
409 342
1276 29
1075 1480
1703 530
658 741
639 1057
1417 1426
1475 1240
755 635
843 846
805 295
1592 1767
1252 868
1048 330
1261 542
1322 953
1684 1603
776 666
1568 193
1493 1335
1825 870
1357 807
632 1817
1613 1975
33 524
1616 1033
785 49
174 203
1583 1374
689 482
1805 1872
108 748
810 1211
1642 1054
1185 165
787 1870
1810 1107
415 460
687 853
1570 925
1717 676
133 1880
1539 1923
549 1098
521 1067
519 241
1717 1028
1513 131
1164 398
16 152
1454 781
282 1776
1731 1972
1086 189
107 1351
136 182
1425 1565
1124 161
1290 1001
1358 1999
1450 711
715 974
318 145
1012 1304
1767 308
1014 876
589 1131
344 713
1179 720
526 1551
350 966
746 1473
663 1268
1329 1231
1519 489
1932 1800
1335 544
1052 227
1599 1411
821 1866
157 1938
1832 1733
964 109
1339 254
831 159
177 1202
1118 1937
271 187
1505 383
1288 117
1744 1459
1404 1239
673 1192
1799 1176
1730 1796
1006 1645
392 1811
403 111
1466 1584
1734 1169
1085 837
315 1657
706 1859
509 293
214 652
629 134
785 1336
729 564
173 1585
162 1987
1515 1811
483 1898
1977 26
1974 678
1863 89
286 1846
911 1032
1900 1318
38 1395
546 1680
433 887
1487 939
1444 1401
1396 1394
779 1172
691 1444
1765 1344
314 1112
1968 68
1411 1721
1300 1822
285 1442
1409 718
651 1604
127 771
1719 1257
1056 782
1660 1009
571 522
111 1235
1365 716
1630 99
86 1141
105 368
1793 636
1312 579
567 108
787 1267
0 1139
1215 417
548 270
1634 870
1580 1152
1730 1074
949 699
11 766
1434 440
1547 623
1538 767
169 1873
535 1715
497 1059
1688 1102
1065 1462
854 957
1777 913
1163 1113
73 617
394 365
579 116
1615 1350
1849 1841
1957 124
1601 1541
1262 1556
25 584
743 1112
912 1439
954 673
1018 199
1410 1750
1083 1851
1126 1311
334 1201
1841 933
1064 814
1697 1236
520 1269
1428 1913
1377 506
550 90
744 1601
1212 1694
932 439
1941 1423
1973 1221
1950 790
1511 539
1233 323
1118 1281
759 167
1825 1760
1082 1208
175 1163
1858 285
1145 120
354 910
1933 1971
1838 804
452 419
667 722
1372 1593
1595 75
1158 302
1218 229
981 257
376 1671
1302 649
308 940
1403 1386
1653 1043
391 1849
1495 377
1756 1789
533 1504
1548 160
552 684
1816 1301
754 537
1389 726
1219 962
1503 1722
514 1218
719 1707
654 1083
195 77
1612 1553
1216 1070
1359 1124
1745 332
1381 789
107 309
1786 230
471 142
1226 1808
1646 1297
1669 1331
211 473
1501 1982
495 962
1711 586
378 1850
582 1424
1953 462
1390 1751
188 427
572 1507
100 933
1576 687
449 1928
1274 620
319 71
1991 0
1341 224
381 1564
414 1265
99 396
965 202
1648 1793
1833 493
507 884
1058 1380
696 294
1890 721
416 1966
385 1001
1292 767
987 1385
1786 747
1143 151
774 52
1784 27
808 303
1597 1689
1348 1460
608 942
144 419
128 1110
224 693
1497 255
284 470
848 271
1812 1902
905 494
890 1022
1752 1103
1656 799
1788 605
809 1155
1993 883
543 400
1587 247
1082 1677
1224 959
503 1621
879 1772
1589 1667
1689 1721
247 13
98 418
1145 947
859 190
780 320
955 511
1009 594
1854 872
58 565
593 1632
1114 1402
1386 1659
230 666
257 1643
1081 1944
422 1706
288 1231
404 56
1995 91
1586 570
1838 1041
618 613
239 1769
820 1184
1246 1268
1608 750
6 871
1864 857
619 840
1945 784
1659 8
1932 1373
596 56
1242 227
895 236
630 960
1947 1206
35 1980
136 302
1056 1567
1104 37
516 414
1514 139
528 1296
726 1341
902 1957
334 1158
353 660
1154 1517
299 917
1915 725
1541 1219
1989 179
1410 1651
1173 1290
601 1546
1637 1066
155 1961
568 131
317 1796
1853 1526
237 1293
819 817
1074 909
304 538
1887 530
674 873
1802 514
1149 765
274 1509
1069 1805
921 1060
1103 1322
1007 408
985 901
1930 646
362 1046
504 1201
1494 1667
173 437
326 742
477 610
1266 835
1500 126
549 1756
1589 1955
999 1423
74 80
920 588
435 350
50 642
1715 559
1650 660
747 523
498 1747
1387 1798
430 1990
2 447
1886 1848
1868 300
1620 1803
624 484
485 1657
1885 380
1197 544
1962 1743
1109 1591
734 1277
723 204
1468 1137
1200 773
585 1333
244 1934
545 1808
1887 1191
24 358
1865 955
242 1463
1678 709
1343 1063
1843 877
1773 1470
564 1470
1072 278
1256 1330
1485 1140
946 1708
541 715
1951 431
1860 1861
1513 1626
947 66
1607 480
122 1640
1515 1762
534 1325
781 1771
1305 1736
868 1801
626 1835
343 1531
826 1498
59 581
1554 997
465 272
1822 1292
494 1019
698 390
168 1578
64 1353
97 691
1464 387
1162 978
595 1658
1806 1073
1406 1563
649 710
1964 812
461 143
963 130
402 1455
124 1960
670 1763
595 742
828 1136
1906 1882
1828 865
5 1719
1510 1666
776 1939
1051 441
1376 408
1761 929
46 1207
1854 1232
979 1900
1294 1893
351 446
259 1516
277 759
357 1712
556 317
625 423
832 533
1089 633
1754 1111
1262 914
1641 1871
1781 115
669 1644
1534 335
1757 893
880 226
1725 306
703 1727
1926 1497
413 743
1004 1512
511 41
497 1237
1922 464
1320 796
1812 1527
1414 973
1010 204
1647 156
640 1015
934 1696
1770 1294
768 9
1298 1621
1888 646
1773 310
346 1996
1207 981
953 618
871 875
312 535
915 1413
1139 1700
175 63
522 764
1743 603
1122 1283
254 1041
1380 800
712 1794
1020 863
632 1346
983 253
1399 1440
1759 1690
1180 886
1698 1312
1920 95
1137 246
1437 1064
463 1399
1257 1791
1985 993
1133 686
1981 1020
1526 1826
284 146
512 556
341 329
430 78
1535 508
406 532
897 1966
1105 1958
1473 1073
460 1938
1449 1787
1893 716
1984 27
762 1884
310 1326
1876 43
1991 1518
442 1017
1308 1299
1687 1590
830 1641
739 1619
1920 77
1764 995
1144 969
1160 730
102 1661
1699 104
1364 900
446 1577
600 745
114 1456
1519 1804
945 1291
842 1620
1897 261
30 1289
1044 47
1753 840
57 1636
890 1527
825 1679
1823 967
1438 615
791 1897
668 41
142 1236
1956 655
1420 1169
937 353
1951 1280
1174 1550
1307 235
972 1537
749 1151
178 1345
1455 60
1443 445
1486 829
1555 602
1188 634
1744 701
1807 515
1603 1827
1115 486
81 276
1260 723
999 1821
478 996
811 1173
560 442
491 659
1361 866
1622 1395
496 964
389 1426
296 1708
198 1679
137 1155
1705 1986
429 186
985 498
1429 436
1989 62
1748 345
1057 823
240 47
479 333
1664 378
1482 1735
1496 338
977 1839
722 178
1346 1328
1959 578
644 1476
1588 1949
675 457
1460 1824
1675 1488
1918 493
1844 1661
656 221
942 458
79 373
643 914
1225 737
1465 628
1795 1818
192 1634
1095 645
889 685
43 1468
732 1875
989 775
833 1628
1997 485
1664 931
160 1714
627 811
812 1261
1046 1779
1316 689
1324 1421
1544 1323
307 620
1850 751
510 23
141 1436
763 328
1862 1143
1553 245
930 1629
1599 901
216 877
172 884
456 1954
1681 1265
447 404
878 1338
1724 1078
1177 1250
1295 145
1631 478
78 168
1869 239
266 961
990 1538
919 1457
1117 745
1391 532
1542 1888
1146 1499
918 1998
762 553
36 1282
1571 106
1474 1397
487 1963
1183 1520
1430 1440
623 73
891 1927
1431 1683
291 454
428 253
1100 680
1930 1695
1067 908
685 202
213 417
1614 599
21 1011
398 1180
153 218
1557 55
1130 906
1583 563
1042 1631
1967 731
809 1813
770 961
860 1933
370 705
948 321
1038 1148
1388 1704
1662 1969
1452 569
695 423
51 1454
1090 1125
251 425
1790 1400
1712 1768
1362 631
1438 1722
529 944
573 369
1682 690
547 1651
824 1935
1487 1738
375 1842
882 1015
367 1692
114 1492
650 1755
769 720
1019 1453
379 1899
1034 1105
1746 906
818 864
1226 1433
1327 1584
7 1337
794 977
346 976
661 526
135 609
1716 1511
1857 1690
1069 1797
212 1575
20 1342
368 364
152 287
1550 763
1182 71
1766 525
760 938
1965 1025
1934 1458
1266 1868
1691 1860
1769 1558
1245 566
123 1175
517 832
1566 1802
907 401
2 986
1211 141
638 1315
1085 1836
1028 1869
669 410
1953 1673
565 1337
50 72
187 370
18 1466
1055 524
679 645
66 316
1310 121
1956 904
1407 382
1660 1283
40 875
1192 1102
1254 80
1587 1224
3 1977
939 1182
1875 258
647 971
1388 212
454 1392
147 1800
1706 1127
19 1585
892 1917
1994 1189
93 651
1491 1006
1027 1809
174 1187
501 806
1084 1031
231 1728
1843 765
844 1176
1737 1648
1197 1807
400 1904
1575 736
427 970
1644 518
869 1384
1965 1837
633 768
475 1523
1166 112
1377 326
1077 1463
1260 758
681 756
1490 1882
1313 1879
72 431
1720 1829
243 1259
268 101
1004 355
641 1757
1099 1668
1792 1790
1855 352
146 1135
207 1996
235 396
1914 180
474 207
1471 777
118 580
518 916
20 988
435 795
418 910
909 686
1002 65
1596 815
1369 420
671 664
363 943
825 596
1903 1368
756 1939
700 1529
479 90
1718 648
1726 574
1701 283
1053 1383
237 793
1355 1598
1899 766
1301 714
557 516
1732 866
841 144
662 34
1477 1702
1528 1349
316 821
349 234
154 1123
1451 865
822 853
1654 1354
1559 558
83 200
1782 1190
154 1424
1194 712
1159 1369
1820 834
881 1251
1845 1441
1037 1611
1573 305
1243 545
725 1203
525 1552
384 149
1596 1181
185 183
1636 1039
1363 559
341 17
217 601
1674 1170
1652 1229
386 22
1415 1610
1924 1
184 1814
1590 839
589 1430
98 575
561 426
1552 760
1347 358
913 411
1918 262
734 1465
795 1370
940 1018
39 180
138 371
1048 1937
1678 683
1674 1871
1362 584
1750 1383
337 856
1795 813
4 225
1637 1978
1115 517
1462 889
35 197
575 1093
836 1985
519 1289
576 1927
668 984
26 907
364 797
1642 259
1157 1477
1141 360
542 505
1459 772
229 704
1489 1097
272 1249
1214 727
1471 394
1206 1872
882 915
1002 1091
1561 1339
803 1055
1384 966
778 580
1986 290
1051 591
1408 1178
975 1488
1895 1436
22 1281
1638 128
1799 1684
263 1233
328 110
453 1097
89 1794
1647 1200
1499 397
1588 899
1153 1569
1775 1259
1618 1199
132 898
730 1751
1591 1507
1077 843
1340 140
1113 424
265 1967
1285 659
979 1672
349 775
300 374
820 113
1071 1994
929 359
1142 240
610 314
1489 1132
1378 1091
752 1623
1942 405
1222 1840
184 1420
1146 1394
733 572
1244 1556
1498 758
1909 903
876 234
1562 1578
622 1096
1152 1081
1164 1075
770 1026
1837 1225
1654 290
410 593
1662 1908
1170 42
1896 1693
262 1726
499 1907
1710 25
1758 1573
1775 481
1740 1792
546 1704
1027 1418
527 426
211 1106
771 148
366 834
1308 70
998 1047
129 783
810 693
110 1193
925 134
1096 895
1373 1572
1061 1404
937 1551
274 824
592 1035
965 980
1361 1005
867 740
166 292
648 1520
1813 28
1815 1054
792 774
1883 1248
679 82
1905 984
1718 1343
1142 974
488 189
864 761
1258 788
571 1693
1919 690
1881 468
466 1975
1921 1861
1012 486
551 1132
249 577
1857 208
1065 801
547 1183
242 325
1908 1867
172 1419
1237 157
837 982
1970 1702
827 85
1559 1202
698 802
329 1371
1898 1036
1803 1039
1676 293
1106 1778
1479 1208
1360 707
1778 1655
958 383
1663 1655
894 238
1080 1952
444 201
753 1286
1104 1264
167 87
100 65
413 1304
597 449
70 243
461 628
1475 638
1406 61
1031 1030
1159 1543
1439 1852
852 1670
1080 793
1243 1251
1760 443
836 1456
958 928
94 458
1624 210
19 732
1382 1313
1728 335
1244 331
1000 1635
1021 1351
1315 1061
1987 1120
923 1984
33 1506
1398 1111
1108 54
1988 799
1229 932
1766 313
380 607
1325 87
922 153
878 421
356 555
42 1467
1447 438
1982 1379
1425 708
1130 1929
351 506
1319 1095
133 621
755 148
644 270
1214 1484
1772 1685
121 1422
379 789
105 1627
1565 488
223 1222
48 1181
1653 281
279 1774
474 1950
1970 327
209 502
1697 457
849 1919
903 8
1566 409
233 838
150 1258
1564 885
957 554
1285 602
1983 113
1818 1666
305 1267
1533 1737
1733 1437
1171 1167
1981 603
422 1692
1610 428
188 699
453 83
1952 450
641 1629
1128 1110
340 1136
325 807
539 381
1847 538
797 1815
1518 1593
970 540
968 513
420 1446
322 563
1156 1867
1886 994
956 436
801 916
1326 200
21 674
573 1604
1663 86
782 1062
61 1510
1514 1537
1929 387
604 1539
1705 945
1045 1287
140 1253
10 1725
1727 1242
1168 697
696 1297
806 804
1554 1536
1921 738
1385 225
203 1917
369 393
126 1367
363 1272
1557 241
311 1165
287 1478
887 190
1 1502
1540 507
1131 554
1673 845
1151 540
627 464
835 1241
1204 529
191 1567
279 260
816 814
1915 972
1273 1720
246 1469
1184 1038
1755 1295
1117 1122
891 1883
76 1334
1448 216
1639 991
1116 1574
1195 928
1836 1092
1611 386
1617 1299
465 102
1616 749
950 1052
1223 855
359 800
297 829
1391 1356
1774 1962
462 1413
1576 702
867 1071
215 1364
1029 697
731 1334
609 515
1503 1230
1217 321
1834 1535
456 196
1457 251
67 1852
1639 455
97 221
1194 520
1445 1220
4 123
1360 338
631 1568
492 923
1246 388
1723 1949
826 45
1234 949
1992 1157
1250 1431
616 219
922 1205
1665 672
1911 1600
1342 357
17 510
467 1877
1997 463
215 1093
509 1279
1680 918
1582 1079
57 1633
294 1954
1909 1400
992 318
1223 95
44 1633
1700 567
1003 1228
483 1586
233 1220
309 1804
1943 521
416 859
1382 536
924 1126
1043 1162
1894 1971
1891 599
1209 1408
74 373
1928 343
1505 1523
347 1245
1844 1076
655 1783
513 1273
1824 1446
1580 590
311 395
1355 1205
1287 611
1305 930
1336 1525
1177 1021
1275 210
455 1434
119 746
1480 94
1053 1563
1890 682
1885 1508
489 1407
1255 992
371 721
432 319
132 899
640 671
1496 1079
1845 14
1632 1543
1087 1435
1516 401
1070 1121
1450 1829
1738 348
85 163
361 1904
1618 858
1602 1144
1675 1035
1517 934
1910 275
3 399
1555 282
991 1309
1626 1912
924 1907
79 13
1831 331
264 267
1171 411
69 1374
1160 888
499 118
1925 805
228 339
1416 1403
624 263
848 459
1709 53
1280 1999
163 1042
1874 1209
1685 1922
748 323
750 1416
786 1628
1723 1859
250 372
1612 296
362 434
1276 1381
1049 1481
412 37
562 372
116 1627
1279 1303
1862 854
1175 959
1946 1827
332 613
1814 1876
52 28
1138 158
936 896
598 304
63 54
1090 1203
12 1147
1419 1378
512 1490
1734 1023
472 1037
1320 1602
336 552
23 244
1442 1485
273 44
551 1759
531 1973
377 391
635 1577
1649 1284
1574 109
702 1779
709 1026
1942 954
951 1168
181 1698
1976 1271
1330 1529
223 1988
1598 248
842 1033
1013 1008
1910 1739
125 1579
1189 833
827 1227
952 162
1540 1196
1167 1874
1191 1752
680 429
1763 1349
657 1101
226 492
1178 1247
280 863
1765 582
657 1512
1199 1905
1247 266
541 15
182 1134
1123 605
1724 508
469 844
1581 823
1645 1234
1671 395
1084 757
470 831
260 476
1595 1731
1749 1013
1549 1100
441 96
196 883
1050 1943
1816 1108
1094 597
1638 424
472 637
1623 1676
1614 1865
948 1147
1707 1835
695 268
778 55
740 1387
1331 1063
1830 682
500 989
283 1652
590 1923
941 1114
88 1817
217 536
406 1570
783 956
92 336
82 1560
606 1508
135 269
998 1210
201 402
1435 1129
908 1389
51 496
927 16
469 1532
1895 1293
438 1594
1428 881
1686 195
170 1270
208 1272
583 1277
971 278
653 1768
1011 1597
704 315
569 1397
1749 1600
384 1484
688 566
1172 591
59 1014
1353 1066
120 1447
969 1274
1493 281
753 729
1198 1298
780 1873
968 291
366 1785
1961 303
1121 1452
1310 1944
1379 1370
1713 1101
869 15
24 68
1770 1622
555 1892
1372 1990
528 205
1306 1417
1089 1959
982 1040
340 1809
1469 1581
1864 1049
1016 678
1848 159
376 1418
1461 437
1494 1649
115 1235
1098 724
1735 1109
1569 1560
1253 886
1830 280
1896 232
289 724
1047 1393
1076 893
1359 718
265 1352
692 880
1212 845
1791 960
576 1088
164 1193
1248 1714
9 1729
1810 650
375 592
1318 1186
347 53
1606 1451
615 1059
973 1344
1940 1138
643 1500
1427 1801
1931 1086
1116 1119
1509 1332
1188 1238
1215 1230
468 1832
32 710
658 1024
264 1866
980 1594
1228 885
1615 900
1609 1823
1948 191
1682 1761
719 779
1858 849
432 1916
1834 1630
1912 1153
1582 405
1758 860
10 683
451 1696
252 48
639 898
713 1665
1625 537
694 1007
1546 484
1528 677
625 1062
1924 298
194 1969
1150 1605
1017 1686
269 1955
598 149
1972 557
1025 1217
1128 587
448 1879
822 345
1375 619
1472 143
2102100
