9
7
55440 277200 166320 50400 720720 83160 45360
5 0
4 5
2 1
1 6
0 6
2 3
55440
15
665280 110880 221760 221760 277200 50400 277200 554400 332640 55440 554400 332640 665280 720720 554400
3 13
10 12
3 1
4 7
9 2
14 6
6 13
8 1
4 10
2 11
4 8
7 0
5 14
1 11
554400
31
221760 110880 50400 45360 665280 277200 55440 110880 277200 110880 277200 110880 166320 720720 498960 554400 83160 277200 720720 277200 83160 665280 45360 498960 498960 166320 277200 55440 110880 110880 50400
6 14
0 8
0 19
3 15
22 21
17 15
30 12
6 29
16 17
26 30
12 20
18 3
27 12
20 5
0 5
5 22
28 2
12 4
7 0
29 3
5 10
13 23
11 9
7 13
29 28
10 3
27 24
25 21
1 24
8 11
332640
62
277200 554400 45360 110880 166320 720720 554400 55440 720720 554400 665280 665280 110880 166320 221760 332640 720720 83160 83160 83160 110880 55440 83160 498960 720720 277200 221760 277200 277200 221760 45360 221760 83160 720720 55440 221760 332640 166320 55440 55440 665280 720720 83160 332640 554400 45360 498960 55440 83160 498960 45360 277200 83160 554400 55440 221760 665280 498960 277200 110880 83160 50400
46 41
46 28
25 1
2 58
55 17
19 39
6 14
33 48
36 19
13 17
52 5
12 35
61 47
35 50
18 29
24 2
22 24
26 53
38 28
44 43
60 29
3 57
57 12
51 14
6 31
56 39
33 21
23 16
45 0
36 15
10 37
37 21
48 38
15 34
18 0
16 47
44 13
3 40
23 49
11 4
41 34
34 7
55 54
20 27
27 11
5 43
54 1
31 32
40 58
26 30
42 32
9 25
45 22
53 56
7 31
4 51
50 52
60 10
30 8
61 8
22 59
720720
125
389844 235620 235620 11466 97020 180180 234234 306306 106722 334620 252252 252252 212940 213444 161700 437580 106470 252252 90090 396396 87516 278460 242550 329868 42588 106470 149058 56628 19404 97020 11466 258570 32340 63063 114660 65065 114660 19404 97020 252252 361998 108900 389844 355740 974610 180180 213444 97020 18564 248430 84084 97020 90090 242550 156156 198198 568854 16380 389844 234234 164934 306306 298116 97020 97020 329868 111540 97020 11466 298116 27300 334620 128700 126126 370260 127050 213444 42588 19404 612612 283140 156156 180180 212940 16380 25740 32340 1014 900900 736164 106470 36036 42588 42588 132132 252252 36036 212940 241332 213444 3003 330 900900 22932 330330 573300 97020 74529 180180 213444 27300 90090 161700 114660 97020 167310 22050 152460 60060 468468 177870 396396 180180 278460 180180
21 9
8 55
32 113
21 65
109 78
12 56
46 2
76 29
79 122
58 0
70 72
96 83
30 82
84 119
102 66
98 48
79 123
48 114
16 49
67 114
70 112
118 66
90 91
33 73
62 93
46 13
19 120
39 124
80 101
25 45
41 74
17 121
94 81
26 30
47 112
23 42
108 110
37 8
45 41
22 53
59 100
35 87
53 52
15 82
0 47
90 25
1 10
36 98
74 7
99 23
85 124
108 43
89 6
107 7
9 19
122 57
38 106
36 64
110 14
123 4
58 78
104 91
71 59
69 77
24 69
35 104
10 26
51 88
49 81
28 99
67 57
24 97
61 95
116 105
103 17
92 54
60 109
115 18
63 68
103 106
107 40
64 96
65 51
117 27
5 85
6 3
93 87
42 62
38 3
97 105
111 31
102 117
77 16
31 40
84 5
72 75
18 4
86 50
68 33
20 115
61 56
34 12
89 27
34 37
73 113
86 43
13 76
11 111
32 94
50 54
71 88
60 44
15 20
52 121
2 1
80 55
14 63
28 39
95 119
44 83
75 120
22 116
29 118
92 11
426888
250
78078 204204 92378 81796 184756 969969 81796 58652 241332 676 932756 156156 94380 78078 9724 780780 104052 704444 184756 40204 233772 106964 391391 241332 161414 223652 34476 39468 244036 676338 298870 320892 368764 204204 494494 572572 94380 171028 211497 374374 11492 355740 99484 494494 86394 522652 106964 141284 554268 836836 423852 495924 81796 644644 695266 220220 273702 12012 61132 126412 273273 379236 468468 5434 276276 2618 780780 52 348348 63206 4692 4004 320892 229276 396474 329498 124982 245388 30420 450604 748748 886236 228228 106964 44044 132132 888212 988988 132132 249964 68068 44044 828828 632060 160446 777062 131404 16926 323466 106964 658812 282302 54340 97526 81796 106964 249964 97812 103246 213444 209209 122694 612612 94380 159068 60214 193116 102718 52052 132132 390390 48620 81796 130130 513084 172822 547404 302588 126412 132132 122694 186238 572572 418418 114114 79534 204204 56628 25740 286286 233818 44574 85514 940654 5746 223652 88218 31372 22308 379236 382602 117572 810084 749892 68068 418418 53482 32604 396396 245388 924924 286286 423852 655044 132132 114114 306306 132132 59774 81796 572572 82524 92092 670956 600457 3718 2772 276276 3588 204204 940654 592020 38038 156156 379236 52052 76076 780780 223652 206492 408980 7436 204204 204204 286286 413820 39468 27588 81796 218348 132132 82654 78078 2002 63206 174174 144716 29172 21318 184756 646932 646932 494 141284 22022 494494 11492 78078 119548 286 9438 988988 68172 16796 132132 66924 22724 830676 102102 423852 334620 69828 159068 132132 126412 189618 106964 4524 233220 12012 308308 396396 70642 25284 754908 94380 513084 46748 71162 320892
110 242
154 0
29 75
100 177
196 31
147 17
92 222
69 111
112 150
93 238
224 85
232 81
39 59
73 7
36 184
248 144
202 194
201 125
157 230
55 41
100 97
24 205
132 27
18 50
1 176
64 248
86 58
125 145
77 113
175 21
2 67
188 156
123 120
185 122
57 62
43 133
71 68
40 23
223 234
164 220
56 206
87 86
101 208
78 230
11 14
57 218
231 19
146 235
240 160
95 30
168 244
66 148
46 209
169 3
25 188
85 71
4 26
159 148
172 89
207 149
58 18
212 213
175 174
234 191
207 249
219 52
4 152
189 108
105 48
109 200
98 56
215 5
53 232
192 33
60 97
83 93
8 120
228 165
144 47
26 51
89 162
32 121
201 99
20 167
2 174
208 137
52 25
69 199
237 117
227 247
96 182
87 118
23 82
42 79
158 176
126 245
143 180
197 129
147 119
170 172
181 74
17 28
183 11
187 112
183 192
102 222
122 103
22 228
47 218
136 160
16 27
1 80
19 106
211 16
177 191
7 80
129 221
88 77
9 15
156 94
150 103
205 179
107 153
0 130
30 113
161 34
242 40
102 187
62 211
212 108
213 155
134 94
223 189
76 135
6 76
54 168
165 134
59 216
221 28
54 128
163 184
116 84
198 180
51 154
48 229
214 105
136 115
215 170
246 104
88 227
46 224
243 244
239 241
49 133
195 12
194 169
146 210
216 173
75 101
91 83
74 204
225 138
21 236
42 193
64 137
145 200
131 38
34 199
118 226
143 72
107 225
178 37
246 238
121 190
203 98
141 140
247 142
5 38
161 6
233 79
32 10
197 82
198 49
70 166
181 245
45 226
186 35
141 152
229 3
53 35
155 182
31 72
61 33
217 239
119 193
149 55
127 114
130 84
36 138
163 131
210 12
203 39
43 114
179 14
235 90
61 249
106 236
73 10
202 13
220 44
178 196
110 214
117 115
171 81
8 151
41 92
109 164
99 124
63 151
153 37
142 22
63 139
157 209
195 116
15 66
173 231
20 24
13 60
111 233
90 243
166 217
68 126
50 237
240 132
162 78
140 45
124 29
206 127
96 186
190 159
128 67
135 185
104 95
139 91
9 123
158 241
70 171
44 65
167 204
940654
500
84700 161700 700700 10150 414700 3850 53900 83300 350900 223300 7700 265650 53900 254100 142100 161700 14700 426300 146740 223300 499100 466900 25300 389620 4900 700700 294350 27300 63700 202300 142100 700700 445060 7700 27300 700700 161700 700700 183260 36300 517650 161700 588700 63700 161700 84700 14700 100100 53900 916300 53900 161700 294350 53900 53900 84700 263900 223300 177100 42630 84700 821100 53900 177100 53900 142100 84700 592900 118300 12100 263900 100100 592900 31900 254100 161700 205700 592900 260260 254100 161700 83300 60900 42350 426300 700700 161700 263900 26950 161700 300300 112700 177100 592900 265650 142100 700700 247940 7700 209300 223300 278300 139150 588700 223300 592900 161700 100100 1820 78650 53900 703570 592900 53900 100100 133980 53900 223300 53900 20300 35700 223300 24150 111650 223300 112700 733700 50050 25300 142100 338100 83300 142100 254100 100100 300300 53900 84700 23100 146300 53900 334950 161700 700700 53900 102850 20300 410550 669900 550550 100100 1100 3300 466900 127050 142100 531300 140140 542300 69300 177100 592900 29900 11900 588700 20300 60900 2380 36300 53900 592900 278300 592900 867100 146300 254100 568100 592900 350350 75900 177100 53900 223300 84700 937860 254100 112700 592900 100100 42900 588700 700700 414700 142100 53900 223300 466900 107100 592900 223300 1100 821100 445060 223300 130900 338100 466900 16100 223300 781550 592900 161700 28420 916300 957950 290 592900 31900 619850 370300 60900 185900 60900 161700 53900 254100 118580 700700 466900 669900 53900 328900 53900 130900 485100 84700 4900 53900 53900 3850 592900 254100 430100 36300 837900 100100 84700 700700 899300 700700 84700 146300 3300 420420 48300 83300 821100 4900 629300 130900 300300 592900 254100 53900 161700 925100 287980 466900 31900 392700 42350 916300 25300 71050 669900 700700 118580 100100 53900 16100 531300 733700 75900 223300 296450 177100 700700 53900 142100 988900 17255 916300 254100 592900 223300 233450 177100 177100 700700 161700 700700 531300 762300 263900 254100 25300 762300 7700 11900 592900 161700 916300 124950 161700 48300 588700 629300 161700 592900 466900 84700 592900 338100 185900 53900 223300 62700 63700 130900 53900 917700 50050 592900 11900 592900 254100 629300 50050 700700 340340 733700 35420 937860 592900 53900 16940 23100 592900 592900 84700 247940 31900 733700 177100 78650 6900 53900 104650 172550 629300 84700 75900 142100 20300 88550 916300 157300 53900 140140 4900 177100 6900 130900 592900 63700 84700 5460 700700 161700 592900 161700 254100 63700 215050 161700 223300 916300 191100 117300 368900 254100 84700 88550 485100 53900 925100 83300 177100 223300 12100 20020 916300 177100 700700 23100 177100 223300 97020 161700 84700 50050 84700 161700 20300 223300 53900 249900 592900 16100 350900 84700 53900 14700 762300 7700 70180 821100 130900 592900 7700 83300 161700 20300 84700 14700 84700 112700 312620 111650 161700 900900 83300 191100 71050 48300 88550 157300 916300 84700 549780 172900 60900 53900 428260 84700 50050 177100 53900 28420 100100 53900 100100 733700 136850 53900 84700 700700 66700 300300 130900 491260 223300 53900 177100 36300 37950 588700 14300 223300 209300 53900 629300 466900 392700 12100 35700 177100 161700 53900 83300 53900 69300 296450 426300 223300 100100 84700 273700 84700 112700
406 8
306 431
125 20
14 324
261 420
270 250
177 85
274 346
290 358
58 216
199 227
52 398
114 298
331 477
255 319
397 472
213 368
391 66
351 335
185 45
153 199
81 255
279 80
267 327
456 128
39 74
117 313
140 374
297 289
415 488
154 239
281 395
459 72
422 82
32 167
359 316
121 195
184 393
54 299
50 309
425 179
77 72
221 446
285 281
133 284
242 69
92 362
100 203
283 186
277 116
85 28
225 159
461 74
494 173
454 392
259 474
207 194
428 251
364 218
227 286
198 276
241 234
257 441
3 52
156 408
205 322
47 495
236 322
479 134
145 102
318 0
13 378
414 119
71 200
193 129
219 397
341 212
94 22
225 55
231 39
400 223
401 452
11 152
402 371
438 172
482 206
40 372
210 240
496 209
276 97
464 43
417 293
228 490
34 487
51 135
338 25
195 13
458 59
221 188
328 158
417 373
339 202
129 106
332 208
202 271
262 477
265 283
131 416
487 421
278 402
229 175
108 114
423 491
336 481
24 130
475 292
175 106
242 388
459 461
471 435
470 425
439 258
430 359
464 240
339 377
389 20
275 178
301 447
157 437
330 58
123 419
298 422
305 102
302 440
427 383
455 287
323 277
207 156
263 230
147 483
28 316
345 149
104 82
463 111
9 6
178 5
185 282
293 181
110 443
315 395
419 69
80 335
40 141
4 135
400 78
403 249
337 308
99 167
192 366
484 409
86 481
33 375
318 466
474 168
126 42
137 183
189 66
247 428
435 311
170 245
224 377
390 310
117 222
458 38
59 312
218 19
83 321
349 60
300 374
427 365
226 345
235 73
451 166
431 10
15 155
7 382
172 334
143 53
210 232
469 426
208 190
44 15
126 180
196 421
30 181
489 29
329 206
100 291
101 171
448 64
158 294
173 357
264 105
288 274
138 204
388 371
289 258
475 295
399 361
187 261
197 256
77 332
379 63
19 115
96 31
108 368
409 457
153 444
307 354
201 497
266 18
499 97
434 342
340 352
484 23
222 491
280 37
164 87
3 125
493 220
70 56
466 43
306 381
94 11
112 187
304 393
0 478
361 301
380 244
237 88
303 268
412 271
452 183
216 468
161 169
190 437
375 360
373 113
90 327
317 46
294 236
267 228
164 57
252 90
350 23
7 463
424 448
348 93
98 414
363 314
492 124
213 308
320 233
78 387
230 65
64 473
149 337
176 370
103 73
127 260
105 67
356 211
380 470
10 304
320 224
246 287
350 418
253 347
247 68
48 198
41 472
79 116
179 280
104 445
109 250
410 354
480 328
305 467
171 391
352 390
140 292
346 410
364 243
150 31
17 363
340 45
26 438
476 65
214 392
50 403
76 411
382 37
454 348
490 203
356 432
266 401
360 101
214 430
296 473
119 220
496 469
27 440
385 26
353 151
282 418
139 406
355 254
367 170
17 416
144 296
370 110
325 21
243 326
384 439
61 248
36 254
138 387
493 53
245 34
444 355
404 47
405 343
407 313
295 132
455 109
413 460
451 333
233 447
63 479
446 200
29 163
147 383
48 113
499 163
324 494
399 107
60 381
25 288
412 148
18 196
217 9
12 286
358 252
182 142
434 1
212 478
24 408
445 122
160 162
57 398
132 120
323 150
321 188
154 1
237 300
396 394
204 311
142 423
232 51
61 264
191 71
270 83
176 450
249 16
123 357
144 67
378 424
330 244
442 122
134 5
334 96
157 2
415 35
81 146
344 191
331 284
141 194
456 486
229 84
165 89
41 223
307 169
436 453
389 49
341 128
385 55
426 201
386 394
49 238
226 433
75 269
405 279
88 492
231 99
87 143
68 162
384 480
256 21
471 95
56 429
127 273
462 92
76 145
485 278
268 372
260 16
432 192
107 303
272 497
489 6
347 498
112 285
314 130
465 2
168 272
433 8
166 174
441 291
319 467
325 483
70 27
159 211
241 465
131 91
460 429
205 336
165 124
62 338
120 485
442 35
344 36
449 38
362 155
457 482
413 265
449 299
436 219
146 462
312 396
239 44
111 453
365 32
184 342
197 152
118 136
310 95
367 275
22 248
174 139
351 148
263 33
369 54
217 246
136 379
103 14
326 251
30 315
180 98
84 75
273 42
161 93
333 269
177 329
115 407
386 259
376 253
498 366
349 62
297 91
309 160
495 376
450 257
86 262
209 443
234 46
215 476
118 411
343 235
369 12
317 89
4 182
79 133
302 404
488 137
353 186
486 151
468 189
193 238
121 420
1185800
1000
166320 166320 554400 554400 221760 665280 554400 55440 45360 554400 720720 110880 277200 665280 166320 166320 498960 83160 332640 665280 50400 221760 50400 166320 498960 332640 166320 498960 110880 498960 554400 83160 50400 83160 277200 554400 665280 221760 277200 332640 166320 110880 166320 50400 665280 166320 554400 665280 45360 332640 665280 55440 332640 665280 277200 665280 110880 166320 554400 221760 720720 720720 50400 83160 277200 277200 498960 83160 45360 221760 83160 277200 332640 277200 221760 55440 221760 110880 720720 554400 498960 332640 332640 221760 554400 221760 498960 110880 498960 277200 332640 665280 166320 83160 55440 55440 332640 554400 498960 498960 332640 55440 665280 55440 720720 554400 498960 83160 166320 720720 45360 83160 50400 665280 277200 110880 110880 277200 166320 665280 221760 45360 83160 665280 277200 221760 277200 498960 166320 45360 332640 277200 55440 50400 332640 221760 498960 332640 110880 554400 277200 665280 45360 665280 83160 277200 665280 55440 665280 45360 332640 332640 221760 45360 498960 55440 110880 55440 665280 277200 498960 665280 110880 665280 277200 221760 665280 665280 498960 720720 83160 277200 277200 45360 665280 166320 83160 720720 55440 221760 50400 166320 554400 45360 45360 277200 498960 55440 83160 50400 45360 221760 554400 332640 332640 665280 277200 83160 720720 665280 50400 50400 665280 50400 50400 277200 665280 110880 277200 166320 277200 277200 166320 720720 83160 55440 55440 332640 83160 720720 55440 498960 166320 554400 50400 498960 332640 166320 720720 45360 277200 277200 554400 55440 498960 55440 665280 221760 45360 110880 110880 110880 332640 50400 50400 498960 83160 277200 55440 720720 45360 50400 83160 50400 45360 50400 221760 83160 166320 55440 45360 110880 665280 166320 498960 277200 83160 50400 665280 45360 665280 45360 332640 720720 50400 110880 277200 110880 110880 110880 498960 498960 166320 720720 50400 277200 221760 55440 221760 498960 665280 55440 665280 55440 110880 110880 166320 83160 166320 665280 665280 332640 110880 166320 166320 720720 110880 50400 498960 554400 83160 554400 50400 83160 277200 665280 720720 55440 498960 50400 166320 83160 50400 55440 720720 332640 554400 55440 83160 55440 498960 166320 50400 45360 498960 45360 55440 50400 45360 665280 332640 110880 45360 498960 50400 45360 554400 498960 221760 498960 498960 554400 221760 55440 498960 83160 665280 554400 498960 45360 332640 554400 45360 50400 45360 720720 50400 221760 55440 55440 720720 83160 50400 554400 221760 83160 554400 665280 166320 332640 83160 498960 498960 277200 55440 498960 221760 166320 221760 110880 665280 554400 332640 498960 45360 221760 665280 332640 277200 45360 55440 110880 665280 498960 554400 665280 166320 110880 50400 55440 665280 55440 55440 166320 166320 277200 45360 720720 50400 277200 45360 50400 45360 45360 221760 498960 277200 498960 50400 110880 50400 665280 554400 554400 498960 720720 110880 110880 110880 45360 110880 110880 83160 498960 110880 277200 221760 332640 55440 166320 55440 50400 45360 277200 332640 55440 166320 55440 83160 50400 166320 498960 720720 50400 50400 110880 554400 166320 498960 554400 110880 554400 83160 498960 166320 83160 221760 665280 50400 554400 83160 166320 166320 83160 166320 665280 45360 277200 110880 665280 50400 221760 55440 277200 45360 83160 665280 166320 55440 55440 83160 110880 665280 50400 110880 83160 554400 277200 498960 55440 277200 50400 50400 166320 332640 720720 110880 221760 554400 554400 45360 50400 83160 554400 665280 55440 55440 166320 720720 166320 166320 554400 720720 50400 45360 498960 498960 110880 166320 50400 166320 720720 665280 554400 55440 277200 55440 665280 83160 554400 50400 332640 166320 554400 221760 221760 498960 83160 45360 83160 50400 110880 332640 166320 83160 45360 166320 110880 221760 221760 554400 665280 166320 332640 110880 720720 332640 50400 221760 221760 554400 554400 50400 498960 221760 110880 83160 55440 221760 665280 332640 55440 720720 498960 498960 110880 110880 332640 110880 50400 332640 110880 332640 221760 50400 221760 45360 554400 50400 332640 55440 110880 665280 277200 554400 720720 554400 45360 55440 221760 166320 277200 50400 83160 277200 665280 221760 332640 110880 50400 277200 110880 720720 45360 498960 55440 332640 332640 110880 554400 277200 720720 332640 332640 166320 45360 498960 554400 166320 498960 665280 55440 554400 554400 83160 55440 332640 498960 665280 332640 110880 221760 166320 277200 221760 665280 45360 83160 498960 277200 720720 166320 277200 50400 45360 554400 332640 55440 277200 221760 221760 665280 665280 498960 498960 83160 221760 221760 50400 166320 166320 665280 554400 277200 665280 277200 50400 221760 110880 277200 332640 554400 332640 50400 45360 166320 221760 554400 55440 50400 554400 110880 665280 55440 55440 720720 45360 166320 83160 166320 221760 665280 332640 45360 50400 55440 665280 665280 554400 110880 166320 277200 720720 498960 498960 665280 221760 720720 166320 665280 55440 498960 720720 45360 50400 45360 83160 55440 554400 83160 720720 110880 221760 498960 720720 221760 332640 554400 554400 277200 50400 221760 166320 83160 166320 498960 221760 83160 45360 166320 332640 55440 166320 55440 110880 554400 720720 665280 554400 83160 498960 277200 83160 277200 50400 83160 554400 166320 45360 83160 83160 55440 221760 166320 166320 166320 720720 83160 720720 50400 720720 45360 498960 55440 221760 50400 110880 166320 277200 83160 498960 665280 332640 665280 554400 83160 83160 45360 166320 277200 720720 166320 277200 720720 720720 665280 55440 110880 55440 332640 554400 332640 166320 665280 83160 332640 110880 720720 83160 498960 110880 332640 277200 50400 110880 498960 110880 554400 55440 110880 221760 332640 83160 55440 720720 498960 720720 332640 554400 110880 554400 332640 720720 221760 45360 166320 332640 720720 83160 110880 83160 50400 720720 277200 720720 83160 720720 45360 221760 332640 332640 50400 332640 332640 50400 498960 498960 166320 554400 554400 665280 50400 277200 166320 83160 554400 45360 83160 221760 45360 277200 166320 55440 554400 83160 221760 45360 110880 720720 277200 83160 166320 665280 83160 665280 110880 332640 55440 166320 277200 83160 45360 166320 720720 554400 45360 498960 277200 277200 277200 45360 50400 110880 720720 498960 110880 50400 221760 166320 50400 720720 50400 83160 50400 498960 110880 277200 332640 50400 83160 554400 665280 110880 55440 554400 498960 45360 221760 45360 498960 110880 665280 498960 332640 83160 277200 277200 665280 55440 332640 110880 332640 50400 110880 50400 55440 45360 720720 45360 221760 554400 166320 665280 332640 498960 332640 45360 83160 554400 45360 45360 110880 720720 83160 665280 110880 554400 498960 55440 498960
66 520
661 161
144 119
217 742
670 578
246 461
388 912
643 985
438 412
24 939
832 107
345 245
636 701
316 151
827 790
723 423
357 314
116 458
93 870
329 561
571 122
889 72
342 633
875 728
933 111
117 856
838 883
526 860
225 308
525 257
694 649
772 586
885 278
395 375
170 29
109 203
571 593
200 24
819 476
544 627
327 22
965 683
99 106
905 129
486 713
306 481
508 577
567 68
118 590
100 787
468 16
517 12
404 240
532 55
431 952
566 181
867 372
497 126
439 197
504 75
111 168
243 7
951 448
79 983
508 901
884 368
956 764
52 276
768 761
736 399
826 871
212 9
567 383
735 641
509 101
31 846
20 814
447 205
731 47
382 145
466 306
771 9
665 216
932 584
748 253
309 326
662 832
359 949
244 930
50 439
128 519
944 178
647 804
717 491
864 291
673 954
275 518
390 455
515 280
529 140
718 847
946 374
907 590
581 935
967 919
670 84
361 918
451 340
903 588
427 105
314 230
868 265
612 167
544 842
596 220
437 243
409 12
256 523
971 750
858 228
405 568
160 800
616 294
841 505
691 876
380 506
751 358
580 364
128 189
252 707
803 444
880 526
275 540
6 347
501 983
131 596
270 695
616 183
782 60
115 987
729 103
409 77
723 806
714 249
556 600
420 679
21 479
161 823
566 494
829 278
249 974
324 541
384 255
993 587
84 35
65 130
762 214
87 894
355 938
582 232
979 880
118 753
49 960
719 789
672 993
934 396
953 234
810 502
109 570
389 557
976 98
984 510
578 18
365 146
946 489
351 712
885 777
649 346
875 682
784 964
429 841
341 646
14 153
45 182
121 41
683 980
126 502
363 948
211 392
183 675
692 64
903 878
530 824
614 916
0 310
295 974
48 375
917 873
303 338
136 16
923 906
63 386
135 883
463 745
881 196
186 452
746 710
964 149
685 665
743 204
570 27
912 970
788 982
709 635
196 457
185 813
136 625
237 812
155 955
441 851
427 600
833 928
577 796
269 285
803 995
277 263
652 967
296 143
516 529
416 795
296 676
756 637
378 812
934 639
954 199
650 850
767 288
778 51
290 206
599 468
403 117
147 241
5 514
307 404
124 660
694 108
187 388
939 926
43 341
611 295
941 8
667 81
583 25
996 445
763 860
422 310
91 470
68 715
641 444
549 133
325 125
937 521
642 26
757 379
999 455
859 73
259 58
690 640
13 550
369 793
913 448
299 820
134 374
782 387
266 910
82 225
217 830
37 927
539 292
488 322
675 815
738 152
132 382
42 389
515 267
317 53
564 960
40 945
86 300
631 658
105 918
780 859
530 283
634 857
610 250
298 330
846 834
393 193
292 808
412 223
660 626
467 190
77 262
419 231
103 311
999 722
475 235
453 413
446 473
774 230
165 340
406 998
30 56
191 517
178 142
276 438
736 366
705 591
884 624
858 318
383 640
663 392
423 615
657 473
343 595
553 776
624 484
357 153
741 785
972 882
893 774
450 907
845 459
865 811
619 630
992 93
969 350
418 781
410 377
589 48
535 900
906 776
286 172
163 599
188 197
408 321
202 34
503 647
414 552
501 360
92 61
558 734
767 747
659 227
864 57
303 246
478 414
922 395
584 621
194 446
688 888
110 71
192 895
337 282
552 908
49 312
648 781
813 135
417 942
86 878
483 807
543 78
791 836
179 725
157 710
876 174
953 837
356 854
411 443
573 560
260 757
480 940
892 348
827 432
756 367
805 58
280 141
587 779
27 433
563 200
494 792
968 689
114 134
8 630
289 643
184 187
611 221
428 923
554 744
759 54
482 623
693 132
199 635
586 847
300 478
421 195
245 810
179 90
222 509
648 716
158 769
815 617
733 874
319 123
239 527
668 719
911 141
62 235
363 346
293 941
344 620
985 580
962 947
755 603
69 325
804 902
928 583
298 419
305 281
322 265
5 631
56 54
901 510
373 496
164 362
218 839
704 786
362 634
30 558
531 96
936 801
961 739
189 721
966 572
654 769
233 671
487 232
560 870
995 215
254 926
43 420
219 524
535 212
598 354
745 454
998 169
520 981
927 799
377 408
608 323
45 557
893 657
909 177
628 155
559 180
504 831
762 156
604 817
851 696
376 669
548 997
740 924
456 397
794 838
891 440
171 290
932 204
129 837
35 711
550 799
606 965
247 894
902 511
411 334
88 338
181 273
356 482
779 70
608 895
7 154
164 108
317 429
793 483
978 272
271 817
638 328
57 94
555 47
674 603
724 285
21 537
227 3
855 437
727 766
205 499
451 989
961 575
863 466
166 920
233 353
440 909
677 592
279 435
474 148
963 407
137 238
127 365
369 112
127 198
435 150
486 125
46 613
89 355
219 873
700 481
976 443
139 334
192 41
191 617
115 261
882 493
436 424
302 251
74 201
104 516
747 549
842 938
176 213
823 533
680 59
371 546
689 96
220 816
831 422
525 713
55 994
476 801
924 521
642 442
935 297
699 401
898 809
990 301
910 287
74 364
497 783
562 636
36 724
167 102
716 826
401 651
547 991
944 195
940 594
262 547
908 703
368 70
807 335
318 209
4 765
23 236
293 592
1 477
347 496
915 257
291 99
890 402
678 773
410 766
579 460
576 316
573 988
349 394
770 352
175 712
830 959
248 289
892 42
959 943
454 852
331 463
614 867
477 726
866 264
534 286
399 480
82 492
717 565
542 759
131 304
729 156
569 465
336 121
802 662
848 833
814 740
555 786
695 929
855 737
897 332
772 574
686 321
879 252
524 994
376 345
430 540
215 102
370 500
937 313
545 958
467 514
499 203
681 824
673 38
849 315
690 424
470 315
971 261
348 393
251 224
696 789
64 822
972 242
950 457
613 433
886 856
513 81
539 130
591 863
407 877
933 160
40 304
87 330
75 159
531 441
268 154
461 914
962 770
492 133
391 663
353 95
150 384
180 218
621 597
11 881
299 396
426 698
113 821
479 773
542 193
706 750
730 545
231 472
872 656
821 283
952 428
465 223
253 664
90 896
947 359
559 625
742 619
272 798
248 69
705 986
326 607
80 904
914 405
911 697
518 541
569 490
988 13
123 963
979 576
565 33
39 612
469 734
301 485
527 0
50 259
669 449
922 294
308 194
367 92
198 879
415 563
337 2
564 955
760 522
687 464
949 764
416 398
19 487
14 626
97 95
733 434
829 65
594 78
866 763
850 91
3 311
124 489
653 333
228 677
711 53
865 992
366 255
551 816
186 104
381 685
708 891
622 797
207 159
845 704
780 899
72 379
372 707
38 869
244 263
579 809
958 585
381 645
266 753
20 843
88 229
890 425
505 417
491 148
697 324
811 202
919 556
1 162
888 921
171 748
849 666
778 67
44 798
216 684
721 250
462 752
731 536
950 604
11 333
537 632
503 221
267 548
17 25
687 459
572 942
553 206
165 28
714 173
140 775
83 806
147 693
271 269
844 76
323 511
605 484
645 112
700 877
638 177
385 629
495 684
732 989
63 905
862 744
361 349
6 500
980 62
113 513
284 737
637 735
258 655
33 667
618 386
632 157
319 360
758 828
987 656
312 46
818 602
287 853
168 533
18 609
431 915
15 582
23 551
787 170
872 430
343 32
957 143
688 755
342 727
861 352
543 471
29 808
702 241
968 418
73 672
956 969
691 488
653 474
498 706
224 22
931 785
10 59
874 335
931 288
184 260
282 166
825 871
320 602
240 749
981 485
67 818
472 532
519 209
350 39
378 385
978 775
783 725
943 627
471 229
726 302
702 692
247 948
339 588
771 281
34 52
116 652
921 98
751 887
354 718
458 618
889 966
699 844
4 174
589 512
238 534
975 380
854 996
709 848
752 152
920 313
984 344
453 973
853 226
794 861
273 452
188 242
820 897
561 977
628 464
609 421
71 387
176 668
784 746
651 862
802 678
208 469
373 664
658 754
654 633
754 720
151 100
61 868
119 214
169 610
456 371
270 646
679 761
674 80
60 825
836 593
19 644
703 622
391 743
358 190
671 904
400 575
442 732
741 268
254 158
913 538
536 506
595 106
629 507
708 239
394 305
681 66
936 581
945 659
991 237
236 568
686 274
676 605
528 37
26 749
173 680
839 434
916 320
462 402
51 896
790 730
264 970
397 432
172 512
114 819
400 900
917 990
701 210
277 398
336 765
185 149
834 210
601 720
17 682
852 898
538 85
930 28
666 403
822 973
797 211
728 623
639 777
957 79
475 498
554 138
650 796
279 620
97 982
835 76
339 234
738 495
585 10
226 929
760 788
138 840
328 436
425 139
562 370
163 120
886 426
175 309
32 615
351 598
606 528
899 222
297 792
329 857
413 406
997 2
887 722
450 698
840 256
828 36
85 607
601 120
493 507
208 449
661 768
390 795
89 107
137 460
523 146
597 800
213 574
975 284
758 546
44 182
83 274
162 986
925 332
791 835
925 843
145 31
207 951
15 258
142 655
94 445
101 490
739 201
110 805
977 447
122 522
644 331
327 144
415 715
2517480
2000
924924 84084 15834 180642 120666 149058 422331 187572 198198 807534 450450 184730 140140 12870 925106 592020 140998 128271 298116 72618 156156 306306 518364 604758 693693 6468 495495 495495 198198 71162 182182 90090 234234 46 389844 162435 70070 6825 660660 31262 234234 155771 213444 6468 4998 99099 483140 2030 924924 160446 174174 9282 897897 25025 638319 238238 42588 286650 359513 32538 74529 36036 561561 24843 348348 139230 170170 462462 140140 186615 153153 675906 66990 61347 86394 4862 693693 274890 714714 170170 204204 748748 308308 71162 266805 84084 126126 294756 88725 80444 966966 578578 851598 136045 371910 183396 91091 9338 177870 102102 172431 332514 8932 182182 308308 215985 198198 273273 66066 662354 231231 234234 357357 6468 105105 819819 12558 51051 76230 531454 198198 63063 102921 322322 188370 2340 33033 897 204204 355740 79764 63063 53361 81796 63206 149058 87906 126126 166257 78078 149058 533610 600474 60030 409101 546546 62790 100793 298116 714714 221 149058 47481 70070 441525 111265 306306 75922 164934 11011 252252 59202 315315 174174 308308 5313 174174 180999 141933 15015 18018 119119 532350 75922 177870 247962 693693 889350 99372 273273 974610 38962 255255 266805 28420 23595 10556 308308 986986 630630 390390 60060 467313 612612 90090 126126 231231 211932 6930 87516 254100 110110 242550 630630 117810 65598 974610 213486 33033 41470 19227 52052 88935 17017 462462 36036 24843 431970 146523 195195 387090 442442 71162 249067 429429 714714 53482 6006 40898 172788 201586 39039 355740 110110 57477 204204 281358 42042 25578 198198 29601 266805 178002 31603 74529 35574 21021 132132 14014 204204 604758 396396 55770 55692 146234 630630 78078 273273 170170 462462 324597 1012 102102 2842 3927 77077 32487 324870 165308 198198 974610 308308 715715 17017 332514 595595 55913 236691 52780 991185 8526 127050 84084 638 962676 132132 123981 92820 254898 213444 9282 7917 748748 126126 39039 53130 770770 522522 990990 924924 894795 82810 533610 6902 126126 126126 547491 845614 13090 748748 18018 21252 122694 151844 150150 884442 71148 2695 66924 38454 528003 231231 84084 140140 770770 129948 330330 24255 22308 743820 70070 52052 124410 3094 154154 899899 182182 660660 63063 88935 76230 74382 714714 78078 286286 693693 638638 897260 76636 152460 132132 234465 2002 858858 824670 105105 210540 106722 210210 198198 140998 19019 28014 330330 105105 234234 456170 46046 30276 48510 22011 385385 231231 379236 105105 106722 153153 379236 612612 17017 36465 84084 858858 80388 66066 331177 49686 74052 238612 476476 24843 462462 322322 660660 870870 14014 105105 177870 442442 156156 714714 442442 6006 348348 38115 99099 39039 889350 106722 296450 6468 152460 4641 42042 3630 434826 103530 4004 265727 106722 385671 105105 231231 75075 117117 56628 1078 51051 663663 46893 76076 130130 79170 485100 533610 422994 84084 210210 90090 77077 213444 57330 439530 518364 211497 420420 308308 429429 87906 485199 518364 126126 412335 231231 80388 93786 330330 315315 355740 161161 770770 49764 140998 546546 47190 23023 414414 213486 177870 19635 450450 64974 242550 455455 462462 660660 147407 499902 187187 468468 20449 117810 71148 660660 86394 924924 355740 286286 90090 43758 97020 18326 70070 64974 57330 58604 119119 50820 106722 133518 118580 957957 22022 546 120428 210210 38318 546546 495495 322322 51842 15834 63063 420420 42042 533610 102718 392196 126126 63 138138 770770 55692 765765 86394 102102 54978 273273 306306 604758 12012 113883 429429 870870 845 442442 748748 294 660660 357357 47502 126126 18326 273273 462462 420420 777630 462462 561561 154154 571389 462462 390390 49686 118580 807534 462462 583219 219351 330330 198198 630630 198198 9009 198198 161700 180642 835142 177870 260260 46046 990990 63206 34476 99099 812406 131950 22022 481338 40194 38709 49686 149058 12012 198198 32538 54978 137445 109956 80388 213444 171171 154154 74382 286286 162932 227766 315588 2772 165165 134589 308308 690690 2205 102102 462462 102102 298116 759759 13398 220220 91091 180642 962676 84084 130130 198198 58443 645337 68068 19734 204204 154077 58604 13794 98670 201586 266805 805805 797181 693693 715715 42042 782782 87516 182182 462462 51051 665028 138138 132132 114660 247940 53482 8330 126126 870870 20111 210210 97461 45045 105105 4851 728364 640458 4466 61347 924924 924924 195195 120666 286286 84084 323466 170170 481338 117117 86394 714714 273273 273273 42042 990990 66990 223146 110110 51051 1820 66066 442442 1694 132132 472758 44044 198198 177870 148764 870870 10890 782782 402220 180180 161161 388542 195195 714714 609609 11011 574287 227766 807534 42108 66759 289884 78078 160446 11310 210210 21021 42042 12012 993531 644644 95550 117117 835142 638 25806 15015 157794 821338 9702 357357 148225 584430 390390 164934 110110 471900 355740 72471 182182 612612 126126 43732 210210 110838 536877 522522 99099 161700 66066 198198 182182 9702 6699 106260 246675 762671 693693 720447 97020 217413 66066 294756 714714 424879 19404 9282 572572 381225 58443 61347 164934 42042 102102 533610 15015 131859 952476 572572 152460 63063 546546 320892 79170 12586 36036 20097 74529 644644 907137 533610 104907 78078 374374 306306 156156 462462 132132 132132 201110 355740 65366 546546 374187 870870 210210 177905 64974 31262 164934 118580 308308 248430 16269 510510 213444 71148 147378 613470 153153 907137 604758 63063 41745 96558 552279 77077 87087 396396 106722 10710 44044 391391 300300 70070 364182 248430 7917 248820 74970 44436 137445 858858 35574 198198 105105 409101 546546 110838 182182 42042 462462 26026 43316 54978 640458 34034 308308 15015 364364 283866 788970 7007 390390 667667 77077 330330 117117 66066 138138 36036 51051 714714 138138 126126 78540 390390 329868 422331 172788 78078 126126 943602 21658 154154 100793 109956 106722 330330 870870 9555 201586 400554 74529 909194 106743 4060 63063 84084 77077 68034 154154 210749 714714 229908 281358 54978 221221 646646 377377 11781 194922 585585 82810 329868 5082 77077 924924 302379 545468 1794 604758 52052 66066 6006 9282 140140 55419 2548 19635 863940 276276 9802 64974 546546 434148 177870 99876 889350 45815 126126 66066 106722 462462 106260 78078 81627 82810 63063 182468 204204 598598 403767 476476 38148 414414 42042 693693 19110 47775 273702 693693 77077 43758 78078 518364 35490 66066 546546 490314 92092 70499 703395 604758 213444 934626 42042 90090 254100 66066 245388 154154 2730 27846 632247 194922 59290 537251 84084 99099 66066 446292 154154 84966 165165 5082 797181 462462 296450 131859 869652 61347 92820 41209 476238 210210 714714 948090 561561 97020 260260 84084 18590 546546 3234 76230 364364 87087 58058 805805 110838 231231 421498 1001 40898 115362 97461 10829 143990 315315 120666 177870 66759 203203 8004 2223 147378 446292 140140 210210 110110 161161 21692 132132 64974 495495 58058 42042 283140 235620 12558 99099 49266 132132 48510 64515 64974 7917 490245 42075 40194 368186 145145 204204 390390 71162 238238 366597 15015 154154 24882 143990 106964 43197 102102 22022 714714 580580 247962 57477 976140 62524 75922 238238 149058 165620 455455 324870 234234 510510 966966 22022 90090 198198 149226 66066 116886 16269 38115 63206 248430 8085 118755 164934 663663 6006 924924 63206 14014 259182 34650 269178 116886 99099 63206 42042 355810 533610 132132 471900 267036 84084 6468 374374 510510 163254 105105 429429 182182 2940 137445 78078 132132 15246 357357 54978 8874 91091 84084 54978 126126 39270 12012 714714 4862 88935 68068 578289 63063 96558 106470 241332 78078 46893 736890 186116 132132 170170 191590 170170 164934 213486 11781 210210 99372 723996 462462 102102 12441 552279 273273 714714 312156 163254 294756 765765 5929 102102 99099 194271 102102 63063 148764 663663 126126 126126 119119 187187 66066 78078 38962 95004 2310 533610 603330 132132 66066 322322 242550 123981 78078 546546 690690 986986 126126 835142 302379 21294 49980 391391 238238 924462 84084 177870 546546 462462 630630 198198 213444 110110 900900 819819 274890 33033 182091 315315 889350 294 462462 2618 97020 18018 79695 122694 248430 121275 344862 66066 15015 770770 380926 177870 182182 522522 154154 462462 549780 192270 629068 191100 91234 390390 117117 451605 574770 431970 163254 209814 40898 102102 5577 420420 462462 210210 106722 3234 102102 204204 210210 19734 462462 231231 242550 640458 105105 522522 114660 462462 660660 623007 153153 213444 39039 273273 170170 286650 109956 72732 322322 315315 49686 845988 198198 29645 177870 122694 506506 630630 286286 561561 45045 11466 546546 259182 88935 140140 195195 4004 90090 990990 177870 66066 722085 2541 361284 986986 598598 31395 7007 240149 986986 49588 100793 145860 462462 167739 102102 693693 693693 195195 5082 294060 259182 522522 546546 979524 58905 844662 533610 64974 343070 8281 156156 204204 379236 36652 156156 531454 154836 24843 174174 462462 802230 6699 357357 60214 263718 177870 92510 185955 165165 33462 201110 64974 157794 87516 278850 818202 736890 12012 102102 630630 70980 140140 140140 77077 137228 522522 406406 156156 93786 77077 720447 693693 924924 396396 374374 604758 47124 281554 858858 873103 117810 231231 374374 533610 195195 94809 154154 66066 70070 385385 114660 116116 154154 561561 82110 221676 16965 966966 374374 165165 15210 57596 942123 83655 522522 918372 88935 15834 222530 63063 165165 481338 14007 444675 248820 290290 966966 276276 7098 132132 182182 84084 33033 390390 435435 119306 762300 495924 966966 462462 86394 977109 818202 35574 105105 308308 252252 51051 322322 444675 213486 36652 60333 5082 343882 204204 149058 736164 139230 990990 90090 924924 146523 193116 533610 924924 140777 14014 462462 12705 547404 18564 420420 462462 476476 82810 396396 66066 82467 198198 858858 213444 195195 324870 156156 561561 267410 695266 117117 52052 93786 20706 820743 630630 924924 177870 132132 216580 106722 210210 16269 39039 120666 61347 90090 66066 595595 44044 77077 105105 113883 130130 35490 72930 210749 23716 43758 102102 163254 149058 468468 22022 3519 38454 189805 42042 468930 308308 27209 38962 24794 47502 462462 330330 858858 177870 390390 180642 924924 178002 44044 210210 120666 180999 97461 162435 71162 213444 924924 476476 429429 177870 48510 30030 286286 330330 278460 231231 357357 714714 455455 462462 35574 90090 437580 52052 238238 18018 364364 252252 238238 231231 152460 126126 154154 84966 97461 355740 10353 77077 124950 455455 714714 132132 45815 26390 35490 269178 24882 390390 111540 533610 603330 430882 819819 74052 220220 18270 213444 897897 41412 13398 55770 485100 10005 65065 634491 70070 5082 84084 389844 174174 129591 102102 18018 422994 301665 6006 273273 129948 638638 21252 32340 274890 495495 164934 19074 216580 19074 52052 58058 821106 84084 533610 647570 517215 106722 42042 267036 198198 201586 616308 213444 690690 462462 653718 80850 106722 132132 231231 177870 24794 45815 78078 33033 858858 467313 277095 25410 110110 234234 119119 84084 330330 421498 36036 5390 66066 87087 77763 274890 924924 422994 180642 350727 934626 36946 152460 39039 66066 97020 221221 322322 156156 6188 198198 10710 306735 910455 400554 434826 828828 166257 420420 98049 261261 364650 105105 330330 12441 149058 322322 873103 51714 308308 174174 78078 118755 138138 58604 5278 498134 111826 154154 462462 462462 69069 77077 39039 70070 924924 462462 385385 924924 553146 59290 216580 286286 515823 97020 546546 494508 220220 266805 99099 663663 213486 210210 77077 759759 29988 276276 72930 68068 62118 88935 103530 71148 241332 80850 131859 89726 91091 2310 89012 84084 15246 143143 27489 177870 357357 140140 528003 259182 154154 308308 900711 495495 217074 60214 79373 51051 411684 102102 294060 28014 117117 64515 110838 238238 231231 64974 94809 91630 127050 24794 546546 331177 44660 139230 990437 946764 396396 660660 94809 62790 14014 77077 311542 140140 52780 5460 209814 12705 54978 39039 78078 97020 212940 204204 182182 966966 335478 266805 100793 187572 210749 467313 26565 121275 117117 554190 286286 10092 37961 609609 245388 442442 745290 93786 126126 78078 71162 60996 714714 78078 329868 74646 99372 68614 266805 2244 15708 36036 117117 293046 155771 33033 628082 311542 429429 2541 14399 66066 364364 279174 165165 110838 66066 35322 468930 122892 361284 106722 20286 16905 92092 138138 266805 105966 74529 749853 306306 3146 80850 525525 693693 42042 46046 546546 177870 545468 182182 161700 205842 563108 150150 630630 30492 64974 86394 195195 546546 546 55506 90090 68068 60214 22022 46475 4641 414414 714714 306306 99099 204490 87516 40194 161700 858858 138138 414050 143143 195195 252252 117117 56644 66066 119119 106722 879060 546546 389844 70070 518364 189618 231231 66066 39270 446292 105105 414414 210210 819819 126126 462462 9163 53130 638638 156156 132132 154154 68068 390390 281554 24255 140777 201586 237510 113883 160446 389844 1078 344862 53361 884268 93786 462462 44044 549318 533610 442442 5390 9996 30492 99099 165165 630630 630630 3003 160446 99099 17787 948090 924924 612612 139230 24843 364182 255255 64974 217074 78540 88935 23716 63063 40222 195195 113883 160446 102102 201586 102102 434826 483483 212940 72358 511819 462462 406406 204204 233772 693693 462462 48510 388542
423 648
1026 222
985 1843
614 1795
672 1218
377 1143
1163 506
1732 1162
1057 1139
1948 556
330 47
1495 179
1132 1857
960 803
1305 367
1640 1914
1129 1791
1056 1080
1662 1128
1864 138
1624 334
279 760
442 445
1942 1409
1441 1930
152 307
1521 635
1760 320
295 116
411 1125
157 755
142 455
1986 542
269 688
1553 171
678 1721
1278 913
511 1350
123 103
1493 868
1351 201
1446 1570
1403 469
940 659
1277 1092
1612 1333
135 1450
1564 1971
1578 1053
1904 960
91 689
1956 1297
1240 87
930 1360
562 106
1254 1083
604 342
1877 677
595 504
1162 998
534 4
633 377
891 169
1796 213
240 1224
415 988
357 1319
437 1121
224 1274
1090 1320
1043 168
84 1224
525 636
1567 1514
1456 1839
1123 1371
548 171
1549 1677
632 1746
882 93
1417 374
1346 944
764 1461
900 343
294 1422
654 1512
599 327
148 1327
1234 1804
1193 1455
192 230
1011 1218
571 1072
639 601
1743 494
344 1087
843 1930
246 1294
674 1979
857 1920
1347 877
1486 1792
1668 1587
1729 563
1307 401
294 1921
861 993
1589 701
1070 979
379 78
1511 1992
278 39
1655 1341
686 1824
1127 833
1339 1655
363 430
1602 559
67 794
371 521
1595 1052
1075 1614
1021 115
124 1583
1996 1913
1203 297
1155 1881
1787 191
1594 1240
1034 1149
291 1495
449 69
1036 215
1664 1489
1526 1886
220 1315
1897 922
620 484
1609 701
718 1654
1300 125
303 1713
1706 1252
1065 173
1382 1605
1389 1404
1440 85
1989 101
33 1540
849 1439
300 1771
1453 741
1769 1663
1892 935
814 274
567 658
645 1228
1313 724
1510 128
1017 1863
1966 739
1268 178
799 1828
478 428
1383 1074
808 227
127 859
687 332
1936 1169
702 1683
613 1267
742 762
467 593
863 1894
541 653
495 746
1939 241
1145 429
1688 995
1783 277
1639 79
82 1560
322 1176
1865 1216
247 843
204 1740
208 45
978 509
1434 261
325 18
1168 439
1005 1134
761 1211
951 172
194 650
1478 1107
372 954
1424 1579
1361 1700
1564 1379
382 697
847 1744
380 1736
1338 1626
616 1175
1507 1738
1276 610
104 1698
97 874
1517 1888
1834 375
1774 1043
92 558
1777 1644
1754 902
1250 159
862 1209
77 730
14 465
46 119
1753 53
1741 1088
801 498
816 71
1337 883
572 1742
475 1590
1853 1738
1929 1033
1217 472
134 279
1593 1188
684 351
283 923
478 108
1231 460
1646 1781
417 313
1126 1973
1211 1032
223 1329
1894 1071
982 1223
1679 1533
1896 1152
1119 1287
1146 1691
1877 407
251 466
1336 309
1602 1061
210 1833
1013 1551
356 1350
1828 1306
1815 736
750 773
1914 923
326 198
330 492
869 529
1664 1669
673 1660
1699 840
259 594
555 235
122 1159
304 757
811 1728
1926 914
154 351
1202 1411
405 1652
617 1280
30 834
1801 441
1635 1187
1194 1868
1360 1625
715 187
352 1749
388 946
1726 568
801 985
1291 27
776 95
318 1702
607 582
1164 1327
1503 576
1850 1788
1517 207
1271 306
316 1475
1710 698
835 42
608 26
1246 481
603 1227
1437 513
1135 1472
1398 546
326 1425
1393 1547
1465 1827
15 822
1937 342
1507 337
981 813
1566 129
1823 1526
1213 512
211 1062
1716 409
29 1593
476 54
482 141
1643 162
1399 1332
1392 569
1136 235
848 899
601 1978
1097 1405
1055 166
1197 482
974 1838
1942 202
1118 1285
229 998
770 1803
1064 3
866 121
1076 1482
174 358
1823 2
937 503
1156 1832
1543 1288
1112 1485
266 837
1625 1514
778 444
274 897
530 1697
586 1272
1972 477
918 1731
1464 1242
1024 1669
644 1214
450 1101
1040 38
515 657
1167 999
1095 898
780 689
1568 62
1755 907
950 57
272 997
1251 1463
774 1589
1903 844
792 710
10 339
966 948
174 1432
386 1012
1849 702
1207 987
220 1516
732 1249
1150 94
1425 758
1710 1554
66 1885
827 734
1039 50
587 664
1148 1010
1397 1178
1925 1326
1532 551
1368 1768
1361 742
1822 189
1100 828
948 1676
290 1683
232 1880
551 434
401 462
851 1098
45 819
845 597
1269 839
562 1749
180 57
1296 1846
1107 204
1765 117
1585 1447
764 1592
557 829
500 1100
690 1323
632 149
1541 609
1722 1349
1165 315
250 1985
160 1923
1734 1200
1888 693
959 643
301 1905
653 1635
6 1068
1384 1785
1571 1719
574 1263
630 1305
828 1802
1185 579
1310 1940
946 528
1806 1416
1298 353
16 186
1227 1739
1980 791
744 1173
105 354
471 853
253 1547
1597 270
242 1533
1391 1447
168 385
1798 668
910 1847
1423 1445
949 636
1958 1098
131 1700
236 1532
688 771
1379 239
289 1954
25 415
1212 1358
1393 1634
348 91
920 436
490 1277
454 1949
510 1189
304 1844
1637 1442
1859 546
394 646
1539 1896
200 538
1198 976
1944 425
419 1303
792 1349
780 1707
1322 1661
1958 356
897 788
805 748
13 1498
22 1835
288 180
502 1765
1708 232
1367 1751
246 1471
1334 125
44 1570
1385 1799
1850 1023
1188 1461
355 1500
591 1206
1621 347
1431 1091
730 1684
1909 1261
1794 576
1443 212
1639 1072
1149 1924
1171 1419
1228 1435
990 308
1479 1843
1493 1801
662 615
797 233
8 293
712 1313
454 1546
395 1243
921 24
290 36
153 1869
1592 443
1648 1116
341 1645
1681 1453
1085 1322
1325 64
749 1819
1991 182
733 1513
634 1318
806 1968
544 1885
1642 1415
107 1513
1977 1257
284 387
942 1117
916 1446
1105 805
1352 1417
1311 216
1629 1428
1475 1563
531 618
1287 1647
848 1748
1674 1257
1988 1903
830 1357
1763 1972
1569 917
484 22
239 1762
1057 1559
310 1852
49 62
1787 866
1479 1252
120 928
1503 627
1893 1505
396 1554
265 891
273 1308
988 334
1015 1193
1308 509
1376 1649
1952 75
1042 676
666 1851
1644 959
963 1099
881 533
1358 190
188 1202
214 422
1184 94
148 1519
1216 1988
944 745
781 1606
754 461
749 1733
1200 1260
976 3
507 538
1420 1371
1631 211
347 924
165 1619
1408 32
795 580
38 640
216 887
1362 1113
1953 593
682 1587
1725 1339
312 955
1619 846
1023 1855
523 363
1264 488
1630 587
1124 1867
112 493
931 155
1767 175
846 395
385 1845
1451 483
1714 1377
34 607
344 1395
1351 466
1342 693
659 1230
1005 1325
1077 1491
333 648
133 1501
1987 1830
389 878
453 1530
885 1282
1981 1332
76 1474
82 316
1265 1477
1122 456
669 1009
99 1946
262 75
1951 560
1854 1330
335 420
1559 1471
965 357
1665 1913
884 992
835 1373
150 1024
1920 1125
1342 488
1399 777
1537 1452
1735 1329
681 1608
1786 584
1223 355
198 983
419 906
561 219
1922 922
66 1405
612 560
527 1711
329 793
1761 281
1910 491
804 1094
1569 34
36 483
176 345
635 1460
328 952
850 1066
1016 941
1138 999
325 1491
526 1576
1728 1708
305 820
338 1588
1482 584
234 763
1473 1981
572 1583
1140 1858
213 841
956 919
524 1324
113 610
1616 807
1875 803
1618 464
683 1626
172 1795
350 78
1600 315
153 685
1007 185
390 903
103 1775
802 978
1590 1073
1121 1703
1998 1212
1236 535
421 508
1616 1902
1818 1573
135 511
1955 973
443 1884
1449 1985
1678 1687
1726 759
1192 839
1498 1780
1120 1422
832 348
1275 1804
797 1864
275 1617
112 1247
547 549
1558 1084
1457 1638
1006 156
654 1041
1793 336
349 790
1466 704
1133 1862
49 1816
969 343
1123 1506
667 671
552 1967
1195 596
1815 1142
243 1967
424 1963
1524 605
606 1196
240 1770
1185 1093
19 361
412 467
84 1857
1983 373
1852 681
1928 1934
938 243
1168 753
1141 1641
259 98
1054 1693
1140 1275
1219 1772
1549 295
500 79
142 1504
916 1484
583 1470
196 592
1081 1890
1652 1653
56 297
1409 1605
1812 1047
854 543
598 1110
1794 804
870 60
438 1407
476 798
206 1328
638 1725
224 1692
1265 1685
705 1796
1372 909
1826 1580
1945 1331
1893 1880
1372 291
1737 1509
225 646
1538 829
860 657
775 1438
1964 1900
44 493
1487 507
760 921
1541 250
1833 1933
1552 818
393 177
1380 359
340 1174
1386 967
1033 459
1697 525
1806 1283
1469 583
195 1087
717 1789
905 1905
1848 1459
1951 212
871 1935
724 815
1239 769
1623 399
1588 1770
1892 1388
1647 1871
881 1466
1890 1501
1656 1158
238 772
1897 704
1575 1829
286 1622
116 611
1362 489
1868 1302
1284 980
1250 569
885 1341
903 1684
1956 339
1455 181
1104 934
1398 1984
7 589
464 312
423 1184
1370 1740
1150 1014
418 400
1037 27
1205 1458
1577 823
1938 945
1022 1861
1194 15
1102 438
1309 1304
1004 1776
5 670
539 1538
553 1444
510 1524
723 1054
694 532
59 1818
1872 1779
1792 1910
720 1784
564 1845
994 1677
1454 1701
195 1878
1050 1082
1154 1552
1022 1883
1496 282
458 602
1817 1283
1860 664
118 1222
4 253
35 951
188 122
929 1656
692 208
1687 202
1070 1622
738 1699
1952 788
1388 1822
1134 1377
591 1027
1462 365
573 1802
1762 370
1161 1048
1243 855
1756 649
181 165
1290 20
256 89
1840 1063
817 270
1030 958
550 90
740 1597
1606 617
695 104
1029 1359
1742 1076
1042 520
890 1068
1957 1055
1730 732
260 1629
147 699
1151 1993
416 1139
77 255
350 680
1476 1961
1044 1849
1037 1154
1734 997
1505 623
1373 487
1873 1927
975 799
1931 827
1383 97
554 1253
1800 190
479 1080
513 12
859 257
1304 1011
1256 763
1831 574
1591 1557
1480 1736
474 680
1906 1872
720 313
1450 19
600 283
1017 65
911 1521
1335 307
1544 480
41 1811
643 1836
139 1608
1303 943
810 868
151 1097
147 986
1190 969
1553 353
50 700
982 245
1208 1021
1060 1387
70 1096
1293 206
789 161
1067 1758
414 1284
1263 1025
440 596
1454 624
1132 1712
1528 933
542 549
194 1659
1970 1611
1490 1555
947 1294
378 80
1236 1006
816 1611
686 1676
505 1957
966 1723
1230 451
1356 606
901 1311
707 217
625 1111
409 928
1003 553
872 1441
1108 798
1599 1499
1663 223
1856 33
1522 17
1424 759
73 420
1832 939
43 932
566 1946
1565 1631
650 508
1492 807
1662 447
261 1347
773 1370
611 552
1563 18
226 228
96 1935
1363 1927
557 765
1426 599
1463 1245
734 888
73 577
640 1986
861 769
379 679
979 1788
1500 817
416 825
889 1172
31 227
655 1769
652 131
387 1911
1566 746
1641 1962
136 280
621 1975
1976 308
563 737
1931 867
287 1116
322 85
175 1785
856 516
1651 995
1258 1066
140 40
772 422
449 28
1452 533
961 1306
1490 1427
1909 1612
707 1092
1174 1246
20 1694
277 286
1939 1813
428 708
1293 1928
1321 435
1562 872
1776 1609
838 372
221 461
1712 1317
1048 709
595 642
1915 908
76 176
1556 1715
1344 281
269 479
1470 658
1366 619
23 309
273 1131
1555 984
529 876
621 1842
1156 1204
600 1581
1766 1745
1807 1324
1001 1363
1494 1511
354 1029
107 1120
840 167
1009 795
254 1706
1866 957
912 83
656 1800
597 1449
811 925
1144 1820
457 1374
1280 178
1628 72
413 1129
1759 1871
68 1195
1550 842
1698 909
317 1960
1898 1862
1404 1637
1364 495
751 565
821 1198
205 1418
1241 644
68 888
1607 399
1990 1995
1594 873
1267 138
608 824
939 1575
1233 1443
321 932
684 927
501 1106
162 1859
192 700
1079 514
96 248
875 1096
1413 1436
1899 1069
1291 1754
444 1821
1540 1705
1025 756
459 265
1301 1045
1969 864
1190 1394
588 1031
193 158
1204 1210
578 663
1786 1353
1328 242
1568 945
9 722
7 1074
1242 1548
1435 1840
1032 708
10 1989
1825 1400
1542 590
1713 1438
1620 1249
717 1159
743 1467
1390 429
1730 1771
1797 105
25 789
908 893
268 1172
1142 424
854 1346
378 375
477 1919
1008 1334
1953 929
1038 110
1973 1239
1199 373
1319 24
1271 1567
1262 1086
972 431
721 766
1137 1640
781 404
323 1917
672 1600
1975 1733
1530 1937
1019 1745
248 12
986 470
768 1691
1408 1572
685 1813
1870 1320
1968 1391
197 362
30 731
809 157
1232 1401
5 358
1412 380
1478 858
145 1333
1636 691
1128 199
197 992
1272 523
1844 1386
183 341
1574 831
98 565
81 1936
41 469
1545 203
1982 1943
1658 984
1825 163
406 1213
86 1335
1527 1387
293 1881
787 1562
517 392
1012 101
237 537
814 1504
99 156
1065 345
831 1095
1396 67
370 579
302 452
941 388
719 1773
1561 1586
666 1497
663 1049
1180 661
893 446
1653 637
532 1681
448 641
163 1094
233 1091
968 1545
1378 1138
1666 130
320 158
249 1916
1234 275
967 1152
340 69
200 296
1523 1781
1045 228
1421 160
1974 146
1300 1996
757 90
284 753
823 556
87 337
809 498
1515 1519
639 161
1020 1808
515 1807
214 106
1551 1359
1557 1451
349 434
1561 934
1774 696
83 1531
625 127
1621 1008
1035 1235
514 1978
21 471
89 535
784 1352
857 722
364 655
712 460
1797 782
1775 1947
1130 64
1143 905
1752 1158
1458 262
37 431
1853 585
1842 1484
645 1731
1084 726
139 1338
452 637
1615 207
1642 71
1837 203
1410 1977
166 793
1207 725
1672 13
1878 1038
989 1115
53 694
1940 1175
1345 852
619 217
1365 417
61 485
1912 824
300 715
173 1851
768 1059
120 1225
314 37
947 124
1046 1680
895 324
1918 879
1331 1746
1071 1702
1419 675
1170 1965
775 830
1860 623
1469 1601
633 1658
808 28
528 1428
1980 767
430 1855
1841 1258
877 465
462 1028
1179 1389
1203 1348
1565 1716
1508 1314
1830 821
1316 1314
1544 889
876 1665
1970 994
1144 1790
1688 1947
263 980
1598 143
1535 1266
109 783
540 1686
331 918
21 1415
1083 487
1671 728
853 1550
989 1127
1643 954
1299 925
825 1690
184 1069
263 11
1812 931
716 1581
977 926
598 526
641 1962
1929 561
390 668
1215 656
987 1921
215 1882
1987 236
1591 143
1959 541
1402 149
298 26
670 1266
392 1220
991 938
778 1433
51 155
1302 491
575 432
219 1596
121 237
1077 1821
880 252
230 1741
226 1115
1604 151
990 1782
1298 850
729 48
455 524
1295 42
547 1571
1907 364
1657 183
108 40
744 662
481 92
1675 150
1705 1155
257 1522
1099 573
1248 1873
1601 410
1241 713
743 1938
144 397
629 1696
193 1336
1992 1467
1390 1759
638 400
504 1445
1965 1426
671 962
1440 1028
1221 1318
241 369
953 1181
735 779
820 1750
1895 1925
826 974
1618 1260
1810 618
311 1874
196 1924
222 748
331 1536
852 1340
1520 468
1109 812
616 1459
721 991
1153 540
784 1
1534 456
113 1001
873 359
624 1141
1434 812
58 144
771 299
1790 592
895 70
272 1990
88 1610
1689 1165
626 1719
170 1837
126 711
184 740
1528 439
605 0
141 1281
890 51
856 1911
187 1396
376 1824
1157 1613
1816 926
268 1835
1751 1480
1201 1119
1274 1217
1060 791
288 1355
1114 1278
904 1301
669 6
446 754
735 1366
1226 11
725 534
394 779
1649 360
955 1667
970 936
1950 1993
179 527
1488 408
1199 1724
1995 468
414 1063
234 692
1772 696
1690 1151
699 383
871 1632
369 896
570 458
303 1518
1525 318
1752 1122
1170 1375
1000 1481
864 492
1535 299
189 1869
747 727
298 1180
585 613
126 731
501 1722
145 382
1163 1173
1901 673
1949 1148
586 1238
1432 1117
1285 371
1400 1682
1509 1058
31 1902
1247 1430
1531 384
1617 137
1003 413
1912 1061
1410 1779
9 368
588 1380
489 1473
231 741
1861 622
1782 1817
522 1183
1343 1757
1858 1923
1281 1537
1384 404
1527 631
1209 396
1225 1497
687 518
1580 1783
782 1753
1763 292
411 1238
1615 1633
558 254
1891 1133
1508 1810
629 695
1270 366
490 1
486 1805
718 858
1483 1603
74 264
427 1036
914 1820
505 631
516 323
1582 1235
1269 1645
32 1027
1529 1778
1876 844
278 1056
1059 761
221 1675
296 1403
472 1268
1010 306
675 539
1999 403
1680 1051
1167 1811
1397 1693
63 1232
815 1015
1073 1809
1433 770
1044 519
849 1189
1030 55
1456 167
1046 766
530 544
536 1695
271 790
942 499
1854 1050
119 965
765 59
863 1650
910 676
367 1703
537 518
1758 1714
762 352
1406 35
1761 111
826 1343
402 267
1375 1244
301 260
88 432
81 80
1169 1344
751 440
164 1660
581 1135
1748 626
1735 1261
589 1900
1418 1111
1221 1182
1160 1982
883 933
1457 1279
1226 968
1245 100
545 1789
1983 907
1701 1062
896 612
1916 736
1727 1948
406 1136
1891 1182
381 851
365 61
1448 1205
1678 29
1686 1118
898 1543
410 1130
329 1627
209 728
1889 1041
1847 683
512 879
225 1112
1886 1814
1941 1648
738 1520
128 813
276 594
1259 1634
1423 1919
819 209
1407 1960
1709 1739
397 1365
285 1934
1219 338
441 60
1499 381
1222 1289
302 1882
899 758
1534 1523
1369 1863
314 559
841 1932
1053 660
878 1809
205 622
1668 1248
1709 1661
391 1385
398 870
679 1879
393 972
1922 752
366 1614
1866 904
1376 43
448 1695
1002 1584
473 651
1229 678
690 14
114 1330
1251 1312
800 1489
894 412
973 1884
1147 130
1560 1276
191 1659
651 1539
346 727
1767 1465
1578 407
1670 58
1994 634
983 674
1431 665
503 580
1270 1316
1337 875
1826 1444
1161 1536
328 287
1078 794
1412 1147
1879 1186
1034 1395
703 1468
845 1206
1906 335
1315 1704
1750 408
1646 713
531 86
582 581
578 884
266 977
332 1464
834 199
398 249
953 1256
289 1273
177 964
1670 186
1101 1000
776 1798
1696 1201
1623 1262
123 506
1286 818
1018 1694
882 940
1401 1627
1764 609
1803 906
706 1181
475 1961
159 1791
1548 384
1114 1177
1191 1510
1729 16
23 1176
1666 346
1579 47
1047 1607
319 1829
247 1582
1603 1630
1474 1187
1002 1382
1179 1392
1755 1477
1468 1994
714 405
336 1502
1171 1689
56 710
1529 1052
1253 1039
109 1875
1437 745
264 1650
133 402
1215 1013
1157 1259
723 1518
665 682
118 1051
1078 796
1237 1917
1406 800
1780 1355
1460 55
427 739
1577 1654
1506 1004
1584 777
1516 376
747 146
1286 1430
1907 361
245 1210
1574 46
1220 436
1197 567
134 201
1160 714
787 917
1838 935
1717 445
1969 1340
1481 785
311 936
1486 961
218 1610
833 837
451 1113
1585 1874
1177 1744
924 252
920 1613
229 1040
1674 1214
258 129
1841 1105
1079 1720
470 1723
1704 1819
1756 555
785 1808
577 0
1966 1367
733 132
975 1865
806 1186
1014 1420
900 1086
1166 1146
65 433
554 102
383 545
1292 170
1394 1766
698 1784
1485 919
1991 1764
971 1950
1904 927
1064 1721
1908 1997
564 755
282 1233
943 628
1651 1031
810 615
1673 774
1997 1502
1638 571
1378 1944
1255 317
386 494
521 1773
949 72
1035 956
1402 1067
1196 310
1979 52
1959 447
874 737
1049 1901
1279 102
403 1439
1636 1671
327 305
570 52
114 950
1429 667
543 630
647 1075
360 1718
802 1166
1348 1413
726 1604
1357 1839
911 1436
1572 496
962 865
691 1596
1229 437
677 1512
1019 374
1494 1932
706 154
1760 752
1292 1090
1058 1381
1976 1487
1805 1682
1727 1546
1476 1867
1908 1836
886 1846
1685 251
1309 1672
756 362
1915 1208
1632 1777
473 1354
1085 520
497 1462
8 860
862 869
152 100
842 496
1414 1743
1998 603
1496 218
426 1717
182 1427
705 185
1628 1448
1620 719
1110 292
703 1183
1633 137
1231 164
1178 1093
74 1941
333 1191
1273 957
1515 1483
649 255
1321 1599
1374 750
1317 566
486 1793
1288 1088
1573 1290
1103 140
1124 285
63 865
132 1492
1488 1542
1089 319
575 892
1692 1020
1673 1870
502 271
1778 1747
2 1244
95 892
902 1295
1264 1296
244 1895
1964 716
1715 1289
880 697
1282 1442
1899 1016
1624 1598
231 244
1918 1558
256 17
321 1732
324 628
1307 435
1707 913
1414 604
952 54
660 958
1345 964
836 937
1667 838
1747 1883
433 1109
1368 1848
1657 1299
389 1326
117 971
963 1103
1416 418
847 786
110 115
711 894
1933 1192
442 136
620 1827
1254 1255
1955 258
1971 463
1595 709
1737 1108
1312 1999
1153 996
1954 930
1364 1768
1354 1106
627 1926
453 39
1421 1104
519 1472
1834 1081
550 1126
1887 1945
614 1237
391 1984
767 457
1718 1757
1353 1889
1026 368
981 1898
1356 1974
480 901
111 1576
912 832
647 1799
267 1586
915 1082
1711 1310
836 1007
970 497
822 1018
642 729
1381 1720
1145 1137
276 887
474 1679
1323 1831
993 1814
536 886
1525 280
661 48
1297 463
786 652
517 238
421 426
915 1089
1369 425
548 783
996 1164
1876 1724
855 485
93 602
796 1411
522 867
499 210
1556 568
169 1102
590 1131
1943 1429
450 1856
1387386
