117
1
897591
0
12
12121 102 579462 472719 1 624910 437 1430 267036 390390 624910 495924
10 5
0 3
9 8
3 9
8 1
10 2
9 4
11 8
2 6
2 11
7 9
624910
13
5 43010 421498 2 4199 23 10 602140 287980 110000 10 118580 41990
9 10
6 9
1 5
1 8
9 3
11 2
9 7
9 0
7 2
8 11
4 12
11 12
60214
13
254100 50050 325325 889350 7700 2420 85800 127050 3910 300300 330 254150 10
6 5
3 7
1 4
9 0
0 10
11 2
2 1
6 9
5 7
11 8
3 4
6 12
127050
13
64350 80850 13860 2310 900900 196350 450450 15300 1870 107100 283140 161700 485100
9 4
1 5
0 7
11 6
10 2
5 8
3 12
2 12
0 6
7 9
10 4
11 1
80850
13
498960 83160 277200 166320 110880 50400 554400 55440 221760 720720 83160 45360 332640
1 8
9 10
11 10
6 2
4 3
6 12
8 7
1 2
0 7
4 10
3 0
9 5
277200
14
557865 40425 105 24255 483 121275 329175 121275 121275 121275 557865 121275 929775 329175
5 9
1 11
3 0
7 10
7 13
10 4
12 0
6 5
11 9
8 2
8 3
6 13
1 12
329175
14
118300 209300 910 70 828100 63700 49000 65 916300 118300 194350 686000 13090 14
11 8
9 5
12 8
0 9
6 1
3 11
6 11
4 2
10 7
10 1
5 6
4 0
11 13
236600
14
720720 720720 110880 221760 45360 83160 55440 221760 110880 332640 83160 50400 665280 720720
0 1
13 4
12 1
9 13
10 2
3 6
8 11
2 3
12 6
7 5
10 11
4 8
5 12
720720
14
277200 498960 554400 55440 498960 720720 166320 498960 83160 498960 332640 332640 55440 332640
12 11
3 13
1 4
12 6
9 0
13 7
7 5
2 10
8 3
2 8
10 11
6 1
9 4
997920
14
110880 332640 166320 720720 45360 50400 45360 45360 45360 45360 554400 665280 110880 45360
4 3
2 10
7 8
5 11
8 2
5 10
6 1
0 13
4 12
13 9
12 11
13 3
6 13
110880
14
55440 498960 332640 45360 498960 110880 55440 665280 554400 50400 498960 665280 166320 110880
2 12
4 9
2 13
8 11
3 1
0 6
8 5
11 6
3 12
2 5
1 10
7 4
3 7
498960
14
243100 6188 71383 71630 83980 494 323 14326 195364 316030 18590 185900 442 118300
7 3
13 1
9 2
9 11
2 6
4 0
1 8
13 3
11 13
0 10
13 10
12 8
4 5
18590
14
720720 720720 221760 332640 720720 166320 665280 83160 665280 50400 45360 45360 554400 83160
9 5
2 3
4 7
13 7
5 6
9 1
3 7
0 11
10 9
10 0
1 3
12 8
8 10
166320
14
554400 498960 166320 83160 554400 332640 498960 110880 45360 554400 110880 720720 50400 110880
11 13
13 1
13 10
4 8
12 8
1 5
13 7
6 2
0 12
6 1
9 13
3 13
4 1
498960
14
67507 143143 54587 927979 1547 209 91 1001 170170 97682 877591 130130 97682 508079
9 12
10 5
13 1
9 3
8 11
0 13
11 2
1 7
2 3
8 4
10 0
6 11
12 10
97682
14
198900 573300 11700 99450 1050 107100 3570 144900 81900 2730 232050 278460 7650 70380
5 6
3 12
12 0
11 13
10 3
4 8
2 5
7 1
10 4
7 13
8 11
2 0
9 1
33150
14
45360 110880 55440 50400 166320 110880 554400 332640 665280 221760 665280 554400 166320 110880
11 6
13 12
4 3
7 8
10 5
9 0
8 12
5 1
2 11
4 1
2 9
6 13
7 10
665280
14
680340 99450 430950 51 845325 281775 845325 65025 377145 199410 3315 221850 99450 221850
8 11
10 4
9 12
0 13
0 9
1 11
2 5
6 1
7 4
12 2
7 13
5 6
3 8
281775
15
50400 83160 665280 55440 166320 221760 110880 498960 277200 498960 277200 554400 110880 720720 45360
11 8
4 13
9 1
1 11
6 9
2 10
5 3
3 0
7 14
6 5
8 10
13 12
0 12
7 2
554400
15
374850 345933 219849 83790 11970 40698 53550 142443 551 128877 7581 247095 399 455175 10710
2 10
13 14
1 7
3 0
5 14
11 13
5 9
2 8
3 12
4 6
9 10
11 1
6 0
7 4
53550
15
1183 3610 1716 311220 58786 30 596505 382109 20748 622050 330 179075 144210 156156 76076
8 4
8 3
1 14
11 1
3 5
6 0
10 9
14 13
7 0
12 6
13 2
11 9
4 7
2 12
29393
15
50400 332640 332640 50400 45360 50400 83160 221760 332640 110880 166320 332640 50400 55440 221760
11 14
5 11
3 4
0 1
2 6
10 0
2 13
4 6
9 11
13 12
6 7
11 3
1 6
8 13
221760
15
137445 105105 212415 510510 54145 287385 819819 525525 52325 170 693693 88725 124215 812175 3003
8 11
12 4
13 4
0 2
1 6
1 7
10 3
3 9
8 5
12 11
14 6
0 10
5 2
7 13
105105
15
40460 287980 9775 497420 655690 65450 768740 421498 5950 148580 323 69020 65450 314755 874
5 8
3 1
0 11
4 10
11 4
6 9
13 2
6 3
1 7
14 9
0 8
12 5
13 7
2 12
65450
15
50400 166320 554400 45360 221760 221760 110880 720720 720720 665280 332640 166320 110880 720720 110880
3 4
12 11
0 2
10 1
14 3
5 0
9 2
14 13
6 12
9 8
13 10
11 7
6 8
4 5
332640
15
221760 720720 554400 83160 110880 332640 498960 332640 55440 332640 45360 720720 498960 720720 554400
2 11
8 9
13 8
4 1
9 7
6 10
7 6
10 14
1 5
0 8
5 13
4 3
12 2
11 3
388080
15
45360 554400 665280 554400 665280 554400 720720 332640 665280 665280 498960 665280 110880 83160 55440
9 0
0 5
4 12
1 2
3 6
4 13
11 9
10 12
8 11
2 14
3 7
13 7
5 1
0 10
1330560
15
812175 13650 26 1690 535990 259350 50388 361361 1326 41990 70642 201110 22382 37905 83980
13 5
9 14
9 3
10 3
0 11
10 7
6 12
8 6
0 1
5 4
13 7
1 14
11 2
12 4
41990
15
105 329175 965250 66045 562275 3885 990675 658350 225225 357 30 11025 10 58275 472500
6 2
9 4
8 11
1 7
2 8
13 1
2 7
0 4
5 13
4 14
10 14
11 14
12 14
3 6
329175
15
348194 11132 78540 547162 154 173052 122892 333564 71148 403788 22 64372 287980 524172 77924
7 13
2 5
14 1
9 0
6 7
13 11
0 3
11 14
12 10
6 8
4 8
5 9
2 12
3 1
57684
15
498960 277200 498960 554400 665280 498960 277200 665280 332640 45360 498960 665280 332640 554400 50400
10 13
4 2
14 2
12 13
11 9
0 9
7 8
7 11
14 6
3 5
3 1
2 1
9 4
10 8
665280
15
498960 221760 110880 45360 166320 332640 554400 55440 277200 332640 665280 55440 55440 498960 45360
0 9
7 12
2 13
6 3
11 8
11 0
13 6
10 1
3 7
14 0
5 9
8 4
2 5
12 1
443520
15
498960 332640 665280 554400 554400 45360 45360 498960 277200 45360 55440 110880 55440 110880 45360
2 4
11 8
11 0
11 13
5 6
1 2
3 6
11 3
0 12
10 5
6 14
0 7
12 2
11 9
498960
16
514786 140868 34162 8671 107387 269724 755573 83030 112723 806 272194 398866 1729 704444 24510 140714
7 15
10 2
11 13
5 10
8 3
13 0
1 14
15 4
11 4
7 14
9 2
5 1
12 6
6 0
9 8
27094
16
161700 128700 148225 660660 283140 381150 54450 283140 110110 100100 7700 770 70 550550 300300 254100
13 9
3 0
7 1
0 10
10 15
8 2
15 5
12 9
5 6
2 13
3 8
7 4
6 4
14 1
11 14
283140
16
665280 110880 720720 45360 110880 83160 50400 498960 554400 110880 166320 665280 110880 277200 277200 166320
0 11
5 1
7 10
14 3
15 4
13 14
6 12
2 15
4 12
6 9
13 8
11 7
8 9
2 1
5 0
665280
16
2730 16422 90090 492660 796950 412335 485100 109395 227700 437580 15300 180180 667590 2805 81900 170
7 11
6 8
14 0
14 10
10 9
6 2
12 5
8 4
11 6
13 7
4 5
11 3
9 2
1 3
15 12
113850
16
175175 414050 786695 285285 210 175175 325325 325325 127050 910 175175 525525 444675 275275 275275 161700
1 9
2 7
3 2
14 6
3 8
6 5
15 8
4 15
10 12
0 5
14 13
12 11
13 7
1 11
0 10
350350
16
15015 273273 248430 60333 120666 3003 315315 910910 106743 60333 259233 45045 221 819819 819819 46410
7 0
6 15
1 6
8 2
9 12
13 14
13 11
1 3
14 5
2 7
3 10
4 15
4 9
10 8
0 11
819819
16
35 88550 317625 656425 21175 269500 105 741125 3850 202125 55 70 11935 2530 175 33
2 9
5 14
15 2
7 2
14 2
0 7
9 4
11 5
4 3
12 3
13 1
10 7
8 1
8 5
9 6
105875
16
498960 50400 332640 83160 45360 498960 45360 55440 55440 221760 110880 498960 110880 665280 554400 83160
9 10
11 6
2 15
6 8
15 5
14 13
0 13
3 2
12 0
13 2
4 7
4 3
7 11
10 5
1 10
332640
16
166320 55440 110880 554400 221760 166320 50400 498960 332640 166320 498960 55440 166320 50400 166320 332640
11 5
8 7
8 12
7 13
0 10
11 8
15 13
5 10
2 3
12 4
1 2
3 7
14 2
2 9
12 6
443520
16
498960 554400 720720 83160 45360 45360 83160 50400 665280 110880 83160 166320 50400 720720 166320 83160
2 6
0 7
1 6
2 5
8 12
5 13
9 12
11 4
14 4
3 15
9 15
13 0
3 0
1 10
15 14
249480
16
110880 221760 277200 277200 221760 332640 720720 110880 83160 665280 166320 50400 498960 554400 498960 498960
2 11
8 12
0 6
12 10
9 15
4 13
3 9
5 15
11 7
6 5
1 8
2 4
13 14
10 7
1 0
332640
16
498960 332640 110880 50400 554400 665280 554400 45360 665280 221760 166320 221760 332640 498960 498960 50400
14 12
2 15
7 11
13 12
11 0
3 9
4 11
1 14
5 10
6 8
6 11
6 13
1 9
10 2
8 2
498960
17
160550 1235 100100 7700 22100 637000 185900 100100 185900 185900 10010 130130 287300 84700 185900 70070 130
5 3
7 16
15 5
11 15
0 14
9 14
3 13
13 7
5 9
10 2
12 6
6 8
11 8
1 0
4 12
4 2
185900
17
94325 488215 471625 385385 35 148225 35035 366275 35 385 69745 10465 55 300125 148225 275275 715
2 13
14 9
13 5
5 15
5 12
0 1
6 13
3 6
3 14
8 13
4 0
7 11
2 0
7 2
16 15
1 10
94325
17
509355 105105 187425 231 105 63 1155 242550 30 47775 210210 21 1001 694575 1785 533610 848925
0 16
9 10
2 14
5 7
10 15
13 9
0 3
8 7
13 11
15 6
4 16
5 13
7 16
0 1
12 1
13 2
169785
17
45360 166320 665280 277200 277200 554400 720720 498960 110880 221760 110880 110880 50400 166320 720720 554400 665280
10 16
12 5
14 16
6 15
9 1
3 9
1 12
0 13
8 7
11 2
3 8
14 4
15 4
6 2
7 10
0 11
665280
17
45360 221760 55440 221760 665280 554400 221760 50400 110880 720720 110880 498960 45360 720720 55440 498960 720720
10 14
10 3
5 15
9 16
3 8
7 15
11 6
4 0
1 2
12 4
13 6
14 7
6 9
8 12
15 13
1 5
720720
17
420420 485100 3705 8190 31059 2805 223839 703395 57222 144495 117810 184338 21420 97020 196350 420420 80850
10 8
10 3
7 4
7 16
15 14
13 11
12 1
12 8
6 4
0 16
2 9
11 6
3 9
5 14
0 15
1 13
420420
17
663 42900 283140 141570 54450 76230 1210 190575 429 139230 81900 106470 2310 660660 106470 235950 630630
14 1
11 10
4 3
2 15
12 16
6 15
10 9
16 13
0 9
3 8
13 6
14 11
2 5
7 5
4 7
12 1
106470
17
221559 391989 505362 1178 122694 137655 61347 59565 589050 213180 418275 81510 61347 81510 89661 195 317889
13 7
9 8
12 4
15 10
5 1
4 13
11 10
2 12
7 14
11 9
0 16
2 3
6 16
0 1
8 5
6 14
61347
17
152460 2145 630630 63063 495495 95095 266805 175175 21 5445 444675 57057 198198 495495 495495 630630 126126
4 6
7 10
12 0
13 12
15 16
1 4
5 7
13 9
11 5
2 11
15 14
3 16
0 2
9 14
3 8
6 10
126126
17
18785 111826 364650 189618 72930 861900 632060 165308 281775 43095 182325 23322 3315 1430 619905 143650 167310
5 15
9 14
9 15
10 2
16 10
8 12
6 7
8 0
11 1
6 13
14 4
4 11
0 3
7 1
16 3
5 2
182325
17
569772 122740 126126 13566 510510 78540 69615 35490 510510 881790 140777 603330 714714 139425 715 4641 29260
1 9
5 12
2 0
6 15
7 13
13 14
12 2
3 0
4 16
7 11
10 8
10 15
11 4
9 6
5 8
16 1
46410
17
971964 201438 51 40950 138852 220932 35340 67146 30 494190 98838 58140 1110 64980 358530 742140 81900
0 4
10 2
13 4
1 5
3 12
10 5
9 11
14 12
9 14
15 6
6 7
16 3
8 16
13 11
15 0
7 1
138852
17
554400 55440 277200 50400 498960 110880 665280 332640 665280 332640 166320 221760 83160 166320 45360 720720 332640
1 16
12 2
14 11
6 0
13 12
8 5
7 6
9 8
3 4
15 11
5 16
15 3
14 1
0 10
2 6
7 8
997920
17
83160 332640 166320 332640 332640 50400 55440 166320 720720 110880 221760 110880 110880 110880 45360 720720 554400
15 3
0 5
1 12
3 4
13 5
8 9
9 6
14 2
16 1
11 7
2 0
6 12
14 15
8 13
10 4
11 16
443520
17
925106 505362 293046 950521 589 35581 910 172380 391 94809 78078 20111 258570 165620 241332 818090 818090
12 9
10 11
0 5
10 1
16 15
14 2
3 9
2 11
3 8
12 7
16 13
5 6
7 0
15 14
4 1
13 6
818090
17
166320 83160 110880 720720 83160 720720 55440 110880 277200 720720 277200 720720 498960 166320 110880 50400 332640
4 14
16 1
1 12
10 9
2 7
9 12
15 11
2 3
11 6
5 6
8 4
0 13
8 7
3 5
13 15
0 16
720720
17
554400 221760 110880 55440 498960 50400 45360 277200 277200 332640 221760 166320 50400 221760 554400 83160 55440
8 4
5 13
9 11
0 8
1 4
1 5
6 1
15 2
2 8
7 10
11 4
12 7
10 3
0 14
7 9
12 16
554400
17
332640 166320 50400 110880 50400 277200 221760 50400 277200 50400 221760 83160 554400 110880 50400 665280 665280
11 0
10 9
14 8
6 14
15 13
7 15
0 3
6 2
16 11
3 8
16 9
11 4
12 2
16 5
11 1
13 1
166320
18
332640 55440 221760 332640 665280 45360 554400 665280 554400 45360 221760 332640 277200 277200 498960 277200 554400 221760
4 13
3 5
9 11
16 1
15 12
17 6
6 7
9 0
8 15
10 14
16 8
5 2
3 11
12 17
7 2
15 10
4 0
831600
18
332640 45360 50400 554400 277200 277200 665280 332640 554400 665280 50400 166320 50400 50400 110880 277200 166320 50400
1 17
6 9
0 7
5 16
12 4
6 2
1 10
3 12
10 7
13 2
3 14
16 13
9 8
5 17
4 15
0 15
4 11
665280
18
219450 63525 10 768075 210210 17325 121275 236250 889350 350350 752115 266805 165 15 35 153615 55419 444675
2 7
3 15
12 1
7 6
11 6
17 1
3 17
15 11
5 8
10 16
9 14
7 5
8 0
0 10
9 4
16 4
13 7
153615
18
110880 45360 45360 55440 55440 554400 277200 665280 221760 83160 83160 83160 55440 277200 277200 55440 221760 110880
0 3
17 1
10 6
4 6
1 13
14 8
9 12
5 7
5 2
4 9
10 0
14 16
11 15
16 15
12 2
7 13
8 3
304920
18
23805 353925 67275 225225 65550 153425 707850 29925 740025 108900 64350 1615 330 47025 141570 47610 148005 108900
0 15
1 8
6 3
11 5
16 14
9 17
8 0
2 10
3 7
13 1
16 2
14 6
12 9
4 15
4 5
10 17
13 7
141570
18
554001 1085 17043 495495 160083 562419 1 53361 9009 35 133 287 259 66297 14973 51205 586971 179025
16 4
5 16
16 14
17 3
16 15
15 9
17 1
13 7
0 12
10 15
13 11
7 4
0 14
3 8
16 6
8 4
5 2
106722
18
45360 720720 83160 110880 166320 166320 83160 498960 554400 83160 83160 720720 277200 50400 221760 277200 166320 110880
10 6
13 11
16 12
7 13
2 10
8 16
15 1
2 5
8 4
14 11
4 2
17 2
0 17
16 9
11 4
10 3
4 1
277200
18
701316 117117 966483 6930 693693 7293 106722 693693 231 111573 231 495495 63756 99099 86394 106722 858429 53361
11 1
17 15
0 6
13 8
4 9
6 10
15 14
3 12
14 5
16 13
2 9
11 3
12 0
7 17
7 4
1 5
2 16
693693
18
52026 78 80850 165165 373230 258570 55055 278850 330330 94380 235950 189618 204490 6578 286 25025 110110 78078
13 0
11 5
10 7
15 2
6 16
8 2
4 9
12 13
9 14
8 11
17 1
7 5
0 4
15 6
17 3
10 3
12 16
55055
18
665280 45360 50400 332640 166320 554400 498960 55440 332640 554400 110880 50400 332640 83160 665280 498960 498960 720720
4 14
16 8
4 10
15 4
15 6
15 8
0 3
0 2
2 7
17 11
10 13
11 9
5 16
15 9
1 3
12 13
11 0
665280
18
22 294 77 252252 476476 6578 3289 69069 21 58058 259308 138138 407484 34034 8294 207515 165165 42
16 3
12 11
14 9
15 2
13 4
11 5
1 12
1 15
16 15
0 12
9 10
7 6
8 10
12 7
17 10
3 10
3 4
34034
18
481338 21489 311454 128934 234234 651222 858 213444 462 269990 396396 2028 160446 19285 18018 19734 462 232848
13 9
5 15
16 10
4 11
2 10
3 17
17 9
7 8
0 12
3 1
10 11
2 12
4 14
17 7
6 2
5 0
17 14
160446
18
83160 332640 720720 83160 50400 277200 554400 554400 166320 110880 166320 50400 45360 332640 83160 166320 166320 498960
16 6
8 0
9 17
5 9
12 4
1 8
1 6
14 11
2 8
10 15
3 7
13 0
5 12
2 12
10 13
7 10
10 11
415800
18
720720 50400 665280 50400 83160 110880 166320 55440 277200 221760 665280 55440 166320 554400 50400 665280 110880 554400
3 15
2 9
14 4
10 13
16 6
7 13
4 16
8 7
5 1
10 17
4 11
6 0
11 5
12 3
3 16
2 6
0 10
388080
18
69825 712215 712215 255 374850 53550 124950 62475 95550 62475 124950 56525 17850 1995 249900 107100 95550 339150
4 15
1 4
0 7
9 6
9 10
12 14
16 8
15 17
1 2
7 2
11 17
10 14
5 8
12 11
16 6
3 5
0 13
712215
18
231 84966 238 71148 841092 76874 298452 646 417316 47124 3534 172788 4522 109956 57596 230622 1938 509796
17 13
13 6
5 12
1 4
14 3
15 1
12 3
3 0
17 9
10 4
8 7
9 11
11 14
1 3
8 15
5 2
16 6
57596
18
123420 5610 330330 185900 363000 42900 27300 798600 278850 110 715 408980 81796 1430 557700 204490 390390 550550
7 0
8 17
2 17
3 5
11 12
7 5
15 12
9 4
4 7
1 0
10 15
6 4
11 14
16 2
14 8
6 16
13 3
278850
18
166320 665280 554400 221760 110880 332640 498960 110880 45360 50400 665280 83160 332640 665280 45360 83160 720720 665280
11 1
8 13
12 17
3 17
0 14
10 15
7 15
3 8
16 14
11 16
12 7
2 13
0 5
2 6
10 4
4 1
9 5
332640
18
337953 269059 13090 175175 175175 66759 373065 712215 153615 303450 119 348194 807177 333795 870485 260015 15295 54978
0 8
7 6
13 6
3 14
15 16
2 9
12 1
14 11
11 17
5 17
3 4
8 4
10 1
13 12
7 9
0 2
5 15
269059
18
118580 150150 352800 692300 69230 2730 14 704340 1430 47300 468 676390 111540 36894 7 728420 117390 2310
17 0
9 15
12 8
2 9
10 12
13 17
11 13
2 3
1 11
2 7
2 10
6 2
4 3
1 5
16 7
15 0
14 2
117390
18
60690 823004 187850 188370 281428 183540 823004 25740 910 372645 364 194922 755412 76636 2210 224770 397670 780780
10 1
9 11
4 16
14 2
2 0
7 17
15 10
3 9
6 13
0 11
1 6
4 5
7 5
8 17
12 3
12 13
16 15
823004
18
665280 720720 554400 277200 50400 110880 498960 55440 110880 166320 110880 50400 166320 720720 55440 498960 665280 277200
13 16
6 0
9 6
12 17
4 8
10 14
14 12
15 7
5 2
0 16
4 15
1 17
9 10
3 13
8 11
7 2
11 3
665280
18
15 390390 15 418275 390 167310 30 64350 94380 607500 106470 111540 19890 6 87516 278850 128700 76050
5 10
17 7
8 15
14 8
2 9
14 12
6 9
17 11
16 4
11 1
10 1
12 9
9 0
9 13
3 5
3 15
16 7
139425
18
498960 277200 332640 332640 45360 45360 665280 221760 50400 498960 83160 50400 221760 50400 720720 166320 221760 166320
7 13
5 16
0 16
9 10
15 14
11 6
6 3
17 5
15 10
11 1
7 4
2 1
13 2
9 3
4 8
8 0
12 17
332640
18
554400 55440 665280 45360 50400 50400 665280 554400 665280 498960 554400 332640 55440 498960 50400 50400 332640 55440
4 17
10 7
6 12
3 16
15 8
7 0
5 15
9 11
14 6
4 3
8 10
0 1
9 2
13 14
1 17
12 16
13 11
1108800
18
83160 554400 55440 554400 55440 720720 166320 720720 498960 83160 50400 50400 83160 277200 166320 498960 83160 720720
8 12
4 14
7 13
15 14
12 6
5 3
2 9
16 1
10 5
7 0
1 15
17 10
17 2
0 3
6 9
14 13
16 11
249480
18
8190 105105 266175 3315 266175 182325 621075 77 525525 114660 745290 80850 150150 450450 286650 75075 106470 76050
14 4
0 9
17 2
2 15
4 0
13 16
1 7
14 11
9 10
10 16
3 5
13 8
6 8
15 5
17 12
11 12
6 1
106470
18
92565 238425 920205 30855 401115 32175 218790 353925 368082 255 70785 16830 353925 2145 109395 182325 167310 70785
17 2
14 0
15 14
8 4
4 1
8 16
6 12
3 15
7 13
7 0
11 6
5 12
1 9
16 5
2 10
11 10
3 17
141570
18
344850 287980 57 556325 234498 50820 130900 2185 633650 207575 119130 63365 63580 49300 22330 154275 56525 604010
0 15
12 13
8 13
6 17
17 4
9 16
2 10
3 16
5 1
0 10
12 1
14 11
8 7
4 5
3 15
11 9
6 14
16940
19
149940 374850 294 485100 61740 3570 749700 510 8820 3570 21420 1785 899640 149940 149940 123480 485100 107100 14
4 8
7 17
4 2
13 6
3 16
6 9
10 12
14 2
13 0
0 4
1 11
17 15
3 1
5 14
18 15
12 8
16 10
12 15
485100
19
554400 221760 498960 83160 720720 554400 221760 332640 665280 166320 45360 50400 221760 277200 554400 554400 720720 277200 221760
11 18
1 9
4 9
0 15
11 0
6 13
18 3
6 14
18 13
17 16
10 2
12 16
17 15
4 5
7 0
12 8
11 2
1 8
554400
19
720720 166320 166320 720720 110880 665280 498960 55440 110880 277200 110880 83160 554400 332640 50400 221760 50400 221760 55440
2 6
7 4
16 7
14 17
10 14
1 9
0 5
1 13
10 11
11 6
4 0
12 3
18 15
16 17
5 8
2 9
12 18
8 3
443520
19
242060 140140 140140 301840 2660 140140 296450 182 623084 5390 133133 14 2618 471086 1463 910910 91630 278369 385385
3 9
4 0
3 13
15 5
8 12
0 7
14 10
16 8
11 3
1 2
1 5
10 17
17 13
2 6
15 18
4 3
9 18
16 6
280280
19
45360 665280 166320 50400 221760 332640 83160 498960 55440 45360 166320 45360 55440 50400 166320 277200 498960 554400 166320
5 1
6 1
3 14
8 7
2 5
6 17
13 14
7 10
4 12
11 10
4 13
15 11
17 16
9 7
18 12
16 9
0 18
2 0
332640
19
250971 345933 490637 920227 97461 156009 21 651 217413 47481 33201 969 6783 34713 86583 97461 807177 66861 66759
2 16
5 9
15 9
13 17
3 0
15 4
17 5
1 8
6 14
11 16
13 8
12 1
2 14
7 10
18 4
10 0
3 18
8 16
97461
19
221760 332640 83160 110880 83160 45360 166320 554400 332640 554400 45360 110880 498960 166320 50400 83160 110880 45360 498960
2 10
9 12
11 10
11 6
1 7
8 6
3 10
2 17
5 13
3 13
15 2
7 4
3 18
16 10
14 9
16 14
2 0
14 1
166320
19
632247 529529 284053 57477 37191 17457 37191 483 207669 21 119119 77 100793 2093 2093 307671 18879 637 40579
0 12
12 15
17 10
2 4
6 17
2 3
8 16
1 5
1 13
3 0
18 10
4 7
5 6
15 9
8 12
2 18
15 14
11 6
57477
19
665280 83160 665280 332640 55440 277200 55440 110880 45360 554400 332640 332640 498960 45360 498960 665280 83160 665280 50400
6 3
6 9
4 17
0 17
13 15
7 18
1 18
9 11
1 15
2 14
2 4
13 16
8 10
5 18
16 9
3 0
12 10
8 1
665280
20
476850 65450 80850 719950 3850 4165 46550 1309 109956 316540 503965 1015 83300 70805 130900 177870 73150 708050 279300 517650
9 8
2 18
19 0
8 15
1 14
16 4
15 10
17 13
16 18
3 2
5 13
1 0
12 4
10 7
14 3
9 6
5 6
11 19
17 12
130900
20
221760 55440 110880 221760 45360 665280 554400 221760 554400 332640 332640 720720 665280 110880 720720 55440 498960 665280 554400 83160
14 18
3 8
13 12
16 4
14 12
5 0
4 10
8 15
0 19
15 17
11 16
5 2
17 6
2 7
9 3
7 18
9 16
2 6
10 1
720720
20
82654 60401 17017 38437 71995 184093 24871 1547 569415 244783 17017 359975 155771 352002 41327 187187 34969 537251 664411 289289
19 1
3 2
15 2
17 14
12 5
8 11
13 0
18 14
12 9
0 17
1 18
10 19
16 9
5 7
3 6
4 11
15 16
6 4
8 13
82654
21
720720 221760 45360 83160 277200 50400 720720 332640 665280 83160 277200 110880 332640 277200 45360 50400 110880 50400 50400 55440 720720
18 2
8 7
11 4
16 7
0 19
5 8
5 10
1 16
6 18
6 4
20 0
17 12
15 10
2 12
17 3
13 15
1 20
19 11
3 9
13 14
720720
21
87780 5850 53550 417690 24843 348075 7410 4290 126126 348075 630630 401310 231 30420 106470 390390 3570 60060 103740 203490 180180
17 8
19 3
5 10
14 4
17 0
13 14
13 3
11 9
11 18
2 16
15 4
18 6
3 11
7 15
20 1
19 0
5 9
20 10
1 2
8 12
348075
21
83160 45360 110880 332640 166320 110880 277200 83160 277200 166320 45360 45360 554400 55440 554400 45360 332640 498960 498960 554400 277200
3 13
5 0
19 14
8 18
1 3
5 11
6 17
10 1
6 15
9 4
4 15
17 18
20 11
12 8
9 10
16 7
20 14
13 16
12 2
0 2
554400
21
498960 332640 332640 221760 83160 665280 332640 55440 166320 166320 50400 498960 498960 50400 332640 45360 166320 554400 277200 554400 554400
19 7
1 9
4 17
5 11
18 11
20 9
8 0
15 2
17 10
16 3
1 6
15 20
18 16
3 0
2 10
14 7
12 6
14 4
5 13
19 13
498960
22
221760 665280 166320 83160 720720 720720 665280 166320 554400 277200 221760 221760 554400 498960 554400 221760 554400 55440 110880 110880 332640 498960
8 14
20 18
21 15
21 14
9 11
19 3
1 7
15 5
13 16
20 4
2 11
10 6
5 12
10 16
7 2
18 12
8 19
0 17
0 3
6 1
17 13
665280
22
166320 55440 55440 720720 166320 498960 166320 83160 50400 665280 45360 50400 110880 55440 166320 221760 665280 110880 45360 332640 221760 50400
8 19
21 18
13 15
20 21
6 5
10 8
14 6
1 2
9 7
16 4
3 13
15 16
0 11
17 12
7 12
20 19
14 3
18 11
17 10
5 9
1 4
554400
22
289674 907137 231 252252 462462 9702 907137 126126 213444 4851 330330 15246 53361 106722 198198 154 693693 7623 210210 106722 693693 26334
19 1
11 8
14 3
6 9
4 15
21 0
17 20
14 17
16 12
7 21
4 7
19 13
18 9
16 20
2 12
10 11
10 18
0 8
1 6
5 3
5 13
907137
23
154 77 7 230945 1495 11 165 221221 209209 24310 381150 35 77077 374374 385 10285 415030 91091 286286 6 26741 173030 136045
10 20
4 22
9 13
19 10
16 14
22 17
17 8
10 11
21 18
10 6
0 16
16 2
13 15
7 13
8 3
12 16
7 20
12 18
15 21
1 12
3 9
21 5
17017
23
554400 45360 554400 83160 166320 45360 498960 221760 554400 720720 720720 110880 110880 50400 665280 83160 277200 166320 55440 498960 665280 166320 166320
20 12
17 11
19 2
2 17
8 3
18 2
13 6
11 8
22 15
7 17
1 19
13 21
9 6
17 4
14 16
1 13
10 6
18 14
3 15
20 3
5 20
11 0
332640
23
394212 53550 895356 7260 242060 111188 27588 52668 119700 778316 213444 614460 131670 462 579348 1785 921690 454860 18810 965580 482790 19404 518364
1 8
3 19
20 16
3 20
6 7
2 7
17 0
2 22
4 11
19 9
14 11
6 5
18 14
1 15
17 8
22 13
18 12
16 21
5 9
10 12
4 0
21 10
111188
23
653660 100100 46690 154700 278850 106470 77350 5220 95874 481650 147030 232050 66300 395850 354900 78 223706 260260 390390 20475 114660 28420 1235
4 1
17 14
1 21
15 10
14 9
8 7
21 16
11 19
10 13
12 7
8 16
3 12
19 18
2 0
11 6
2 6
5 4
22 9
18 17
0 3
5 20
20 13
130130
24
166320 166320 665280 332640 720720 665280 55440 221760 665280 50400 83160 498960 498960 498960 50400 221760 332640 166320 55440 221760 45360 498960 83160 277200
3 21
11 20
23 3
11 0
1 7
17 5
14 4
22 19
17 18
17 16
18 2
9 1
17 1
4 18
11 2
5 8
15 1
23 4
2 22
9 6
15 10
12 16
21 13
665280
