155
1
582111
0
10
221760 554400 720720 45360 50400 277200 166320 554400 221760 50400
9 4
5 2
9 8
3 2
1 7
6 0
6 1
0 4
8 5
554400
10
665280 665280 50400 50400 166320 720720 277200 332640 665280 83160
7 4
2 3
4 5
8 9
1 2
9 7
3 0
6 9
0 8
665280
10
533610 97020 177870 660660 42042 48510 105105 8820 462 4290
5 7
5 0
9 3
2 3
6 2
4 6
1 8
7 1
0 4
48510
11
83160 277200 110880 50400 720720 110880 166320 45360 498960 166320 221760
1 5
7 10
1 9
0 7
10 8
6 3
4 2
3 5
2 8
0 9
166320
11
419900 235950 2145 148500 14300 30 3 214500 96900 65 15
4 3
4 0
10 3
1 2
7 9
7 8
3 6
7 1
0 8
5 3
32300
11
35 7225 303025 342550 34255 30225 663 39525 349401 166175 77350
4 5
8 6
1 7
10 0
10 3
9 2
2 3
1 9
5 7
4 8
13175
11
222530 170170 687225 595 350350 270725 770 672980 458150 687225 397670
1 5
6 4
9 2
9 8
0 1
8 7
4 10
7 10
5 2
0 3
687225
11
17 51 213486 154 33 447678 87906 67914 339570 614460 21
9 8
5 9
2 6
1 2
8 6
3 7
5 4
0 5
8 7
10 7
67914
11
286 770770 464100 900900 50820 150150 220220 1938 329460 355740 65065
3 2
9 5
6 0
3 4
9 4
8 2
1 6
8 7
5 10
1 10
110110
11
332640 55440 277200 665280 277200 166320 332640 55440 720720 332640 332640
10 0
1 3
10 6
8 5
0 7
2 3
4 2
9 5
7 9
0 1
665280
11
110880 554400 45360 50400 554400 83160 277200 110880 332640 720720 110880
9 5
1 7
6 8
3 6
9 10
8 7
1 10
0 2
3 4
4 2
332640
11
166320 50400 45360 50400 720720 277200 50400 55440 166320 83160 720720
6 3
2 5
0 6
9 6
7 0
5 10
1 10
4 3
7 8
2 8
110880
11
44954 91091 321100 64220 944034 910 135850 715 910910 570570 65065
1 8
7 10
8 5
4 10
0 3
1 0
6 9
2 3
4 9
6 2
91091
11
33 34 53482 75075 143 715715 165308 143 195 160446 821678
7 5
9 10
4 10
3 8
10 5
9 2
9 0
2 6
1 6
3 5
53482
11
1330 108900 381150 70070 282100 39900 108900 330 69300 25410 51150
2 8
6 9
4 3
1 7
10 4
1 6
5 0
9 3
10 2
5 8
108900
11
554400 277200 332640 166320 45360 665280 50400 166320 720720 45360 498960
9 10
5 6
4 2
10 6
4 8
0 3
7 3
1 5
7 2
8 9
332640
11
45360 554400 45360 720720 498960 277200 166320 110880 498960 720720 554400
10 1
8 10
4 1
0 7
5 3
3 9
6 7
4 9
0 2
2 5
720720
11
117975 122694 139035 613470 3565 63206 30855 204490 13 909194 55770
7 1
8 5
2 10
1 3
7 0
6 9
6 0
5 9
4 2
3 10
122694
11
45360 554400 554400 45360 45360 498960 720720 45360 166320 554400 277200
10 5
4 0
6 1
10 9
3 2
7 0
3 7
4 10
8 10
2 1
554400
11
6 210 346500 70 262548 154 15 762300 462 485100 14586
3 2
10 4
5 9
9 7
8 7
9 1
7 2
6 2
4 0
4 9
138600
11
278850 141 97290 103675 772200 17850 182325 50050 30 66 100050
4 8
7 5
2 10
7 0
10 3
2 1
6 5
0 4
9 4
3 6
21450
11
83160 332640 665280 332640 332640 665280 83160 110880 166320 55440 221760
4 1
3 6
2 1
7 10
7 8
5 4
9 5
2 8
6 0
9 3
997920
11
498960 277200 221760 720720 720720 332640 110880 45360 50400 45360 665280
4 1
1 7
7 2
4 9
5 2
3 6
8 10
9 10
3 2
1 0
166320
11
215 166005 74970 545445 21390 246330 898380 120615 364140 57222 735165
8 2
3 10
6 4
7 9
3 5
5 6
1 2
10 1
9 8
7 0
47430
11
586092 34650 182 94809 156156 180180 17238 284427 63206 1326 802230
0 9
10 8
1 10
3 7
1 5
7 6
5 4
4 2
3 8
6 0
94809
11
83160 83160 720720 332640 720720 720720 55440 665280 50400 50400 55440
9 3
1 10
7 4
0 6
5 2
4 3
8 1
2 10
9 5
0 1
720720
11
665280 50400 45360 498960 55440 554400 45360 720720 665280 665280 277200
2 6
1 7
2 0
3 8
3 7
9 4
10 9
6 5
1 5
10 8
277200
11
554400 665280 665280 221760 45360 332640 110880 50400 332640 498960 665280
6 1
3 0
9 3
5 8
6 5
2 9
3 1
7 9
0 10
4 6
665280
11
50400 665280 498960 166320 720720 45360 665280 55440 50400 221760 45360
7 9
6 3
2 10
7 4
6 4
10 8
9 2
5 1
0 5
0 7
277200
11
498134 129948 56028 10092 601692 563108 51870 213486 5083 1547 910
6 10
1 7
0 2
2 3
4 3
9 0
5 10
4 6
1 5
7 8
43316
11
399 354900 161700 1330 354900 570570 300300 172900 300300 100100 300300
6 4
6 10
0 5
5 8
7 3
1 4
7 10
1 9
2 9
8 2
354900
11
267410 151725 990990 323 30855 461890 613470 381150 1785 34969 121550
0 9
5 6
4 7
3 5
6 2
2 7
10 0
4 9
10 1
1 8
76230
11
195 232050 197925 232050 172550 394485 177450 30345 390 76050 11900
5 3
6 0
1 6
3 10
8 9
2 9
7 5
4 2
7 1
4 10
30345
11
361361 209209 174363 41515 1235 23 492765 95095 68770 116610 67431
2 3
4 6
5 8
9 10
0 1
10 0
7 1
3 7
6 2
8 9
38038
12
45360 50400 277200 55440 110880 83160 554400 720720 50400 55440 55440 277200
10 8
9 3
5 8
7 6
5 1
0 7
2 11
3 4
1 2
10 4
11 0
277200
12
390 141610 54145 212415 70805 14161 324870 812175 248430 357 162435 464100
6 8
8 2
6 4
7 2
4 3
11 1
10 5
9 3
11 0
7 10
1 5
162435
12
332640 498960 110880 166320 665280 110880 277200 110880 498960 110880 332640 45360
3 8
7 6
0 5
9 5
3 0
11 1
8 10
7 9
1 2
6 4
10 2
554400
12
180895 836836 969969 487025 1001 770770 41990 10010 764218 330330 143143 675070
5 1
9 7
3 0
10 4
1 11
8 6
10 0
5 3
9 2
8 2
6 11
29393
12
59290 102410 377300 322 102410 70 14674 112406 807070 59290 247940 883190
9 2
1 4
11 7
10 4
7 2
0 9
11 8
8 6
1 0
5 2
10 3
102410
12
166320 110880 50400 221760 50400 665280 277200 221760 110880 720720 277200 166320
6 8
3 11
10 5
2 1
11 9
1 5
4 2
0 10
3 6
4 8
9 7
277200
12
482625 77805 4845 33 765765 117810 74529 92055 561 153153 15 10
7 2
4 5
5 11
9 8
3 5
6 1
1 7
9 6
0 4
10 0
0 2
58905
12
17787 7854 315315 117810 26775 183260 3003 487305 604758 533610 35574 210210
1 3
0 10
5 8
11 5
9 10
3 4
2 7
7 4
6 11
8 0
9 2
53361
12
22 365332 92378 184756 10166 326876 124982 12716 18772 182666 132158 106964
2 9
4 10
5 6
11 0
7 5
9 1
8 1
8 3
11 2
7 3
6 10
182666
12
221760 498960 166320 498960 55440 665280 50400 83160 665280 221760 720720 166320
9 7
1 0
0 10
4 6
9 4
5 2
3 2
3 10
8 7
8 11
5 11
665280
12
790075 141525 498525 254150 195195 182325 9435 283475 1598 254150 435435 407490
6 1
0 9
4 3
4 10
10 7
9 3
7 2
5 1
8 11
0 5
11 2
254150
12
741741 124215 21 90090 171171 273273 91 273273 301665 741741 244530 663663
0 5
11 7
3 2
1 8
10 3
8 11
0 9
9 1
10 4
5 4
6 7
741741
12
554400 110880 166320 277200 221760 50400 720720 55440 55440 110880 50400 110880
10 0
3 10
8 2
3 4
9 5
9 1
11 5
6 11
7 6
7 4
2 0
221760
12
264264 472758 60060 60060 78 858 14 100100 22 120120 130 945516
0 5
0 3
9 3
9 2
9 6
7 2
1 11
2 4
10 7
11 0
8 9
472758
12
55440 720720 221760 277200 45360 50400 332640 45360 332640 221760 50400 50400
4 2
1 8
10 5
9 7
10 11
8 0
6 9
3 7
6 2
5 0
4 11
221760
12
95 75075 450450 860795 139425 15015 450 82875 4225 770185 2255 78925
9 7
11 10
8 4
7 6
3 9
11 1
1 4
2 6
8 7
2 5
3 0
45305
12
258060 79170 445740 2145 92820 174363 168606 150150 100100 447678 110 579462
11 4
9 5
1 6
2 6
9 0
3 7
0 2
4 7
8 1
5 11
10 8
23460
12
216580 216580 129948 220220 31460 711480 195 216580 603330 9282 154 161700
7 1
2 9
3 10
0 8
5 2
1 11
11 5
4 3
7 0
5 4
6 8
433160
12
40460 226100 83300 606900 238 36890 89590 274550 791350 510 1700 226100
10 0
11 8
4 0
2 3
2 1
9 3
11 10
7 6
8 5
6 5
1 7
113050
12
50400 498960 45360 83160 554400 83160 554400 45360 277200 221760 665280 332640
11 4
6 10
7 8
6 3
0 9
4 8
7 2
9 3
0 5
2 10
1 5
277200
12
221760 45360 332640 665280 332640 166320 110880 498960 277200 45360 665280 50400
4 8
1 9
11 10
8 2
1 3
0 5
6 10
5 3
6 4
10 9
7 1
221760
12
332640 55440 498960 55440 720720 166320 166320 221760 554400 50400 665280 50400
7 5
4 9
4 2
11 3
1 11
5 2
1 0
8 6
8 10
7 0
6 3
277200
12
277200 83160 55440 277200 110880 166320 332640 554400 554400 554400 110880 498960
2 6
8 4
0 6
10 11
9 7
8 7
5 0
1 2
5 9
10 1
3 11
1108800
12
354900 91035 21318 21 126126 255 36414 180180 106590 156156 152460 235620
7 10
0 7
0 9
4 3
8 2
9 4
1 6
6 11
10 11
5 1
0 8
27720
12
229075 105 91630 42735 354025 47175 462462 65 195195 98175 48510 106722
3 11
11 10
0 4
4 2
3 5
9 0
2 6
1 10
8 6
9 5
8 7
32725
12
665280 221760 166320 50400 83160 277200 83160 277200 554400 45360 221760 554400
11 8
2 3
9 1
7 0
7 11
1 6
0 5
4 6
8 9
11 3
4 10
554400
12
264132 1302 80388 126126 75348 660660 1610 16422 54684 60060 67620 32844
10 6
0 2
4 9
5 3
10 2
11 8
1 8
4 0
7 11
5 9
3 7
60060
12
210 532350 852150 39900 81900 778050 89700 313950 259350 1311 266175 150765
2 6
3 4
11 9
10 8
4 6
0 5
3 8
2 5
7 1
1 10
11 7
266175
12
505172 285532 285532 625974 505172 705755 105196 8092 6137 442 65892 37145
7 6
1 2
0 10
7 1
8 5
3 8
9 6
4 0
10 3
2 4
5 11
505172
12
665280 83160 277200 83160 166320 221760 50400 665280 221760 277200 221760 110880
4 2
0 5
2 6
8 6
7 11
0 3
5 11
4 1
7 10
10 9
3 1
443520
12
221760 554400 277200 50400 110880 50400 50400 554400 221760 665280 665280 45360
11 8
5 4
8 2
6 11
9 3
5 6
2 1
7 10
0 4
1 10
4 9
277200
13
87516 194922 543048 74052 90090 21 612612 126126 29172 10164 330 87516 1326
12 11
4 10
6 1
7 4
0 3
1 5
9 7
2 6
8 0
9 2
3 11
8 2
29172
13
177870 75582 8190 723996 122265 468468 612612 121275 2145 90090 103428 154 167310
6 5
9 4
0 11
7 2
8 12
3 10
6 1
9 3
0 7
5 12
4 1
2 10
103428
13
202860 155526 133 205436 3933 311052 1334 636804 44022 55062 167580 214774 106134
9 4
1 5
3 8
12 2
10 7
4 8
0 9
6 11
5 3
0 10
7 12
11 1
155526
13
83160 720720 720720 45360 332640 554400 110880 498960 665280 55440 665280 55440 110880
8 10
6 5
6 4
3 2
12 7
12 3
10 1
1 9
8 11
2 11
9 5
7 0
665280
13
332640 45360 221760 554400 110880 83160 665280 45360 277200 277200 720720 665280 110880
3 9
11 2
1 5
0 6
10 6
4 12
4 9
7 5
1 12
2 0
11 8
8 3
554400
13
2 4807 41140 1540 182 267410 48620 105754 126412 26 534820 57596 440440
10 2
6 3
7 12
1 7
12 0
8 6
11 2
12 4
11 3
8 9
10 5
5 12
267410
13
330 762300 161700 38220 242550 242550 14700 81900 210 60060 762300 485100 81900
11 3
9 1
2 6
3 9
12 4
5 8
2 11
4 5
0 10
7 6
12 7
1 10
762300
13
1001 95550 47775 546546 91 1155 945945 17745 1638 59150 124215 337155 112385
8 6
8 3
2 10
11 7
0 3
7 9
5 6
12 4
11 12
6 10
1 9
1 2
112385
13
221760 720720 332640 221760 720720 221760 277200 332640 277200 665280 720720 332640 55440
12 8
5 4
10 4
7 2
8 7
0 1
11 0
8 11
3 8
1 5
6 8
9 3
720720
13
554268 7 35 119130 51150 498180 63954 75075 1705 5434 132300 64350 55062
10 11
2 7
7 11
5 12
4 8
0 9
4 10
6 0
5 3
10 1
12 10
6 3
21318
13
162435 6545 33649 45815 93786 1547 471086 135828 234465 231 154350 30 661500
2 6
10 3
12 10
8 4
1 3
0 5
7 4
7 6
12 11
9 7
8 12
0 10
46893
13
665280 50400 665280 277200 332640 554400 110880 277200 554400 221760 665280 554400 554400
2 11
7 0
7 1
3 12
10 4
6 1
4 9
0 10
2 12
8 5
6 5
9 3
665280
13
86411 195364 91 170170 413270 442 13294 63206 413270 488410 63580 9724 37570
7 11
5 1
3 2
12 6
11 10
7 8
10 3
4 0
4 8
1 9
0 6
12 9
413270
13
277200 720720 83160 498960 665280 554400 221760 277200 332640 554400 83160 720720 50400
2 12
8 11
10 0
6 3
1 8
9 3
2 1
2 4
5 2
11 6
9 7
7 10
332640
13
1430 26 632060 24310 884 204490 102245 114920 40898 57460 204490 126412 40898
12 5
7 9
6 8
11 9
4 7
6 5
7 1
10 0
8 11
2 4
12 10
2 3
102245
13
689724 109956 229908 252 149226 355740 2310 569772 509796 67298 81396 40572 42
10 7
0 11
11 3
0 8
6 5
2 8
4 9
1 5
3 10
1 4
9 2
7 12
81396
13
230945 858 30 552805 53295 115 3553 77 419265 858858 990990 437 230945
3 5
4 6
10 2
8 3
1 9
4 8
12 10
10 9
8 10
11 3
8 7
0 12
230945
13
166320 277200 83160 554400 332640 498960 110880 221760 554400 45360 166320 166320 110880
1 0
8 0
1 3
9 5
8 4
9 12
12 1
11 5
6 11
3 2
6 10
7 10
277200
13
79420 190 205436 19228 134862 14674 437 35972 261326 79764 102 647634 19
3 8
4 2
4 11
10 9
11 12
0 1
3 0
7 9
11 7
8 4
5 2
8 6
14674
13
462 156156 396396 252252 210 213444 213444 396396 126126 97020 49686 252252 396396
6 2
1 7
11 6
4 9
0 8
12 7
3 5
5 9
8 10
10 1
11 3
12 2
792792
13
1365 248430 62790 177870 745290 181545 231 460 266 43953 687078 102410 277242
4 0
7 3
12 9
3 11
5 10
10 12
9 2
2 7
4 1
8 11
6 3
1 5
248430
13
42 164934 1785 974610 4186 42 252 444528 966966 42 4284 6 825552
1 10
7 6
7 9
6 12
1 8
0 12
2 3
10 7
8 4
12 11
5 7
12 3
11466
13
221760 221760 332640 50400 277200 498960 221760 221760 554400 720720 50400 50400 554400
6 1
0 4
8 9
11 5
6 0
8 12
10 7
6 3
2 11
0 12
5 12
10 1
554400
13
209 256542 651222 184041 89661 16698 184041 184041 1794 920205 920205 429 674817
2 5
5 12
10 9
3 4
7 10
6 11
3 7
4 0
6 12
8 1
9 2
1 12
920205
13
59290 770 592900 35574 355740 10780 296450 126350 770 363090 146300 38220 59290
0 6
2 10
4 8
7 10
11 5
7 9
12 6
3 4
12 3
9 11
1 2
0 5
118580
13
150150 244530 151164 114444 58905 450450 298116 63525 529074 90090 1122 2730 342342
4 9
0 1
3 10
0 7
5 7
3 2
8 2
6 12
8 4
5 11
9 6
12 1
75582
13
169065 29172 33915 440895 29988 920205 11661 36414 663 948090 384813 90090 67626
8 12
12 1
5 10
11 4
0 7
0 9
1 9
5 11
4 7
3 2
6 10
3 6
33915
13
220220 506506 300300 380380 364364 110110 2002 28028 27170 3300 1430 17710 100100
12 10
11 12
8 3
0 6
8 5
4 1
2 9
3 2
5 7
7 4
9 0
11 1
28028
13
102900 735 42 10010 140140 858 77 210 633864 60060 70 462 242550
8 6
11 12
1 0
3 4
8 2
10 0
1 12
4 8
9 0
7 8
7 12
9 5
10010
13
83160 83160 720720 166320 720720 221760 166320 332640 554400 83160 665280 554400 55440
10 9
4 6
8 6
4 0
1 10
10 12
12 5
3 9
2 11
8 3
11 5
1 7
332640
13
91 10829 3234 17017 286 462462 572572 196196 22 442442 154154 154154 40222
11 10
6 4
5 2
7 2
7 1
10 5
12 1
9 12
6 11
9 3
8 7
0 7
308308
13
50400 277200 110880 277200 166320 83160 83160 110880 554400 110880 554400 83160 720720
12 8
6 8
1 0
8 3
5 7
11 0
10 11
2 1
10 7
9 4
6 1
4 12
277200
13
332640 110880 221760 50400 221760 50400 166320 50400 83160 50400 221760 110880 498960
4 11
0 4
5 10
2 0
8 1
11 9
2 12
8 10
3 6
3 7
7 5
9 1
332640
13
461825 38318 923650 355300 39767 455 430100 207025 2530 828100 41990 497420 154700
3 6
4 10
6 8
11 1
12 10
2 9
3 11
12 9
0 2
1 4
7 0
7 5
461825
14
83160 498960 277200 277200 665280 45360 166320 554400 332640 83160 554400 50400 498960 277200
5 2
12 4
10 0
11 13
8 13
8 3
4 1
6 9
7 6
11 9
2 0
10 1
5 3
332640
14
414414 132132 592020 149292 414414 546 95004 468468 212940 16380 78 348348 95004 53820
11 3
1 7
8 9
8 10
1 11
12 6
9 13
2 13
0 7
12 5
3 2
4 6
4 0
414414
14
221760 498960 83160 720720 665280 554400 110880 45360 50400 277200 166320 720720 83160 83160
4 9
9 3
2 11
1 4
10 12
6 9
10 5
5 8
2 4
4 13
4 0
8 4
7 9
221760
14
166320 332640 720720 665280 50400 332640 332640 498960 221760 45360 166320 50400 50400 166320
13 7
6 9
13 0
10 4
2 8
12 5
7 3
6 5
1 11
11 3
8 1
0 12
4 3
498960
14
166320 221760 45360 332640 498960 554400 332640 720720 332640 720720 277200 45360 55440 110880
7 8
0 3
12 9
12 13
10 2
11 3
1 11
1 2
10 9
1 5
5 6
0 4
1 7
332640
14
21 2166 154350 95 243542 595650 58 102 663 56100 169065 210 159562 1785
2 0
13 2
9 5
9 7
4 12
12 1
4 6
10 13
1 5
9 10
11 2
10 8
3 5
8398
14
121275 770 700700 46410 105 102900 7 23205 210 514500 63700 70 121275 35
13 9
10 9
3 7
0 4
0 12
11 5
12 7
10 5
9 6
8 5
1 2
2 10
3 9
121275
14
166320 332640 55440 110880 55440 45360 45360 498960 110880 665280 166320 221760 498960 554400
7 4
11 10
13 2
6 2
3 0
13 0
10 5
1 8
8 7
11 9
5 3
6 12
1 9
332640
14
221760 166320 720720 83160 45360 221760 332640 554400 55440 50400 221760 45360 166320 50400
10 1
7 5
2 9
11 13
4 10
12 2
6 3
9 5
4 6
11 0
8 12
13 8
7 1
166320
14
80850 935 55 910910 719950 532532 220220 84700 364364 175175 350350 121030 110110 444675
10 3
4 7
0 13
6 7
11 5
6 5
11 9
4 1
13 9
8 3
10 0
8 12
12 2
182182
14
195300 173250 595 98175 33189 95550 7395 33189 31 57330 242550 315 110925 1155
12 6
4 7
10 13
4 8
5 1
11 12
0 1
0 8
3 1
5 9
2 3
0 10
11 9
33189
14
137275 177650 131495 906015 692835 502775 37145 81719 1785 151725 206635 1105 170170 657475
5 4
0 6
6 7
12 1
9 13
0 1
9 8
2 12
10 11
3 4
13 5
2 3
7 10
53295
14
33915 3927 19635 412335 1785 631125 12705 302379 65835 455175 496125 33915 15 627
3 10
4 9
7 6
7 1
5 6
5 10
2 3
11 10
8 10
13 8
5 9
10 12
0 11
33915
14
74727 293683 690 9918 54150 327990 114057 48906 83030 680846 429 393300 24909 380190
5 13
1 5
2 11
4 8
7 3
6 3
7 10
6 0
1 9
13 12
8 9
4 11
12 0
24909
14
2023 319725 66759 431970 412335 778855 178959 274890 687225 971355 183260 105 119 137445
5 8
12 13
2 0
2 4
1 8
0 5
3 10
13 7
11 4
6 3
7 10
9 6
1 9
137445
14
19890 235950 108900 330 128700 232050 258570 532350 390 471900 185900 22100 18150 128700
2 12
9 3
10 9
10 11
1 12
1 13
5 11
13 0
7 5
4 2
4 7
6 8
6 0
36300
14
606970 26 33350 627900 260 2870 282100 373100 587860 57460 823004 48300 287300 733460
12 3
9 12
2 0
7 8
2 11
10 8
5 7
6 4
1 13
3 11
13 6
9 4
10 0
117572
14
67626 44460 225420 46410 428298 517140 361998 714 86190 478686 278460 106470 212940 221
9 1
13 8
1 5
5 2
3 2
4 0
6 0
10 11
9 4
12 8
3 11
7 10
6 12
25194
14
665280 45360 55440 332640 720720 166320 50400 221760 110880 166320 166320 45360 554400 277200
6 9
1 7
9 10
0 1
11 8
12 8
10 3
4 11
12 2
6 13
7 13
4 5
2 3
332640
14
182182 38962 80465 547162 67925 210 1463 1045 889350 11830 39083 385385 563255 52877
9 0
11 0
7 4
4 9
11 2
3 1
2 13
13 1
8 10
12 6
3 10
5 8
12 8
39083
14
6 101640 68370 130 50700 683700 2 304920 2145 27300 23100 495495 3388 152100
1 6
10 7
9 13
7 0
3 4
9 10
12 7
13 4
11 1
1 5
11 8
1 12
5 2
68370
14
665280 50400 221760 50400 110880 665280 55440 83160 50400 166320 110880 83160 166320 83160
0 9
3 10
6 10
12 2
11 1
0 4
8 9
6 5
13 4
10 11
5 12
3 7
13 7
221760
14
385 605 282975 133 7315 11 232925 51205 385385 385385 768075 7 55055 605605
10 2
0 8
12 1
10 4
9 2
1 6
7 6
12 8
13 6
13 9
13 5
11 2
7 3
55055
14
170170 572572 2730 43316 213444 355740 78540 286 260260 100100 32340 210210 17017 660660
1 13
5 0
7 1
9 8
6 3
5 4
3 8
12 0
4 10
10 9
6 13
2 11
11 12
71148
14
858858 27115 2431 5313 33 835142 1001 347633 1001 195657 1 651222 2465 75922
11 3
13 5
6 7
4 9
9 6
9 1
12 1
0 11
9 5
10 7
7 2
0 8
9 3
75922
14
840840 21 70 340340 565950 649740 14 289884 2695 42 102900 586670 70 46410
8 4
12 10
2 4
9 7
0 10
4 1
3 5
11 3
5 13
8 10
11 7
0 3
6 0
46410
14
83160 332640 55440 277200 720720 166320 166320 221760 554400 45360 110880 110880 554400 665280
1 2
13 1
9 12
11 8
5 9
13 4
5 3
6 10
2 8
0 7
4 7
0 10
11 12
388080
14
332640 45360 498960 332640 665280 55440 554400 332640 110880 332640 166320 498960 221760 166320
12 9
9 6
11 10
8 1
12 3
4 5
2 13
3 11
8 7
5 0
4 7
6 0
13 10
665280
14
136850 270725 455 20825 91091 254150 1950 73255 170170 170 750750 77350 889525 1430
0 5
7 4
10 13
10 6
10 3
8 4
5 12
9 8
6 11
0 11
3 1
1 2
7 12
127075
14
2310 210 330750 339570 3570 3 105 1575 154350 249900 509355 14 105 727650
3 6
9 8
2 1
12 10
3 11
13 5
13 7
2 8
0 13
10 3
4 9
8 10
7 2
169785
14
210749 77 30107 1309 592900 110 148225 207515 296450 503965 77 71995 244783 705551
11 6
3 9
7 0
6 9
2 0
11 12
10 7
13 12
5 4
13 4
8 4
7 8
13 1
296450
14
332640 83160 110880 83160 332640 55440 166320 498960 50400 55440 166320 45360 166320 50400
2 11
11 9
5 10
0 3
12 7
13 5
13 2
3 6
1 4
8 7
8 10
0 12
9 1
332640
14
498960 110880 55440 332640 665280 554400 50400 720720 110880 332640 50400 110880 55440 166320
11 3
9 2
12 6
0 4
5 8
10 1
1 11
3 8
2 5
7 13
9 13
6 7
4 10
443520
14
165 18590 462825 255255 550550 700700 65065 242550 150150 190575 780780 30030 15015 82810
2 0
8 7
5 4
4 8
10 11
12 9
6 12
3 13
13 5
1 10
9 7
2 3
1 6
100100
14
110880 50400 332640 221760 665280 554400 55440 221760 221760 498960 50400 110880 332640 221760
3 11
12 13
1 8
13 2
10 7
2 0
9 0
7 5
10 12
4 6
11 9
6 8
4 5
332640
15
50400 720720 83160 554400 55440 50400 277200 110880 83160 498960 221760 221760 221760 50400 554400
14 6
11 10
9 0
13 5
6 3
11 2
1 7
10 12
1 14
8 10
2 4
9 13
5 8
3 8
554400
15
149175 306735 126412 63206 429 777699 235950 707850 2145 458643 122694 15 15730 330 838695
12 1
0 11
7 0
8 1
13 7
12 6
3 2
4 10
10 2
0 5
7 3
6 14
5 9
9 14
63206
15
332640 166320 720720 332640 166320 554400 110880 277200 45360 55440 83160 55440 221760 221760 45360
13 2
12 2
13 9
0 13
13 4
13 5
10 1
7 11
8 6
11 0
14 3
8 3
14 4
2 10
277200
15
665280 498960 332640 221760 55440 665280 50400 110880 665280 498960 720720 498960 332640 55440 110880
0 3
4 6
0 11
1 14
7 8
6 13
2 3
9 4
12 4
14 7
5 8
8 12
0 9
10 8
665280
15
345 110466 29070 57 249090 422370 125970 52020 168300 67925 314925 59565 2550 753825 572220
10 5
1 2
6 9
14 8
0 13
10 12
14 7
7 2
4 13
3 11
1 6
5 4
11 9
12 8
52020
15
498960 166320 83160 554400 83160 221760 554400 110880 554400 277200 55440 55440 498960 332640 720720
13 0
12 4
4 14
1 7
6 10
5 2
1 11
14 8
10 11
3 7
8 9
12 0
2 13
5 6
498960
15
513513 180999 78 57798 48165 4845 3315 236691 4641 169065 215475 429 13 97461 117
12 1
7 13
1 14
0 5
11 0
9 6
13 0
10 14
3 4
2 3
10 5
7 9
4 10
1 8
33813
15
83160 45360 55440 277200 332640 110880 332640 665280 45360 554400 166320 277200 55440 50400 50400
7 13
11 4
5 14
5 1
4 3
6 12
13 14
10 1
9 12
0 8
8 6
11 2
2 9
10 0
332640
15
455532 481338 172788 858 862488 6 821106 57222 166518 858 736164 481338 28611 14157 66
8 6
10 9
2 4
5 4
12 7
4 13
0 2
11 12
1 7
3 11
6 10
13 1
14 4
8 0
28611
15
45360 110880 55440 720720 55440 50400 45360 221760 332640 221760 45360 554400 498960 83160 55440
9 13
0 7
14 2
0 11
5 3
5 13
6 14
1 7
4 11
9 11
8 3
6 9
12 11
10 12
110880
16
385 154700 27300 92820 592900 31460 300300 150150 27094 596068 2002 452760 572572 300300 169400 154
12 10
14 1
4 6
5 12
7 6
2 11
3 11
9 8
13 4
13 2
1 3
14 5
11 15
14 9
7 0
150150
16
50400 332640 110880 554400 166320 221760 332640 166320 110880 110880 55440 332640 166320 720720 83160 55440
9 10
0 6
15 0
12 2
3 12
9 1
14 13
10 7
1 5
7 15
4 13
8 3
11 15
2 6
8 4
332640
16
166320 221760 55440 45360 166320 665280 50400 720720 45360 332640 332640 110880 55440 554400 720720 83160
13 9
12 11
11 8
14 9
9 3
8 15
1 2
2 9
7 5
6 15
4 6
5 9
13 10
0 7
15 0
332640
16
50400 221760 110880 221760 720720 55440 110880 110880 83160 55440 332640 554400 50400 554400 45360 45360
2 10
12 6
12 8
9 1
8 1
9 11
5 3
4 13
10 13
7 3
15 14
0 2
6 0
4 7
15 11
332640
16
760500 437580 142324 290700 22308 85176 10 107100 546 225420 172380 119700 442 390 322 456300
10 12
11 7
0 13
3 11
1 4
6 0
9 7
15 10
1 3
5 15
15 0
5 8
4 5
2 14
2 9
152100
17
169932 458150 3570 849660 91630 420420 80850 420420 1190 149940 161700 4410 124950 83300 32340 714 111265
4 6
11 12
9 2
9 15
11 7
6 10
14 10
5 14
13 1
7 5
0 4
8 3
0 3
1 16
16 2
12 13
420420
17
644930 4510 70 185900 102245 84700 100100 271700 84700 146300 243100 32300 78650 254100 471900 321100 592900
9 16
4 0
10 3
6 2
0 1
12 8
16 8
15 7
12 4
10 11
13 14
5 13
11 9
6 14
5 7
3 15
84700
17
15015 83790 658350 1260 485100 119700 485100 485100 485100 392700 95370 167580 210 90090 286650 58905 573300
11 1
5 2
16 3
13 0
15 10
2 15
4 11
3 13
8 9
4 6
8 7
9 10
5 6
1 14
12 7
14 16
485100
17
837900 401625 950475 145350 687225 65550 63365 59850 103950 4370 210 160425 11025 160425 62475 6 418950
8 4
3 7
14 1
2 8
1 3
9 5
6 2
16 0
11 1
0 10
15 8
14 4
16 12
5 13
7 12
13 11
418950
17
78078 37180 90090 284427 390390 2002 277134 59150 508079 77077 831402 209 284427 17745 63206 554268 12597
3 13
12 6
2 10
14 8
10 16
14 5
13 7
4 1
7 1
0 15
11 8
9 0
3 12
2 4
9 5
6 15
284427
