5
400
6 30 19 19 21 22 13 18 2 7 16 16 14 5 22 6 26 4 15 13 16 27 15 14 18 6 10 8 12 9 27 5 29 1 23 10 15 28 22 30 2 17 8 6 2 11 12 8 2 14 13 13 23 16 8 29 7 21 10 4 18 18 21 23 4 26 7 12 16 5 5 30 2 29 2 1 22 2 23 16 3 27 16 22 1 15 12 3 12 23 28 4 18 27 26 11 5 6 28 10 20 20 11 12 12 15 12 23 23 28 17 19 18 11 28 11 8 23 8 22 21 27 30 30 14 18 5 11 22 4 14 28 3 15 15 17 21 12 14 12 17 4 20 30 19 14 4 28 17 25 1 2 16 22 11 24 15 4 20 28 28 4 14 18 13 20 28 8 13 29 8 5 25 7 2 21 22 10 10 19 19 10 28 28 13 7 28 17 30 7 3 1 2 2 19 28 29 28 8 4 10 10 3 19 3 14 24 4 1 14 18 28 10 23 23 28 23 3 6 25 27 15 2 10 12 17 4 28 30 30 25 1 18 10 17 11 8 28 4 8 13 16 6 5 4 15 15 24 25 24 20 8 29 7 16 14 13 17 6 29 14 20 7 27 14 10 15 7 26 14 29 28 28 9 18 3 11 6 12 7 28 14 24 6 14 13 28 1 26 27 28 25 29 1 13 13 2 9 30 3 13 18 14 17 17 6 12 12 28 14 5 9 3 16 24 2 23 9 17 29 17 8 22 23 9 14 20 25 18 9 13 24 21 30 19 17 8 16 29 11 9 16 3 13 28 24 20 13 3 6 16 30 29 2 14 28 15 19 9 16 25 7 2 27 12 9 16 28 7 2 4 30 16 26 24 23 28 9 29 19 10 9 25 30 26 24 19 1 18 15 17 23 6 13 15 13 12 8 2 21 
400
27 18 7 26 25 28 19 20 6 21 26 27 30 9 2 13 19 10 29 15 30 29 15 20 22 28 19 13 10 3 20 20 2 21 27 14 8 1 8 11 11 18 12 27 18 9 15 26 11 28 22 21 29 10 30 7 13 4 6 22 30 26 5 11 9 25 16 11 24 9 4 11 10 16 15 15 20 2 6 17 19 26 3 22 24 21 1 29 1 14 4 22 30 21 19 13 1 26 15 10 21 9 20 3 7 19 6 6 12 21 24 8 30 23 1 27 30 29 29 14 29 5 2 8 9 18 9 9 16 11 25 29 17 13 2 13 10 11 10 20 4 5 20 19 19 9 1 15 18 3 8 2 16 25 28 8 24 29 25 5 18 21 4 22 8 30 28 2 15 15 19 3 20 17 24 15 23 12 30 8 27 20 18 8 14 24 22 30 26 4 12 4 13 30 14 5 13 28 16 15 20 13 9 26 19 25 3 29 19 29 10 10 7 23 8 1 22 25 25 17 12 18 22 12 5 16 29 4 30 21 1 22 16 23 5 5 6 23 9 27 2 8 17 18 26 15 19 9 14 12 14 28 7 17 15 10 29 4 4 16 18 28 1 30 18 9 30 11 17 11 26 3 9 27 7 19 23 6 6 28 24 7 12 4 15 15 13 27 8 21 5 20 13 29 17 20 12 9 10 7 17 29 10 24 18 9 8 12 14 23 17 29 24 12 4 9 1 30 6 24 1 26 21 8 8 1 23 26 27 1 17 28 4 25 5 1 4 7 9 1 7 17 2 17 15 12 27 26 4 25 24 7 26 6 26 28 8 15 6 29 29 25 12 2 14 29 3 19 15 25 23 4 27 21 30 17 21 27 3 16 28 8 10 9 25 18 20 9 10 8 25 29 19 17 1 15 21 11 20 6 
400
5 29 17 12 28 1 11 5 26 17 16 16 4 21 15 27 29 20 24 29 10 25 8 21 22 20 13 17 17 8 24 24 7 18 23 29 2 24 13 5 29 27 26 17 9 7 9 19 21 26 26 22 15 13 30 25 20 12 5 1 20 28 30 9 10 28 7 12 15 9 15 15 2 3 30 20 1 22 7 30 29 28 16 24 4 1 2 28 26 13 11 20 24 13 4 10 27 13 3 6 21 13 21 29 21 19 15 21 3 24 6 1 28 26 8 23 3 16 21 5 13 14 14 27 27 1 10 5 10 25 29 22 23 5 16 14 18 11 19 20 30 10 15 15 6 29 21 17 20 29 14 8 14 22 11 19 30 11 22 13 25 5 13 7 27 11 29 6 16 28 1 15 29 7 2 7 23 20 13 22 19 16 22 22 13 9 16 15 10 4 1 22 24 22 4 1 15 5 5 28 28 4 10 12 9 21 9 7 21 14 21 30 20 20 8 25 21 15 18 3 24 25 7 7 9 4 16 16 23 17 22 19 18 26 16 21 4 7 3 4 16 4 8 8 24 4 14 14 23 3 4 10 1 24 13 29 27 21 1 2 11 21 16 13 13 10 29 2 18 9 9 29 2 7 19 19 24 23 18 23 4 7 6 26 1 28 9 25 4 21 7 29 10 24 1 8 18 11 4 27 15 13 13 14 10 17 10 19 16 30 4 3 16 27 4 19 18 3 3 12 4 13 28 11 17 8 4 3 2 13 12 9 12 23 26 17 12 19 27 5 7 7 18 15 19 13 11 26 24 11 1 3 1 6 27 2 19 11 3 26 18 24 11 12 7 29 30 29 30 4 11 3 29 26 8 18 19 18 7 26 1 27 17 30 9 1 14 29 18 14 4 1 13 3 4 14 5 7 17 13 
400
16 28 5 24 30 4 19 11 13 28 19 1 2 15 16 30 18 21 7 13 12 17 22 13 24 12 7 21 16 17 7 26 19 21 6 5 4 21 19 15 4 7 26 23 14 14 10 16 15 27 24 15 21 11 4 13 27 15 22 7 28 1 5 30 25 13 1 3 21 14 8 25 23 9 24 21 17 9 17 28 28 4 14 18 18 15 23 3 18 18 15 17 7 7 10 9 16 1 18 7 3 10 10 2 2 2 23 22 22 23 8 11 15 5 22 15 13 6 22 12 9 11 30 9 6 6 23 27 24 22 7 21 4 6 22 23 21 5 4 29 28 1 5 16 4 21 18 9 28 13 23 11 24 29 10 18 7 13 26 20 5 3 22 18 3 21 29 8 29 14 24 23 26 8 30 4 12 7 26 14 18 25 30 22 2 8 15 2 2 27 10 3 8 17 3 30 11 13 6 16 7 25 8 29 21 19 9 3 23 3 28 29 7 9 26 19 29 18 1 6 17 13 28 14 9 6 28 17 28 23 22 3 15 30 7 28 21 29 15 10 16 9 23 10 26 9 9 26 22 12 29 17 14 24 2 16 24 22 7 25 4 13 12 19 17 21 9 6 19 18 4 20 6 13 26 8 18 4 19 7 17 11 13 20 14 24 29 23 10 3 17 29 9 2 20 27 2 14 13 15 28 25 11 14 9 15 14 19 26 23 17 17 30 17 21 12 8 21 15 11 28 26 27 12 18 20 2 7 28 30 3 13 17 23 18 15 15 17 25 23 16 7 21 1 28 9 19 4 1 3 15 26 28 25 9 4 21 28 4 8 2 14 22 28 25 9 4 25 10 16 30 18 16 3 5 27 15 12 4 25 12 9 3 4 12 21 20 5 23 12 7 11 6 28 7 15 15 25 15 18 
400
22 6 23 9 27 13 7 14 3 19 22 4 12 9 30 27 14 17 13 20 3 26 16 10 12 4 23 21 19 30 15 28 13 19 2 21 19 6 15 30 16 6 7 10 22 20 24 30 7 22 26 18 25 21 8 30 16 5 16 18 16 3 2 30 27 27 5 28 13 29 27 21 2 25 15 24 16 8 2 7 28 16 29 27 12 18 11 7 18 28 20 4 6 23 15 18 27 7 27 19 16 5 25 12 6 12 14 20 7 24 25 24 24 29 21 15 14 14 29 21 7 1 11 30 19 3 30 29 15 14 25 23 3 6 29 7 16 21 2 5 17 21 7 1 10 14 30 3 30 11 23 30 13 23 4 12 19 18 7 3 2 26 8 15 15 6 27 21 15 9 22 25 5 12 17 29 24 8 11 21 2 1 26 12 14 29 8 26 8 26 21 28 26 20 28 22 2 11 15 7 28 9 9 29 1 29 8 11 1 6 16 21 24 18 3 21 13 6 17 1 9 10 24 16 28 26 22 4 20 24 18 6 25 3 1 22 24 3 17 3 16 19 18 16 17 30 21 1 3 11 26 12 12 13 25 26 7 18 25 14 23 2 11 6 27 25 13 12 20 10 19 15 14 24 17 19 8 16 8 13 10 22 24 7 14 28 3 14 9 18 10 20 27 30 10 20 30 9 13 11 15 18 17 22 8 9 10 24 12 30 1 26 24 15 14 13 27 9 17 9 14 12 14 26 18 30 10 16 29 10 27 24 3 2 15 22 1 28 6 14 30 25 7 16 20 27 24 25 15 8 7 22 4 7 9 18 18 25 25 28 25 19 4 25 15 4 15 30 14 26 10 30 9 1 21 5 12 2 3 24 22 23 16 17 20 8 12 12 10 11 13 8 13 20 20 1 10 19 20 9 
