40
50
42 6 4 30 31 50 43 34 9 31 45 33 3 8 14 35 20 37 10 8 19 23 19 10 34 18 13 8 40 7 10 31 30 7 42 19 17 37 39 26 50 19 30 19 28 34 6 41 47 37 
50
13 9 6 50 29 25 49 34 11 44 39 31 21 21 37 16 29 33 25 48 6 16 12 22 24 35 32 23 26 50 15 40 34 47 29 2 6 3 28 25 50 20 15 36 37 22 26 34 33 31 
50
5 49 35 11 37 14 40 34 23 20 12 26 42 16 19 19 17 30 44 21 24 37 17 44 50 3 47 45 6 30 14 30 19 33 43 44 49 15 37 34 45 8 47 8 48 43 32 36 47 46 
50
6 20 4 31 28 19 46 49 21 39 23 47 18 11 8 38 6 37 34 11 20 18 1 13 39 44 45 25 7 43 12 5 32 27 32 50 1 24 2 5 28 7 37 8 30 40 36 3 9 8 
50
17 23 43 41 18 18 14 37 21 37 47 22 47 16 20 8 10 6 43 13 40 22 19 15 7 13 5 39 47 38 50 14 15 28 8 48 42 46 29 20 46 27 19 1 23 45 35 12 5 10 
50
7 39 35 25 43 48 9 50 6 1 28 31 34 47 7 5 18 3 26 31 48 31 7 37 29 20 39 43 42 6 38 1 31 23 35 25 43 18 30 50 28 2 31 48 37 46 34 36 43 46 
50
47 22 36 45 45 25 45 36 25 30 45 5 17 24 12 24 31 37 22 24 37 22 34 9 33 16 38 16 12 44 10 42 8 20 40 19 34 40 9 48 10 6 24 7 37 35 21 46 10 14 
50
11 9 19 40 30 44 47 36 42 14 42 20 20 42 10 39 47 15 7 7 1 18 3 24 41 30 41 44 50 43 34 28 3 18 48 29 26 16 40 49 35 49 10 48 27 21 19 16 35 29 
50
17 37 21 24 49 10 36 49 44 43 22 7 29 17 13 13 26 36 19 18 18 31 38 2 8 28 44 31 10 42 20 35 13 47 10 36 25 17 34 36 2 32 6 3 24 49 37 17 49 39 
50
5 13 8 49 47 41 19 2 40 20 36 10 45 17 18 48 46 42 44 38 2 31 36 16 27 42 48 43 31 31 43 29 28 5 42 41 19 43 26 24 5 42 29 3 17 36 50 49 24 24 
50
46 24 1 48 7 38 15 6 6 40 44 19 13 1 15 47 40 20 7 23 39 4 44 16 31 28 49 29 1 5 43 40 32 18 30 41 3 46 25 29 11 24 20 28 12 28 12 1 43 15 
50
17 31 49 21 32 13 6 34 31 23 39 39 4 30 26 46 25 13 44 31 32 50 2 39 5 2 35 25 36 31 15 35 35 10 25 4 28 45 39 27 26 2 12 12 36 31 22 32 26 25 
50
23 26 27 24 31 7 39 49 31 40 41 41 7 48 33 49 25 37 37 39 27 34 46 31 41 18 39 12 47 20 44 20 37 44 37 25 15 43 8 43 43 26 42 38 25 44 10 22 13 35 
50
40 30 24 24 18 35 23 9 34 9 50 6 28 1 14 10 12 47 38 48 5 7 36 21 8 16 10 32 18 26 37 38 38 18 36 47 21 41 27 31 27 34 29 36 34 46 50 32 46 48 
50
15 21 39 44 31 3 20 28 18 46 35 5 49 30 25 30 16 40 14 29 9 4 44 31 33 21 50 22 48 34 8 27 28 23 16 13 50 41 23 32 30 30 22 48 28 49 35 26 47 40 
50
17 46 10 44 31 50 39 42 42 38 11 20 20 17 31 39 37 24 5 34 14 44 23 47 33 24 4 23 2 35 11 11 10 46 18 43 47 41 24 30 46 30 43 38 25 1 16 25 47 50 
50
14 33 17 4 29 26 22 21 33 1 22 37 24 7 45 16 1 46 36 2 43 4 6 43 11 47 16 27 11 25 50 33 46 24 48 36 7 49 50 48 15 8 2 44 37 15 8 25 38 2 
50
37 30 28 13 20 18 42 48 14 30 32 36 37 37 18 4 10 28 37 21 6 26 45 7 23 46 7 5 41 15 15 16 30 21 24 15 49 48 29 47 48 50 10 38 50 10 34 31 9 7 
50
35 15 33 19 9 44 40 21 48 3 33 27 30 19 12 24 8 28 11 39 46 28 2 48 47 33 45 47 2 49 3 5 7 24 28 50 37 13 2 14 40 15 32 33 30 46 34 4 37 11 
50
30 22 42 31 33 46 4 18 1 6 17 30 28 4 43 1 25 20 15 45 36 38 7 29 15 50 5 45 21 36 38 23 5 15 11 4 13 14 29 41 32 28 16 33 31 44 36 17 37 1 
50
31 14 36 4 29 15 37 16 23 19 49 13 16 36 16 42 25 30 49 8 38 19 44 24 29 43 11 30 19 25 43 37 17 26 44 27 11 13 12 10 31 32 44 43 45 25 49 24 32 11 
50
32 34 1 10 2 13 17 6 31 11 25 30 12 25 50 13 17 36 37 37 50 19 10 39 10 46 47 48 25 12 18 17 40 45 29 2 1 23 38 18 44 30 7 21 44 39 31 15 9 2 
50
17 17 29 9 45 4 24 30 13 8 35 7 29 49 3 44 20 8 42 10 34 36 39 21 41 34 25 26 49 28 27 43 23 17 17 15 11 30 41 43 22 49 40 43 5 44 12 12 38 27 
50
47 23 50 5 37 27 38 44 27 48 27 1 20 39 25 33 21 47 14 7 43 50 32 40 10 26 8 15 44 39 46 25 17 26 45 23 16 3 43 34 37 33 10 36 33 48 27 6 29 38 
50
17 36 41 15 50 2 40 26 16 8 37 36 23 18 38 44 42 35 4 31 29 2 12 44 29 34 5 35 50 35 26 16 14 7 12 48 42 33 8 42 9 15 46 49 15 18 42 43 25 16 
50
14 18 20 41 21 45 12 25 4 35 15 16 14 26 12 1 25 27 28 26 22 1 14 30 43 41 33 40 32 2 29 45 14 47 39 33 6 8 5 48 14 36 46 47 23 16 10 38 8 19 
50
10 38 41 16 40 40 44 5 48 38 6 29 41 44 43 18 11 22 18 28 36 5 26 47 26 12 9 8 3 11 8 18 23 50 35 33 48 29 42 28 34 10 7 43 27 21 11 15 10 37 
50
23 21 21 20 1 49 24 38 46 43 50 43 17 39 2 12 2 13 33 15 40 42 37 13 12 40 4 49 1 10 2 39 28 42 35 37 45 29 28 35 14 12 44 18 5 9 32 29 41 48 
50
50 10 48 48 44 26 23 21 17 48 27 43 20 14 9 37 26 28 49 31 9 35 19 42 41 6 18 49 8 49 13 24 20 3 11 40 40 11 26 6 11 34 44 5 7 50 41 17 48 40 
50
44 18 27 25 6 6 7 4 12 35 40 11 3 28 10 36 12 21 23 8 25 2 29 48 17 38 19 6 32 48 2 32 37 26 14 42 41 19 18 42 44 26 2 4 38 5 18 1 37 40 
50
17 41 12 41 16 30 38 40 22 47 46 46 15 3 3 43 34 46 10 9 29 21 38 39 43 40 10 11 45 5 6 14 16 48 19 16 32 20 24 23 20 46 27 44 14 31 46 46 23 35 
50
10 2 23 7 42 14 16 26 49 35 22 36 24 19 11 14 50 9 48 48 46 3 12 10 1 42 32 38 11 23 35 4 34 43 33 14 20 49 7 18 50 37 37 14 25 2 37 19 45 34 
50
18 17 43 29 19 30 28 22 49 42 18 36 12 45 6 45 32 2 8 46 21 35 5 13 24 38 23 14 19 45 23 9 19 3 36 39 6 20 26 46 44 14 11 26 6 15 9 26 3 11 
50
33 3 28 34 24 45 7 28 37 16 3 16 9 49 44 8 16 2 15 23 19 38 41 35 37 41 18 13 4 20 7 46 31 15 2 32 28 25 47 25 24 48 22 39 17 19 22 19 32 10 
50
10 17 25 2 14 28 9 27 31 20 48 48 6 30 7 31 1 2 8 13 39 42 11 10 37 22 28 3 20 19 7 49 47 27 12 50 22 23 14 7 22 35 35 37 29 34 46 9 21 23 
50
6 2 12 50 50 15 33 50 9 14 23 22 5 25 2 3 19 33 13 20 12 21 48 19 4 16 10 27 32 24 21 45 16 1 36 32 38 16 42 48 11 30 36 21 5 3 15 40 4 15 
50
10 25 44 2 30 49 3 44 27 21 39 7 31 21 5 26 16 29 7 40 8 17 21 30 38 20 37 30 3 46 14 44 4 45 17 20 50 23 44 1 26 24 31 5 48 34 32 27 5 50 
50
5 48 15 7 21 30 34 33 20 13 18 46 19 14 39 8 7 34 22 17 12 41 38 49 48 42 44 32 4 1 28 20 36 38 46 31 16 9 11 5 13 46 2 11 18 12 28 47 6 49 
50
23 32 13 43 47 28 22 1 35 35 12 8 48 44 48 18 21 42 18 33 7 30 36 15 46 21 43 36 9 41 36 7 11 48 44 19 12 24 26 38 1 45 20 6 10 22 40 48 29 18 
50
21 5 11 22 7 41 21 22 43 9 12 41 1 42 28 40 27 12 35 24 10 1 44 6 10 6 36 11 5 23 32 2 9 50 23 22 1 30 47 10 17 44 29 6 42 20 2 40 23 25 
