44
45
45 19 13 10 35 27 43 21 10 11 7 20 20 32 41 6 36 8 40 22 2 10 35 18 12 14 43 5 25 16 25 3 39 6 5 41 9 11 26 29 13 18 38 23 15 
45
30 41 16 27 6 20 8 23 25 14 5 33 42 18 29 24 44 3 26 23 18 16 25 19 34 18 14 1 6 9 37 40 44 34 25 15 30 4 23 2 23 40 27 12 44 
45
4 19 28 44 42 15 21 31 27 4 42 45 40 32 12 26 38 21 23 25 1 45 7 36 8 40 44 5 11 17 45 43 38 25 11 34 33 39 32 13 37 27 7 2 10 
45
16 40 18 10 5 6 2 7 21 38 34 41 37 26 29 16 17 43 21 18 25 33 29 32 15 15 5 4 28 17 39 5 13 19 31 37 29 10 13 9 9 28 34 25 35 
45
18 29 2 24 7 3 32 24 7 32 27 13 18 31 32 34 6 23 20 21 41 29 8 5 36 24 27 28 44 22 22 28 6 42 29 15 12 1 18 11 23 22 19 36 22 
45
22 13 39 38 5 27 40 24 7 33 6 3 16 28 23 37 38 22 42 19 24 17 10 10 24 37 43 3 24 45 7 10 34 15 23 21 1 30 29 36 4 36 9 4 10 
45
35 3 39 44 3 3 36 37 34 39 13 33 18 10 38 35 25 32 14 6 26 29 36 25 42 17 30 8 13 12 19 11 40 39 15 21 35 31 2 19 43 13 22 9 9 
45
3 33 11 42 32 25 28 44 22 5 1 4 12 11 25 39 3 33 18 1 10 14 5 10 5 21 44 30 32 13 24 2 43 24 1 45 13 30 19 12 43 20 19 29 3 
45
27 10 35 7 37 11 13 13 2 29 11 6 35 3 26 44 18 30 35 32 21 4 8 29 37 39 19 43 30 8 6 15 3 24 2 28 36 11 11 44 23 22 21 2 22 
45
10 35 18 35 26 31 11 44 24 25 4 31 26 41 7 13 40 30 36 32 11 24 16 41 35 11 1 18 23 31 43 36 22 25 6 4 16 18 12 11 36 22 12 11 26 
45
5 36 8 5 24 34 18 18 42 7 22 36 26 45 42 31 24 24 37 5 35 20 14 34 11 14 23 34 4 8 28 17 41 13 29 33 22 27 3 33 42 30 35 27 44 
45
15 2 31 23 32 25 26 22 14 30 19 32 13 25 4 8 38 4 20 6 38 45 25 10 4 5 13 33 21 42 29 13 30 42 43 26 9 45 35 1 32 21 28 3 22 
45
43 42 19 15 29 16 14 9 18 4 38 6 19 20 27 29 33 15 36 20 36 19 5 32 6 40 21 14 4 22 39 24 23 23 18 35 6 23 35 27 11 33 6 37 17 
45
25 44 24 14 21 9 26 18 32 33 41 2 12 36 9 18 39 15 39 12 36 24 23 8 8 22 7 6 9 26 9 21 37 6 37 45 31 21 34 7 22 11 18 3 5 
45
11 16 13 36 11 19 39 22 22 9 30 38 6 24 11 14 17 4 13 27 40 11 9 19 39 39 25 14 21 41 42 45 18 34 5 26 1 13 32 19 23 39 43 35 33 
45
37 38 36 40 2 23 8 14 2 2 9 10 11 36 6 32 7 18 3 3 1 22 37 33 9 8 8 32 3 26 37 42 7 6 27 16 6 13 13 44 25 8 29 37 11 
45
42 9 22 26 42 18 41 34 42 14 32 4 27 21 25 13 32 33 39 2 43 9 31 28 39 4 2 9 13 37 22 26 15 35 4 40 12 2 3 12 6 18 23 36 16 
45
10 7 16 4 17 13 34 32 11 43 2 9 5 12 36 40 36 39 33 21 9 37 38 29 31 28 15 44 31 17 31 18 44 5 8 3 15 41 2 7 17 24 3 24 44 
45
11 12 40 7 15 22 12 5 31 42 40 10 13 22 18 15 1 26 45 34 20 39 36 35 31 34 45 34 25 30 35 1 38 11 1 18 10 37 1 34 28 34 6 35 15 
45
28 41 9 36 5 37 39 32 28 21 36 38 21 8 23 6 31 6 35 32 42 33 34 41 45 25 7 13 4 28 16 3 26 29 28 21 19 38 20 42 42 45 31 34 2 
45
38 44 31 43 26 41 32 37 20 1 9 16 7 44 3 26 10 10 22 14 16 11 11 16 38 32 13 40 30 1 33 3 42 9 32 15 27 24 36 41 28 39 22 25 40 
45
32 31 9 19 41 31 23 17 19 13 14 29 24 4 16 19 43 32 22 30 28 40 32 34 19 11 18 15 12 27 38 20 21 5 43 12 40 21 4 27 40 6 31 42 17 
45
26 12 44 8 34 14 26 14 13 2 39 1 33 43 33 24 6 33 22 16 33 41 10 19 43 42 25 45 26 36 27 11 14 21 12 1 39 44 16 5 34 33 35 32 32 
45
38 27 18 27 34 37 45 10 10 27 33 34 13 39 22 20 19 3 34 14 44 44 25 9 32 14 22 1 6 41 10 38 43 36 8 5 15 26 41 26 16 42 40 32 35 
45
13 41 41 10 32 16 28 26 4 14 6 19 9 34 3 26 19 3 23 5 31 10 20 44 22 23 41 18 11 40 4 35 31 25 35 40 23 23 28 18 42 19 7 30 13 
45
9 38 22 17 21 33 6 15 13 27 38 14 11 11 17 11 33 10 17 1 36 23 14 35 25 26 29 29 32 43 32 8 10 25 17 29 22 44 41 26 22 25 38 5 35 
45
45 41 4 15 15 11 36 41 34 10 30 6 36 4 5 18 10 1 27 9 25 29 7 19 16 43 34 28 25 2 34 6 39 45 13 45 15 26 13 18 8 17 16 16 22 
45
2 16 26 25 44 32 35 30 31 45 5 10 41 23 12 39 39 38 40 2 36 4 6 19 13 36 33 4 3 2 33 19 25 7 45 43 4 34 25 27 11 20 16 43 7 
45
35 4 33 17 14 5 30 42 4 43 13 19 5 5 29 45 18 1 4 4 10 7 3 19 41 3 26 43 11 25 12 35 27 12 42 3 43 15 27 2 32 3 17 18 3 
45
1 15 22 20 1 28 23 6 23 20 7 27 16 30 29 11 18 17 6 42 35 33 23 4 21 12 5 28 43 44 38 6 18 41 14 9 9 25 27 39 33 23 8 10 31 
45
28 12 1 13 20 16 5 30 35 24 32 4 2 21 30 44 40 24 45 45 35 39 23 2 26 25 1 10 30 36 6 16 32 19 25 45 33 8 33 15 33 18 9 29 44 
45
22 1 43 43 17 31 3 35 20 41 18 34 31 14 23 23 17 40 45 21 16 44 16 27 36 29 32 15 33 22 31 11 20 32 41 45 38 21 45 42 28 41 31 44 36 
45
11 7 18 17 30 14 24 3 6 40 7 20 5 23 43 1 45 4 4 32 6 27 1 10 34 26 26 42 25 2 19 37 31 33 9 17 26 9 21 12 37 36 18 2 34 
45
16 34 3 6 3 9 24 24 31 43 23 13 24 3 20 31 14 29 6 9 3 14 45 27 33 45 31 42 9 10 3 36 33 33 22 30 40 32 35 2 31 26 34 19 40 
45
6 19 32 45 5 2 24 6 44 23 16 41 42 1 27 33 17 41 28 28 10 21 3 14 42 19 5 9 18 30 31 27 9 44 15 39 6 35 18 23 19 25 35 31 1 
45
23 22 35 32 11 29 39 9 38 22 22 5 22 27 26 36 14 14 14 29 20 15 9 9 34 17 8 19 25 6 42 15 38 28 5 3 5 8 29 21 35 6 29 3 36 
45
15 2 11 31 31 27 40 14 43 23 19 12 7 31 40 17 44 17 16 19 29 33 11 26 18 23 20 24 39 4 21 14 31 30 29 17 16 30 22 31 7 40 41 24 41 
45
30 37 28 10 21 16 18 31 11 32 20 21 18 16 14 3 13 33 26 36 3 21 22 40 34 25 14 17 44 30 16 7 21 12 37 41 16 13 7 22 25 1 22 45 29 
45
28 1 18 26 28 39 32 28 32 4 5 23 29 17 15 7 37 1 15 38 18 44 45 44 45 39 18 33 4 39 23 6 44 38 1 43 19 42 6 1 40 15 16 6 24 
45
16 38 21 24 34 42 10 41 15 28 22 39 5 9 44 43 1 2 3 20 4 28 32 33 38 19 6 15 19 34 19 8 43 1 16 44 8 32 45 21 12 29 8 38 16 
45
37 26 30 42 13 9 19 20 7 18 4 32 6 26 20 8 2 2 8 24 5 42 17 20 29 5 38 29 43 42 34 3 42 9 39 2 3 19 33 12 22 21 3 17 18 
45
15 9 19 32 11 24 30 30 26 23 32 24 25 27 26 7 33 45 39 32 34 9 41 27 3 26 25 41 29 29 19 21 40 18 6 42 41 3 29 11 4 45 11 31 24 
45
10 32 19 22 16 5 24 25 33 9 9 33 36 30 37 34 3 27 13 32 6 13 19 23 19 38 18 35 31 17 9 34 3 17 3 32 25 42 44 30 5 4 22 15 6 
45
10 14 5 1 31 27 12 15 7 7 2 42 29 20 4 22 7 4 14 28 9 42 17 39 40 11 12 9 2 44 6 28 4 30 29 4 32 35 35 23 31 13 20 29 35 
