30
6 6
2 4 2 1 1 5
1 4 5 2 5 1
3 4 3 1 2 6
1 5 5 3 5 1
6
22 27
11 18 12 16 18 8 17 19 14 5 11 4 8 2 21 9 11 19 7 19 7 2 19 18 1 9 6
12 15 10 9 8 16 18 21 5 21 14 10 11 10 17 16 3 16 5 2 12 19 12 18 4 10 20
11 19 12 16 18 9 18 20 15 5 11 5 9 2 22 10 12 20 8 20 8 3 20 18 1 9 7
13 15 11 10 9 16 18 21 5 22 15 10 11 11 17 16 3 16 5 2 12 19 12 19 5 11 20
27
10 36
1 9 8 1 4 4 1 5 6 6 7 8 10 10 3 4 6 7 5 3 4 9 1 3 2 3 6 6 5 3 7 2 3 8 9 9
6 5 8 7 2 3 2 2 7 5 7 2 6 5 4 10 3 9 6 8 5 7 5 8 6 2 2 7 6 7 4 5 6 3 5 2
1 9 8 1 4 4 2 6 6 7 8 9 10 10 4 5 7 8 5 4 4 9 1 3 3 4 6 7 6 3 8 2 4 9 10 9
7 6 9 8 3 4 2 2 8 5 7 2 7 6 4 10 3 9 7 8 6 8 6 9 6 2 3 7 6 8 4 6 6 3 5 3
36
12 28
8 5 1 8 11 6 11 4 6 9 7 8 7 12 5 3 3 9 10 5 3 7 3 2 6 10 6 1
8 11 12 1 1 2 6 2 6 9 12 10 3 5 1 5 9 1 9 5 1 1 6 7 7 6 12 10
8 6 2 9 11 6 12 5 6 9 8 9 8 12 6 3 3 9 11 5 4 7 4 2 7 10 7 2
9 11 12 1 2 3 6 2 7 10 12 10 3 6 1 6 10 2 9 6 1 2 6 8 7 7 12 10
27
10 38
8 5 6 9 4 8 9 7 3 3 9 5 3 2 2 5 8 1 6 2 1 3 9 4 4 2 8 8 10 4 8 9 4 8 9 1 10 5
3 7 6 1 10 9 2 8 1 5 8 4 6 7 2 9 1 6 8 1 5 8 10 1 5 7 2 2 4 9 5 1 3 3 4 9 8 3
8 6 7 9 5 9 10 8 3 4 10 6 4 2 3 6 9 2 6 2 1 4 10 4 5 3 9 8 10 4 8 10 4 9 10 2 10 5
4 7 6 2 10 9 2 8 2 5 8 4 6 8 2 9 1 6 9 2 6 8 10 2 5 7 2 3 5 10 6 1 4 3 4 9 9 4
38
32 80
4 15 2 18 20 26 5 2 30 10 2 16 14 32 17 24 2 32 29 32 27 21 29 9 10 24 13 11 25 21 13 12 9 7 25 5 14 12 2 17 19 19 26 15 31 1 24 14 3 28 27 14 13 8 6 20 1 1 9 26 7 15 3 5 28 2 12 21 23 13 11 10 6 29 26 4 14 15 5 4
21 32 13 26 24 4 20 26 14 31 14 13 22 10 9 8 6 19 28 22 30 18 21 5 25 23 2 13 11 10 3 29 27 2 29 5 1 20 1 10 29 8 32 3 3 10 12 31 8 23 31 17 22 11 28 5 15 6 18 12 9 21 30 13 28 24 24 28 9 29 17 28 26 10 17 4 12 12 25 20
4 16 3 19 21 27 6 3 31 11 2 17 14 32 17 24 2 32 30 32 27 22 30 9 10 25 13 12 26 22 13 13 9 8 26 5 15 13 2 17 19 20 27 16 32 2 25 15 3 29 27 15 14 8 6 21 2 2 9 27 8 16 3 6 29 2 13 22 24 13 12 10 6 30 27 5 15 15 5 4
22 32 13 26 24 4 20 26 14 31 15 13 23 11 10 9 7 20 28 23 31 18 21 6 26 23 3 13 11 10 4 29 28 2 29 6 1 20 2 11 30 8 32 3 3 10 12 31 9 23 32 17 22 12 29 5 15 6 19 12 9 21 31 13 28 25 24 28 9 30 17 29 27 10 17 4 12 13 26 21
80
10 47
5 6 9 5 6 7 6 6 1 5 6 1 7 3 1 6 2 8 6 3 3 1 2 7 3 4 9 9 6 5 8 5 3 7 4 10 7 6 10 1 9 3 3 6 4 8 10
6 9 8 7 10 4 7 4 6 4 8 5 6 4 4 5 10 5 2 6 9 9 9 4 5 4 3 1 3 2 8 8 8 3 6 1 5 8 2 7 9 7 1 6 1 10 4
6 6 10 6 7 8 6 7 2 6 6 1 8 3 1 7 3 8 7 3 3 1 3 7 3 5 9 10 6 6 9 5 3 8 5 10 7 7 10 1 9 3 3 6 5 9 10
6 10 8 7 10 4 8 4 6 4 9 6 6 5 5 5 10 6 2 7 10 10 9 5 6 4 4 1 4 2 8 9 9 3 6 2 6 8 3 8 10 8 2 7 1 10 5
47
2 3
2 1 1
1 1 1
2 2 1
2 1 2
2
8 74
2 8 2 1 6 2 4 4 7 2 5 7 1 7 7 1 6 6 3 1 1 3 7 6 6 2 3 2 3 3 8 2 5 5 3 5 5 3 7 4 5 3 8 1 1 4 3 5 7 6 1 8 4 4 7 6 7 3 2 2 8 8 1 3 5 5 4 6 6 5 5 1 3 6
5 6 3 7 6 5 7 2 2 7 6 5 4 8 6 6 4 3 1 5 3 7 1 7 6 2 8 6 5 1 2 4 6 3 4 2 5 2 3 8 5 2 7 3 2 5 3 3 4 7 6 1 4 6 6 2 5 5 4 7 3 4 5 3 2 7 4 3 8 4 1 8 6 1
3 8 2 1 6 2 4 4 8 3 5 7 2 8 7 1 7 7 4 1 2 4 8 6 7 2 4 3 3 3 8 2 6 6 3 5 6 3 8 5 5 4 8 1 1 4 3 5 8 7 2 8 4 4 8 7 8 4 3 2 8 8 2 4 6 5 5 6 7 6 5 2 3 7
5 7 4 8 7 6 8 3 2 7 7 6 4 8 7 7 4 3 1 6 3 7 1 8 6 3 8 6 6 2 3 5 6 3 5 3 5 3 3 8 6 2 8 4 3 6 4 4 4 7 6 2 5 7 6 2 5 5 4 8 4 5 5 3 2 8 4 4 8 4 2 8 7 1
72
4 11
2 2 4 3 2 3 1 3 1 1 1
2 1 3 1 4 2 1 3 3 3 2
3 3 4 3 3 4 2 3 1 2 1
2 1 4 2 4 2 1 4 4 3 3
10
14 110
8 4 10 4 7 13 13 4 1 3 14 2 2 5 8 9 1 8 5 12 4 2 13 2 7 7 2 12 2 11 7 14 12 5 2 3 1 2 2 5 11 3 7 12 12 12 14 13 12 3 6 4 9 1 6 12 5 4 7 3 10 13 7 10 9 10 1 7 2 10 11 12 9 8 7 7 10 13 6 4 4 5 13 7 13 1 11 2 6 3 3 9 5 9 9 7 5 8 3 9 12 8 1 13 7 4 7 7 11 1
4 11 5 6 3 2 9 13 10 2 9 6 11 4 9 13 3 7 8 13 3 5 10 8 8 9 10 4 3 11 10 5 5 12 2 11 1 2 14 1 4 1 13 2 11 13 11 1 7 12 10 8 2 5 7 9 6 4 5 12 2 13 11 10 1 14 11 1 9 12 3 3 10 12 3 2 6 6 5 8 10 6 4 4 12 9 10 1 12 7 1 8 13 8 2 5 2 8 10 4 8 13 3 8 2 9 12 14 2 9
9 4 11 5 8 14 14 4 1 4 14 2 3 6 8 10 2 9 6 12 5 3 13 2 8 7 2 13 3 11 7 14 12 6 3 3 1 2 3 5 11 3 7 12 12 13 14 14 13 3 6 5 10 1 6 12 6 4 8 4 10 14 7 11 9 11 2 8 3 10 12 12 9 9 7 8 11 13 6 4 4 5 14 8 14 1 12 3 7 4 4 9 5 10 9 7 6 9 3 9 12 8 1 13 7 4 7 8 12 2
4 12 5 6 3 2 9 14 11 2 10 7 11 4 10 13 3 7 8 14 3 5 11 9 8 10 11 4 3 12 11 6 6 12 2 12 2 3 14 2 5 2 14 3 12 13 12 1 7 13 11 8 2 6 8 10 6 5 5 12 3 13 12 10 2 14 11 1 9 13 3 4 11 12 4 2 6 7 6 9 11 7 4 4 12 10 10 1 12 7 1 9 14 8 3 6 2 8 11 5 9 14 4 9 3 10 13 14 2 9
109
6 4
5 4 1 6
1 2 2 2
6 4 2 6
1 3 2 3
4
10 99
6 4 7 6 6 1 6 5 5 10 7 6 3 6 9 3 3 9 6 8 5 5 8 9 9 8 2 6 9 3 8 5 8 8 7 1 3 8 2 5 1 5 4 1 3 3 7 4 10 9 4 8 3 4 3 8 6 7 9 8 1 5 7 8 9 7 4 9 1 7 4 5 10 2 10 2 2 2 1 2 5 1 6 10 7 3 4 5 10 3 4 3 2 1 9 1 8 3 5
4 1 8 6 5 5 3 8 6 2 6 1 3 4 1 4 7 8 2 2 10 4 5 6 2 3 8 8 2 2 10 6 5 4 1 6 5 9 2 8 9 3 1 2 4 5 6 6 8 9 2 3 3 5 6 1 9 2 10 8 3 5 7 2 5 9 7 3 7 10 8 9 7 7 6 1 6 4 4 9 5 9 5 5 5 7 4 1 3 8 9 8 5 1 4 1 6 6 3
7 5 8 6 7 1 6 6 6 10 7 6 3 6 9 4 4 9 6 8 6 6 9 9 9 8 3 6 10 4 9 5 8 8 8 1 3 8 2 5 2 6 4 2 3 4 8 5 10 10 4 9 4 5 3 9 6 8 10 9 2 6 8 9 9 8 5 10 2 8 5 6 10 2 10 3 2 3 1 2 5 1 6 10 7 3 5 6 10 4 5 3 2 1 10 2 9 4 5
4 1 8 7 5 6 4 8 6 3 7 2 4 5 2 4 7 9 3 3 10 4 5 7 3 4 8 9 2 2 10 7 6 5 1 7 6 10 3 9 9 3 2 2 5 5 6 6 9 9 3 3 3 5 7 1 10 2 10 8 3 5 7 2 6 9 7 3 7 10 8 9 8 8 7 1 7 4 5 10 6 10 6 6 6 8 4 1 4 8 9 9 6 2 4 1 6 6 4
94
30 13
29 24 7 22 1 7 3 7 29 7 23 11 4
20 17 11 4 8 7 7 15 7 2 17 13 11
29 25 7 22 1 8 4 8 29 8 23 12 5
21 17 12 5 9 7 7 15 8 2 18 13 11
13
22 10
6 17 1 2 1 16 18 10 7 7
18 16 8 13 15 14 11 12 20 21
7 18 1 2 2 17 19 11 7 8
18 16 9 14 15 14 11 12 21 21
10
16 37
10 15 11 10 12 1 14 15 11 7 15 10 9 5 6 9 4 7 10 10 4 4 11 3 12 11 4 16 13 15 4 5 5 13 6 13 6
8 1 16 9 7 16 7 5 6 16 12 16 2 12 6 14 2 12 7 15 9 16 8 5 10 4 10 15 16 5 4 6 14 1 10 7 10
11 16 12 10 13 2 15 15 11 8 15 11 10 5 7 9 4 7 10 11 5 5 11 3 12 12 5 16 14 16 4 6 5 13 7 13 6
8 1 16 10 7 16 7 6 7 16 13 16 2 13 6 15 3 13 8 15 9 16 9 6 11 4 10 16 16 5 5 6 15 2 10 8 11
37
26 50
16 4 14 25 20 22 21 20 6 10 21 3 25 18 10 25 22 24 16 7 25 4 3 2 5 8 17 3 13 11 24 22 14 2 9 9 23 26 7 18 1 25 4 23 2 15 18 11 20 26
6 18 7 26 12 15 8 20 14 13 15 23 12 14 22 20 12 18 23 19 8 19 7 26 3 17 11 9 1 26 9 21 15 25 4 24 8 13 1 25 24 7 22 3 21 8 1 8 23 23
16 4 14 26 20 22 22 20 6 10 21 3 25 18 11 25 22 25 16 7 25 5 4 3 6 9 17 4 13 12 25 23 14 2 9 10 24 26 7 19 1 26 4 24 2 16 19 11 20 26
7 19 8 26 13 16 8 21 15 14 16 24 13 15 22 21 13 18 24 20 9 19 7 26 3 17 12 9 2 26 9 21 16 26 5 24 8 14 2 25 25 7 23 3 22 8 1 9 24 24
50
14 4
9 3 12 7
4 12 5 12
9 4 12 7
5 12 6 13
4
24 11
11 13 19 12 10 12 17 14 3 8 13
21 2 10 4 15 23 16 22 11 9 12
12 13 20 12 10 12 18 14 4 8 14
21 3 10 5 16 24 16 23 11 10 12
11
24 10
15 11 20 8 7 2 12 9 12 14
4 18 5 12 17 2 16 1 23 19
16 12 20 8 7 2 12 10 13 14
4 18 6 13 18 3 17 1 23 20
10
10 2
6 1
9 6
7 2
9 6
2
46 8
7 32 26 9 40 25 6 14
34 14 21 15 32 1 22 2
7 33 26 9 41 25 6 14
35 14 22 16 32 2 23 3
8
36 41
24 22 8 21 9 24 34 21 27 16 26 7 23 34 19 35 27 8 30 28 4 35 20 33 28 9 7 20 34 12 30 30 33 25 2 30 7 7 31 23 20
12 15 23 7 25 4 14 18 34 18 11 5 26 17 19 29 22 9 20 28 10 22 5 23 24 28 28 9 17 7 30 31 33 30 24 6 11 7 15 2 11
24 23 8 21 10 25 34 22 27 17 26 7 23 35 20 35 27 8 30 28 5 36 20 33 28 9 8 20 34 12 31 31 33 25 2 30 7 8 32 23 21
13 15 24 8 25 4 15 18 35 18 12 6 27 17 19 30 23 10 21 29 10 22 6 24 25 29 28 10 18 8 30 31 34 31 25 7 12 7 15 3 11
41
4 24
1 2 2 2 2 4 3 3 1 3 1 3 1 3 1 2 4 1 2 4 3 3 2 1
3 1 2 3 1 2 1 2 1 3 1 4 3 2 4 2 3 2 4 1 1 3 3 2
2 2 3 2 3 4 4 3 1 3 2 4 1 4 2 2 4 2 3 4 3 4 3 1
3 2 2 4 1 3 1 3 2 4 1 4 4 2 4 3 4 2 4 2 2 3 3 3
20
20 39
1 12 14 5 10 2 18 6 7 10 11 4 8 8 9 15 3 13 17 12 4 18 9 16 1 9 7 18 4 19 20 10 10 11 1 9 18 10 15
17 4 15 5 12 9 3 15 17 9 18 20 20 16 14 9 14 9 18 8 18 8 12 10 11 6 10 8 16 20 2 10 20 17 2 15 5 14 18
1 12 14 6 10 3 18 6 8 10 12 5 9 9 10 16 3 14 17 12 4 19 10 17 1 9 7 18 4 20 20 10 11 11 1 9 19 11 15
18 5 16 5 13 9 4 16 17 10 18 20 20 16 14 9 15 9 19 9 19 8 12 10 12 7 11 9 17 20 3 11 20 18 3 16 5 14 19
39
12 23
8 9 6 7 5 8 6 4 5 7 10 7 9 1 8 4 8 9 6 9 12 7 9
4 7 3 1 6 10 11 7 7 1 9 7 10 4 4 5 8 5 4 7 2 5 11
8 10 7 7 6 9 6 4 6 8 10 7 9 2 9 5 9 10 7 9 12 7 9
5 7 3 2 6 10 12 8 7 1 10 8 11 4 4 5 8 5 4 8 3 6 12
23
30 2
8 8
5 7
9 9
5 7
2
10 111
5 6 1 2 5 6 6 3 3 4 10 5 2 9 8 4 3 4 2 1 2 2 9 6 10 8 7 3 9 6 10 4 5 4 3 4 5 6 10 9 8 7 8 8 7 1 5 2 4 3 2 3 10 7 9 3 8 5 8 5 1 4 10 9 4 8 1 2 8 10 5 9 3 7 9 7 8 9 1 8 7 2 3 3 4 9 5 1 6 4 2 4 3 7 7 3 8 7 4 5 6 7 8 9 1 6 9 2 6 1 8
8 5 3 8 9 4 9 7 4 2 5 8 3 4 7 4 1 7 4 7 9 6 2 3 7 8 9 2 5 7 2 1 3 3 3 9 3 2 4 5 1 6 6 3 8 1 5 9 6 7 7 4 1 3 7 9 9 10 2 1 2 4 3 3 5 5 6 6 5 9 4 1 10 7 2 4 7 9 9 8 5 4 2 6 10 10 7 3 5 9 1 6 5 9 1 5 1 3 8 4 6 2 9 3 2 1 8 5 1 1 6
5 7 2 2 5 6 6 3 3 5 10 6 2 9 9 4 3 5 2 1 2 2 9 6 10 8 7 3 9 7 10 5 6 4 3 5 5 6 10 10 8 8 9 9 8 2 6 3 4 4 2 4 10 8 9 4 9 6 8 5 1 5 10 10 5 8 1 3 9 10 5 10 4 8 10 7 8 10 2 9 8 3 4 4 5 10 5 1 6 4 2 5 3 8 8 4 9 7 4 6 6 8 8 9 2 7 10 2 6 1 8
9 5 3 9 10 5 10 8 5 2 6 8 4 5 7 5 2 7 5 8 10 7 3 4 8 9 10 3 6 7 3 1 3 4 4 9 4 3 5 5 2 6 6 3 8 1 5 9 7 7 8 4 2 3 8 9 9 10 3 2 3 4 4 3 5 6 7 6 5 10 5 1 10 7 2 5 8 9 9 8 5 4 2 6 10 10 8 4 6 10 2 6 6 9 1 5 1 4 9 4 7 2 10 4 2 1 8 6 2 2 7
107
18 16
16 12 5 8 11 17 10 17 7 1 18 12 15 1 6 9
5 6 3 4 17 7 5 17 8 15 16 17 7 18 3 15
16 12 6 8 12 17 10 18 7 1 18 12 16 2 7 10
6 7 3 5 17 8 6 17 9 16 17 18 7 18 3 15
16
12 36
9 8 3 6 5 9 10 12 2 4 1 10 11 11 10 8 8 3 5 12 8 1 4 12 10 11 9 5 7 5 4 1 10 3 11 4
4 11 4 10 4 3 5 10 2 1 1 2 12 10 4 6 5 3 1 4 3 4 3 7 3 8 3 7 12 10 3 7 11 11 6 8
10 8 3 7 5 10 11 12 2 4 2 11 12 11 11 8 9 3 5 12 8 1 4 12 11 11 9 5 8 5 5 2 11 3 12 5
4 12 5 10 5 3 5 11 3 2 1 2 12 11 4 7 5 4 2 5 4 5 4 8 3 9 4 8 12 11 3 7 11 12 6 8
36
