20
58 209
26 44 26 39 12 14 42 40 38 34 10 31 55 58 41 18 35 3 19 43 6 11 15 57 27 4 23 43 47 20 50 57 47 31 1 26 21 55 36 33 30 5 55 15 35 8 38 23 2 46 56 9 8 13 35 26 51 43 40 54 4 53 13 58 58 29 33 2 20 9 16 57 35 42 37 5 27 40 33 29 9 21 1 29 42 41 47 15 38 14 47 11 8 54 42 55 39 28 47 24 29 58 9 6 11 16 36 27 28 39 38 34 15 26 23 39 7 3 12 58 21 54 6 20 32 33 50 6 3 43 15 41 50 31 42 51 49 22 22 49 48 14 18 23 7 58 14 15 55 51 12 13 37 17 16 29 48 7 22 40 50 28 35 16 24 32 43 46 24 20 35 49 2 50 16 4 9 53 50 4 40 46 38 44 28 35 34 14 30 44 23 23 22 42 28 38 27 35 27 2 56 2 39 13 42 2 13 44 37
19 42 49 27 39 19 7 45 26 23 18 55 45 7 32 22 13 41 3 38 8 48 23 4 39 54 15 29 25 56 7 41 29 42 40 7 35 12 44 1 51 35 23 15 12 52 20 46 54 23 41 40 33 7 50 8 46 12 15 20 4 17 53 33 25 1 51 28 11 19 20 24 53 41 26 10 7 5 56 54 26 11 22 56 50 47 18 9 21 43 8 39 14 2 4 46 33 41 38 29 11 44 43 33 50 21 15 52 6 30 43 49 10 20 26 57 44 21 34 1 3 9 7 30 19 12 40 21 43 45 31 28 21 2 3 7 32 54 56 36 14 39 29 44 15 21 20 46 56 9 22 25 19 45 57 47 24 36 27 30 45 24 10 25 6 30 32 3 43 8 17 53 23 34 53 3 57 53 50 34 11 43 5 32 52 24 27 50 47 39 32 36 1 42 37 25 40 11 57 25 8 7 45 57 2 33 31 8 45
26 44 26 39 12 14 42 40 38 34 10 31 55 58 41 18 35 3 19 43 6 11 15 57 27 4 23 43 47 20 50 57 47 31 1 26 21 55 36 33 30 5 55 15 35 8 38 23 2 46 56 9 8 13 35 26 51 43 40 54 4 53 13 58 58 29 33 2 20 9 16 57 35 42 37 5 27 40 33 29 9 21 1 29 42 41 47 15 38 14 47 11 8 54 42 55 39 28 47 24 29 58 9 6 11 16 36 27 28 39 38 34 15 26 23 39 7 3 12 58 21 54 6 20 32 33 50 6 3 43 15 41 50 31 42 51 49 22 22 49 48 14 18 23 7 58 14 15 55 51 12 13 37 17 16 29 48 7 22 40 50 28 35 16 24 32 43 46 24 20 35 49 2 50 16 4 9 53 50 4 40 46 38 44 28 35 34 14 30 44 23 23 22 42 28 38 27 35 27 2 56 2 39 13 42 2 13 44 37
20 43 50 28 40 20 8 46 27 24 19 56 46 8 33 23 14 42 4 39 9 49 24 5 40 55 16 30 26 57 8 42 30 43 41 8 36 13 45 2 52 36 24 16 13 53 21 47 55 24 42 41 34 8 51 9 47 13 16 21 5 18 54 34 26 2 52 29 12 20 21 25 54 42 27 11 8 6 57 55 27 12 23 57 51 48 19 10 22 44 9 40 15 3 5 47 34 42 39 30 12 45 44 34 51 22 16 53 7 31 44 50 11 21 27 58 45 22 35 2 4 10 8 31 20 13 41 22 44 46 32 29 22 3 4 8 33 55 57 37 15 40 30 45 16 22 21 47 57 10 23 26 20 46 58 48 25 37 28 31 46 25 11 26 7 31 33 4 44 9 18 54 24 35 54 4 58 54 51 35 12 44 6 33 53 25 28 51 48 40 33 37 2 43 38 26 41 12 58 26 9 8 46 58 3 34 32 9 46
209
12 17
12 11 1 6 6 9 9 5 2 11 1 11 11 7 12 4 3
7 11 4 4 3 3 11 6 9 10 3 3 9 4 6 3 4
12 11 1 6 6 9 9 5 2 11 1 11 11 7 12 4 3
8 12 5 5 4 4 12 7 10 11 4 4 10 5 7 4 5
17
8 1
5
4
5
5
1
10 4
10 2 4 1
9 9 9 1
10 2 4 1
10 10 10 2
4
12 36
1 11 10 7 8 7 4 8 11 3 7 9 11 1 6 11 7 12 8 6 8 4 1 9 8 2 11 3 2 10 1 5 3 5 3 7
7 1 1 11 3 9 6 1 9 1 7 4 10 8 11 7 10 2 4 9 5 8 3 6 7 11 8 4 1 10 10 10 11 2 5 6
1 11 10 7 8 7 4 8 11 3 7 9 11 1 6 11 7 12 8 6 8 4 1 9 8 2 11 3 2 10 1 5 3 5 3 7
8 2 2 12 4 10 7 2 10 2 8 5 11 9 12 8 11 3 5 10 6 9 4 7 8 12 9 5 2 11 11 11 12 3 6 7
36
48 57
1 37 7 8 12 7 23 47 44 20 6 14 47 9 26 38 44 15 31 45 27 27 41 3 42 29 41 21 24 32 41 46 16 19 20 44 13 37 28 11 16 10 17 43 31 3 40 30 19 32 42 42 28 26 43 48 29
43 17 36 27 40 43 23 11 30 21 25 8 18 2 9 15 43 14 4 3 46 25 2 23 10 13 17 8 41 17 37 22 31 27 40 38 37 3 38 38 40 31 5 2 37 47 20 19 23 27 18 17 30 15 8 2 44
1 37 7 8 12 7 23 47 44 20 6 14 47 9 26 38 44 15 31 45 27 27 41 3 42 29 41 21 24 32 41 46 16 19 20 44 13 37 28 11 16 10 17 43 31 3 40 30 19 32 42 42 28 26 43 48 29
44 18 37 28 41 44 24 12 31 22 26 9 19 3 10 16 44 15 5 4 47 26 3 24 11 14 18 9 42 18 38 23 32 28 41 39 38 4 39 39 41 32 6 3 38 48 21 20 24 28 19 18 31 16 9 3 45
57
26 27
22 24 22 13 6 13 20 18 7 7 1 16 1 18 25 4 20 15 7 24 23 4 13 23 10 25 13
3 8 15 12 12 9 21 23 4 16 21 15 7 15 18 7 17 18 13 6 14 25 14 23 18 6 21
22 24 22 13 6 13 20 18 7 7 1 16 1 18 25 4 20 15 7 24 23 4 13 23 10 25 13
4 9 16 13 13 10 22 24 5 17 22 16 8 16 19 8 18 19 14 7 15 26 15 24 19 7 22
27
12 8
3 3 8 7 7 10 8 2
4 2 4 6 10 3 7 11
3 3 8 7 7 10 8 2
5 3 5 7 11 4 8 12
8
52 254
1 24 43 47 4 18 27 45 8 42 28 15 42 4 46 34 42 5 9 20 12 18 12 45 33 4 45 4 35 27 32 36 1 15 42 17 48 42 6 34 33 11 6 8 2 32 48 52 9 6 8 13 11 39 10 8 28 7 23 29 39 51 10 44 29 4 49 30 40 42 13 16 13 27 19 47 15 33 48 6 37 9 50 28 25 11 37 11 1 9 28 45 3 16 5 51 22 32 43 27 13 17 40 7 19 14 48 26 31 4 4 9 43 37 40 31 52 48 27 45 43 22 8 22 16 30 24 33 31 36 14 49 15 4 2 25 42 29 7 2 50 41 26 34 32 48 8 3 13 33 44 35 35 26 14 25 41 10 20 24 35 13 45 52 49 22 44 23 15 42 9 26 21 26 28 20 38 11 28 39 29 5 39 16 50 48 40 30 50 30 46 37 16 35 38 1 19 52 29 44 8 3 8 24 2 52 27 6 41 2 26 50 51 8 28 41 2 30 16 44 31 50 41 4 27 44 51 51 29 17 51 39 6 45 11 5 50 26 30 2 17 30 9 9 15 32 52 21 28 20 12 44 39 6
48 25 29 38 7 14 33 38 13 41 43 32 38 5 37 28 48 25 35 41 22 41 26 17 35 20 1 36 26 24 37 47 27 38 2 14 24 32 9 38 41 30 37 11 38 4 31 16 21 30 23 47 8 40 14 19 24 39 23 28 4 51 17 49 14 50 45 23 22 29 3 9 43 21 13 28 12 36 26 10 15 27 33 8 1 15 47 13 2 8 37 16 12 43 49 50 14 49 36 43 22 10 29 49 21 6 37 9 10 8 12 31 1 25 35 17 14 14 7 43 46 3 15 30 49 31 5 20 31 16 23 35 40 34 39 39 31 39 45 1 45 46 28 40 19 22 30 26 16 9 34 27 31 29 38 51 21 37 24 6 1 21 5 13 12 11 41 6 49 17 7 25 32 15 32 7 17 3 41 35 6 40 10 13 50 46 6 14 17 11 36 18 2 15 51 13 50 50 29 48 4 30 51 30 28 22 4 46 36 47 19 31 41 42 29 3 50 48 4 24 38 9 45 9 35 28 13 35 40 37 19 34 8 51 40 35 5 21 16 33 50 45 11 45 30 17 30 7 27 29 12 7 13 31
1 24 43 47 4 18 27 45 8 42 28 15 42 4 46 34 42 5 9 20 12 18 12 45 33 4 45 4 35 27 32 36 1 15 42 17 48 42 6 34 33 11 6 8 2 32 48 52 9 6 8 13 11 39 10 8 28 7 23 29 39 51 10 44 29 4 49 30 40 42 13 16 13 27 19 47 15 33 48 6 37 9 50 28 25 11 37 11 1 9 28 45 3 16 5 51 22 32 43 27 13 17 40 7 19 14 48 26 31 4 4 9 43 37 40 31 52 48 27 45 43 22 8 22 16 30 24 33 31 36 14 49 15 4 2 25 42 29 7 2 50 41 26 34 32 48 8 3 13 33 44 35 35 26 14 25 41 10 20 24 35 13 45 52 49 22 44 23 15 42 9 26 21 26 28 20 38 11 28 39 29 5 39 16 50 48 40 30 50 30 46 37 16 35 38 1 19 52 29 44 8 3 8 24 2 52 27 6 41 2 26 50 51 8 28 41 2 30 16 44 31 50 41 4 27 44 51 51 29 17 51 39 6 45 11 5 50 26 30 2 17 30 9 9 15 32 52 21 28 20 12 44 39 6
49 26 30 39 8 15 34 39 14 42 44 33 39 6 38 29 49 26 36 42 23 42 27 18 36 21 2 37 27 25 38 48 28 39 3 15 25 33 10 39 42 31 38 12 39 5 32 17 22 31 24 48 9 41 15 20 25 40 24 29 5 52 18 50 15 51 46 24 23 30 4 10 44 22 14 29 13 37 27 11 16 28 34 9 2 16 48 14 3 9 38 17 13 44 50 51 15 50 37 44 23 11 30 50 22 7 38 10 11 9 13 32 2 26 36 18 15 15 8 44 47 4 16 31 50 32 6 21 32 17 24 36 41 35 40 40 32 40 46 2 46 47 29 41 20 23 31 27 17 10 35 28 32 30 39 52 22 38 25 7 2 22 6 14 13 12 42 7 50 18 8 26 33 16 33 8 18 4 42 36 7 41 11 14 51 47 7 15 18 12 37 19 3 16 52 14 51 51 30 49 5 31 52 31 29 23 5 47 37 48 20 32 42 43 30 4 51 49 5 25 39 10 46 10 36 29 14 36 41 38 20 35 9 52 41 36 6 22 17 34 51 46 12 46 31 18 31 8 28 30 13 8 14 32
254
32 38
16 6 25 16 25 5 8 9 30 1 28 14 8 22 2 14 31 5 20 21 16 16 1 12 1 18 3 25 3 28 4 1 13 15 5 21 2 26
13 22 24 23 31 30 22 2 5 11 21 16 12 2 14 3 13 9 11 6 3 27 12 30 20 15 11 18 12 13 24 5 16 18 6 20 31 25
16 6 25 16 25 5 8 9 30 1 28 14 8 22 2 14 31 5 20 21 16 16 1 12 1 18 3 25 3 28 4 1 13 15 5 21 2 26
14 23 25 24 32 31 23 3 6 12 22 17 13 3 15 4 14 10 12 7 4 28 13 31 21 16 12 19 13 14 25 6 17 19 7 21 32 26
38
34 52
32 23 17 9 33 10 33 30 28 3 7 21 20 13 23 12 11 10 10 11 25 28 16 10 2 5 9 26 9 23 8 34 22 18 23 15 24 25 32 20 26 12 13 4 34 21 12 16 34 4 28 19
23 10 16 2 24 1 1 14 27 21 33 22 29 3 22 10 9 10 7 21 2 30 3 30 19 12 9 22 29 9 12 2 23 30 20 7 33 12 20 33 14 4 8 8 33 1 20 24 26 31 5 7
32 23 17 9 33 10 33 30 28 3 7 21 20 13 23 12 11 10 10 11 25 28 16 10 2 5 9 26 9 23 8 34 22 18 23 15 24 25 32 20 26 12 13 4 34 21 12 16 34 4 28 19
24 11 17 3 25 2 2 15 28 22 34 23 30 4 23 11 10 11 8 22 3 31 4 31 20 13 10 23 30 10 13 3 24 31 21 8 34 13 21 34 15 5 9 9 34 2 21 25 27 32 6 8
52
22 101
17 16 21 3 12 8 14 11 4 8 16 10 22 3 7 2 3 12 1 5 9 15 22 3 21 3 9 4 13 21 11 10 18 6 19 21 5 22 20 14 5 9 14 3 16 5 18 2 18 7 11 16 14 9 20 4 4 1 18 4 4 17 11 17 6 4 10 1 15 4 10 18 16 5 6 8 14 10 9 12 18 10 10 7 6 18 18 22 18 20 22 7 8 2 19 17 1 11 16 15 6
6 14 9 8 7 14 2 9 5 9 1 12 12 4 4 17 20 4 9 6 5 18 19 18 16 15 20 10 14 14 16 5 1 18 2 20 10 9 11 11 17 3 17 1 10 7 14 3 5 7 1 18 4 1 5 7 14 4 9 12 11 5 5 13 13 9 8 15 14 19 2 3 5 4 16 17 21 1 10 20 18 3 6 5 11 21 8 8 17 20 20 10 8 11 13 16 6 15 19 12 1
17 16 21 3 12 8 14 11 4 8 16 10 22 3 7 2 3 12 1 5 9 15 22 3 21 3 9 4 13 21 11 10 18 6 19 21 5 22 20 14 5 9 14 3 16 5 18 2 18 7 11 16 14 9 20 4 4 1 18 4 4 17 11 17 6 4 10 1 15 4 10 18 16 5 6 8 14 10 9 12 18 10 10 7 6 18 18 22 18 20 22 7 8 2 19 17 1 11 16 15 6
7 15 10 9 8 15 3 10 6 10 2 13 13 5 5 18 21 5 10 7 6 19 20 19 17 16 21 11 15 15 17 6 2 19 3 21 11 10 12 12 18 4 18 2 11 8 15 4 6 8 2 19 5 2 6 8 15 5 10 13 12 6 6 14 14 10 9 16 15 20 3 4 6 5 17 18 22 2 11 21 19 4 7 6 12 22 9 9 18 21 21 11 9 12 14 17 7 16 20 13 2
101
42 49
10 35 31 16 30 24 42 17 1 22 10 37 15 40 41 22 17 21 39 42 12 14 37 16 14 13 26 7 7 13 26 31 14 9 40 9 30 34 8 16 8 41 20 6 1 7 40 21 6
29 25 36 2 1 38 21 9 21 39 20 38 25 2 6 3 18 5 26 25 14 2 23 34 22 24 7 12 22 8 24 38 23 15 14 6 36 11 17 40 40 5 41 23 26 15 40 23 31
10 35 31 16 30 24 42 17 1 22 10 37 15 40 41 22 17 21 39 42 12 14 37 16 14 13 26 7 7 13 26 31 14 9 40 9 30 34 8 16 8 41 20 6 1 7 40 21 6
30 26 37 3 2 39 22 10 22 40 21 39 26 3 7 4 19 6 27 26 15 3 24 35 23 25 8 13 23 9 25 39 24 16 15 7 37 12 18 41 41 6 42 24 27 16 41 24 32
49
4 4
2 3 1 2
3 2 2 1
2 3 1 2
4 3 3 2
4
10 36
10 1 10 5 3 6 2 10 2 10 4 5 6 7 1 9 7 4 2 6 10 7 4 10 5 4 6 2 4 1 8 2 2 10 7 7
3 1 4 1 5 3 6 7 4 9 4 3 8 8 2 9 1 2 8 9 8 6 7 6 2 1 1 9 8 4 3 3 5 2 2 7
10 1 10 5 3 6 2 10 2 10 4 5 6 7 1 9 7 4 2 6 10 7 4 10 5 4 6 2 4 1 8 2 2 10 7 7
4 2 5 2 6 4 7 8 5 10 5 4 9 9 3 10 2 3 9 10 9 7 8 7 3 2 2 10 9 5 4 4 6 3 3 8
36
8 22
5 2 2 8 3 8 6 5 7 8 8 8 6 5 3 4 2 7 7 7 2 4
7 7 3 4 3 6 3 3 1 5 7 2 5 4 6 2 5 2 5 4 4 6
5 2 2 8 3 8 6 5 7 8 8 8 6 5 3 4 2 7 7 7 2 4
8 8 4 5 4 7 4 4 2 6 8 3 6 5 7 3 6 3 6 5 5 7
22
10 14
9 3 3 6 6 8 9 4 5 7 7 10 2 6
5 1 9 4 1 5 3 5 8 5 2 5 1 2
9 3 3 6 6 8 9 4 5 7 7 10 2 6
6 2 10 5 2 6 4 6 9 6 3 6 2 3
14
32 3
7 28 21
17 21 6
7 28 21
18 22 7
3
14 27
1 5 2 13 13 7 7 13 1 1 11 7 14 11 1 1 5 6 10 4 7 6 3 4 8 4 9
13 6 1 8 7 9 13 6 3 8 11 8 10 6 1 11 13 7 11 11 11 9 8 8 7 5 4
1 5 2 13 13 7 7 13 1 1 11 7 14 11 1 1 5 6 10 4 7 6 3 4 8 4 9
14 7 2 9 8 10 14 7 4 9 12 9 11 7 2 12 14 8 12 12 12 10 9 9 8 6 5
27
54 41
52 29 27 12 4 52 42 25 34 5 48 34 52 16 16 15 2 28 23 15 23 23 14 15 5 12 11 52 48 1 45 9 26 45 22 49 18 42 41 47 9
35 28 41 44 21 33 44 11 30 46 6 32 51 17 49 11 33 47 4 45 5 31 33 10 4 27 19 26 29 12 47 10 25 18 53 32 10 28 53 45 13
52 29 27 12 4 52 42 25 34 5 48 34 52 16 16 15 2 28 23 15 23 23 14 15 5 12 11 52 48 1 45 9 26 45 22 49 18 42 41 47 9
36 29 42 45 22 34 45 12 31 47 7 33 52 18 50 12 34 48 5 46 6 32 34 11 5 28 20 27 30 13 48 11 26 19 54 33 11 29 54 46 14
41
