2
1000
693 940
467 376
105 200
427 53
156 282
269 447
447 701
290 932
92 301
777 718
198 235
824 976
315 293
768 428
554 49
369 330
426 498
356 157
515 608
86 36
752 966
787 772
576 139
40 806
426 808
84 638
724 65
169 447
210 586
349 925
733 526
205 104
734 477
451 118
779 924
920 288
175 896
919 939
440 484
897 963
513 276
348 652
314 802
218 242
258 64
847 63
490 84
928 242
234 213
893 852
980 411
946 591
609 15
585 875
296 360
55 130
333 443
402 428
441 861
869 156
32 545
666 170
178 870
471 412
473 904
238 949
339 494
730 442
253 246
406 280
689 884
668 967
656 535
29 220
844 543
405 431
693 433
299 273
229 954
741 209
817 691
756 287
308 966
305 539
348 549
929 874
492 56
1 785
962 324
922 381
934 383
513 946
98 426
406 988
315 111
531 258
181 837
772 240
490 120
744 786
303 831
407 765
357 237
36 886
880 595
855 746
243 380
301 177
878 430
766 291
673 584
465 537
73 370
658 73
34 5
111 255
684 558
767 583
842 629
142 713
317 945
718 729
159 763
187 274
381 406
804 664
534 633
654 953
226 86
911 700
785 538
162 450
544 123
588 424
281 948
387 343
212 119
626 114
216 926
902 992
573 455
771 590
992 756
775 389
832 893
569 75
359 497
935 68
602 217
536 342
791 419
220 527
296 299
75 875
919 222
923 244
898 943
886 348
586 578
162 320
189 804
786 295
544 275
375 44
313 680
759 580
79 647
122 819
329 884
990 497
669 591
382 479
20 692
633 258
568 210
769 554
105 895
612 732
334 85
515 165
150 684
896 512
823 192
181 456
509 688
366 614
137 779
243 241
668 458
666 679
489 29
623 265
991 265
994 672
653 203
855 299
5 239
609 883
283 321
760 795
74 36
305 105
437 519
193 465
347 783
889 365
931 118
104 767
167 707
445 955
292 32
298 985
939 511
678 967
200 14
819 557
638 315
222 189
752 326
892 276
801 352
550 720
293 359
328 359
511 752
880 995
176 115
247 107
881 839
57 879
302 30
316 642
754 862
152 818
711 745
343 788
196 109
632 340
872 545
257 982
132 115
933 203
432 307
589 98
555 987
661 38
849 589
514 893
343 569
606 469
516 80
416 153
380 926
865 795
442 709
6 410
529 842
540 577
676 275
754 231
310 807
285 387
918 532
437 508
836 164
182 399
867 500
559 83
856 390
993 765
943 556
61 28
513 569
597 365
222 999
134 129
788 845
568 671
347 676
381 532
594 703
922 636
166 470
149 215
536 323
213 151
128 615
396 926
996 168
826 146
241 88
866 602
806 640
789 891
110 733
240 409
841 805
237 388
267 892
100 981
630 104
436 231
380 688
634 397
153 344
841 781
768 405
663 43
13 487
885 430
279 677
930 135
590 729
919 51
712 715
358 317
307 46
657 52
469 766
390 542
448 472
415 185
391 820
620 997
654 962
366 77
349 316
842 596
505 928
492 670
358 982
541 240
501 969
337 641
660 134
820 735
443 978
396 260
613 166
805 147
152 398
15 942
655 664
154 855
128 444
274 88
731 11
629 183
259 947
318 924
140 766
519 96
828 274
191 25
283 373
947 771
124 623
374 297
298 571
967 781
43 331
639 278
215 172
116 843
44 31
774 376
176 146
619 833
901 950
331 614
547 12
324 598
974 584
804 20
197 894
109 346
394 882
823 170
251 218
198 423
500 548
634 301
287 59
176 81
829 672
600 678
575 436
694 968
216 601
620 717
395 797
368 972
860 607
361 162
148 912
795 132
580 266
144 843
133 244
196 697
491 160
399 759
648 421
925 629
799 595
158 859
282 637
143 322
945 720
671 859
991 927
37 305
683 57
112 320
827 459
649 743
163 483
167 857
825 833
611 145
245 394
754 699
242 80
52 767
537 273
764 369
124 363
609 672
836 462
702 734
470 697
228 414
814 972
527 762
211 65
715 663
266 530
704 799
448 728
23 327
170 935
682 880
135 386
287 643
134 780
597 374
325 610
520 320
805 854
271 720
595 276
466 904
741 628
48 691
131 470
722 119
341 397
623 786
97 530
822 741
510 756
442 17
947 776
445 889
312 79
907 770
211 850
599 155
131 51
827 561
332 372
755 399
239 888
411 232
688 19
543 691
313 184
573 858
60 693
75 716
607 172
298 606
182 816
85 72
415 303
86 989
113 83
214 367
847 439
757 975
280 99
589 70
488 783
599 374
747 25
377 159
382 346
478 414
95 875
887 677
55 453
74 627
868 908
935 248
209 181
250 824
964 700
810 806
519 570
254 725
635 429
431 824
580 244
62 404
644 1000
50 891
582 24
186 501
620 208
332 73
220 955
970 934
387 41
617 326
141 404
748 300
571 944
328 468
331 316
446 163
165 318
772 463
9 966
825 761
133 493
486 728
709 190
576 172
648 731
677 350
992 98
184 870
188 491
81 480
583 76
351 508
192 908
690 327
209 955
695 153
300 425
908 58
340 588
277 996
333 283
124 566
206 983
371 950
119 121
150 710
996 431
932 956
859 910
427 192
817 127
598 965
25 683
231 273
833 705
243 889
354 3
810 936
394 34
109 255
101 371
565 215
715 877
858 775
256 288
703 838
535 130
183 793
749 988
902 574
907 118
352 631
245 236
923 984
924 501
339 212
706 607
912 151
768 163
646 80
450 742
903 530
755 781
303 953
272 190
847 430
523 339
602 400
171 560
938 410
12 558
574 79
413 949
727 820
69 912
457 145
441 654
526 198
156 361
927 211
627 613
802 33
425 189
985 93
372 719
16 870
700 753
563 540
241 634
572 624
465 270
982 552
927 701
337 195
155 411
385 224
202 872
360 131
54 653
332 897
613 796
798 199
518 796
368 225
467 784
582 933
422 723
349 895
851 146
891 18
896 865
987 27
716 454
647 840
844 1000
917 791
674 13
505 111
252 87
312 474
789 511
986 541
22 127
404 684
637 101
765 863
876 743
353 355
633 419
586 522
418 961
210 390
651 515
448 958
960 797
225 129
145 369
816 319
418 746
127 904
278 907
989 979
203 874
933 139
223 703
759 457
366 67
194 490
839 736
326 592
681 618
352 256
761 811
987 84
746 171
807 179
642 809
30 444
61 358
128 957
133 126
885 479
178 48
734 309
492 702
38 123
948 204
716 108
590 178
94 788
952 573
587 612
38 564
812 985
844 949
918 360
460 963
611 687
535 905
518 225
711 82
397 284
553 928
683 115
866 599
718 900
723 582
666 485
30 384
789 206
836 386
190 853
709 43
261 382
593 324
726 77
975 207
850 834
11 562
255 441
885 388
735 883
819 588
503 923
799 71
34 479
509 8
846 981
782 19
739 280
761 268
506 16
937 813
438 385
253 425
878 977
899 1000
475 810
610 364
152 469
154 44
101 594
917 737
347 307
26 206
537 353
401 11
771 884
738 229
90 647
809 182
593 579
263 340
993 471
51 282
226 336
313 452
645 640
317 74
581 534
612 184
434 916
898 576
504 427
968 721
125 81
698 882
312 45
89 593
791 254
778 21
22 338
275 597
558 591
362 622
353 393
913 57
939 883
460 102
708 67
87 750
47 783
262 509
139 627
917 294
136 636
21 16
696 278
78 635
20 915
392 918
129 107
491 279
230 22
653 449
83 553
971 681
874 667
755 318
731 962
988 378
650 171
729 540
403 24
583 286
909 774
103 267
117 948
525 65
695 356
554 865
486 906
356 800
568 505
614 333
760 143
5 802
735 385
106 506
914 527
616 21
429 584
15 803
510 35
676 825
934 707
695 861
414 388
428 524
514 817
319 424
638 728
180 508
379 213
405 392
296 132
396 792
174 571
873 611
429 424
87 953
637 897
506 335
882 533
467 998
154 743
753 916
376 861
950 233
892 839
392 40
890 328
354 895
367 830
827 514
167 605
289 24
19 521
507 300
464 813
2 13
975 155
993 999
702 293
482 636
229 354
813 12
657 785
444 265
4 534
135 551
254 794
219 32
546 733
165 536
443 665
544 545
266 968
821 67
150 502
445 823
711 368
143 941
671 572
476 635
496 55
547 42
841 798
216 659
91 541
567 872
66 239
311 218
869 526
161 288
902 796
433 925
297 204
621 245
371 85
603 640
598 625
951 61
991 816
681 898
916 345
707 999
48 642
77 758
130 297
457 279
319 409
701 894
499 779
921 878
495 668
858 869
486 959
183 173
440 420
487 843
945 932
989 604
871 723
419 518
740 774
440 663
815 547
417 943
52 532
159 123
196 809
367 886
7 267
510 264
460 201
166 365
107 714
648 306
553 142
487 770
114 594
775 517
437 669
760 981
678 790
361 256
237 461
253 773
675 450
138 850
151 669
226 481
835 29
386 574
346 946
327 657
204 337
40 997
142 221
997 797
864 471
408 362
753 409
200 528
372 686
572 227
10 894
664 973
963 610
418 249
497 304
114 662
798 848
685 972
39 436
212 543
922 410
435 3
866 362
261 770
88 500
751 3
433 807
606 261
1000
258 431
75 258
258 727
371 258
258 340
258 461
146 258
292 258
258 131
372 258
258 753
258 603
532 258
258 216
258 336
362 258
258 72
628 258
381 258
258 305
258 498
258 397
258 141
434 258
258 418
258 302
34 258
235 258
940 258
258 52
258 239
627 258
258 294
178 258
258 761
320 258
274 258
789 258
258 338
258 248
184 258
989 258
258 249
258 446
258 238
258 401
258 349
584 258
326 258
258 374
242 258
258 997
230 258
126 258
358 258
116 258
788 258
721 258
536 258
769 258
252 258
303 258
258 164
689 258
258 612
614 258
824 258
258 158
900 258
333 258
258 951
444 258
270 258
258 122
327 258
258 919
759 258
257 258
108 258
258 407
447 258
258 610
70 258
878 258
451 258
195 258
771 258
258 557
501 258
258 682
258 747
525 258
411 258
643 258
825 258
258 762
258 136
258 211
258 860
258 539
258 285
258 339
258 699
924 258
445 258
258 423
620 258
258 437
258 724
258 922
258 477
820 258
404 258
258 262
909 258
844 258
258 219
258 125
439 258
278 258
258 259
409 258
550 258
988 258
258 474
258 267
936 258
140 258
258 368
895 258
258 308
701 258
62 258
680 258
335 258
258 455
965 258
258 595
258 344
757 258
258 284
760 258
258 4
258 961
330 258
258 544
791 258
258 197
837 258
258 750
258 553
487 258
258 513
258 118
588 258
258 15
258 702
258 466
109 258
258 39
258 90
258 264
619 258
258 992
258 11
258 686
258 898
934 258
258 189
258 622
792 258
258 208
258 57
154 258
258 995
258 585
258 889
258 521
290 258
258 861
258 322
258 545
258 516
192 258
258 546
258 527
410 258
345 258
258 360
258 732
258 334
277 258
258 768
828 258
917 258
258 247
258 911
258 716
576 258
258 822
258 51
315 258
258 512
662 258
258 191
986 258
258 301
471 258
258 153
611 258
161 258
258 740
258 359
258 454
258 542
204 258
549 258
258 970
258 10
258 872
523 258
829 258
803 258
210 258
258 591
366 258
854 258
258 644
773 258
258 190
258 369
258 331
258 902
683 258
609 258
258 425
258 975
473 258
87 258
258 692
6 258
438 258
258 879
42 258
258 685
29 258
258 722
258 99
415 258
835 258
258 413
258 577
807 258
298 258
321 258
258 313
500 258
258 802
433 258
258 827
573 258
258 728
863 258
258 864
258 237
801 258
996 258
258 725
258 254
243 258
933 258
560 258
258 37
796 258
258 530
450 258
258 172
258 745
258 781
258 665
862 258
221 258
258 495
258 574
258 467
258 857
258 132
258 73
258 441
258 929
599 258
547 258
258 354
258 43
258 968
258 694
258 23
258 318
704 258
956 258
258 805
350 258
155 258
258 31
258 93
258 960
258 56
258 24
175 258
258 306
258 117
289 258
258 840
258 429
28 258
258 691
258 790
562 258
258 503
258 135
258 818
258 582
416 258
348 258
258 115
944 258
709 258
258 341
258 868
258 843
647 258
258 53
258 209
703 258
244 258
258 849
60 258
776 258
258 839
809 258
392 258
258 159
258 227
258 982
258 188
96 258
469 258
258 504
258 655
139 258
258 935
258 365
258 21
966 258
440 258
300 258
537 258
482 258
859 258
61 258
258 26
258 107
533 258
661 258
367 258
55 258
258 325
258 355
480 258
258 152
743 258
885 258
288 258
258 279
46 258
561 258
258 826
517 258
258 346
258 897
258 185
258 276
258 648
664 258
729 258
258 751
258 157
64 258
258 876
332 258
258 518
258 83
328 258
7 258
258 398
258 478
105 258
795 258
193 258
678 258
258 151
734 258
258 833
794 258
258 205
258 63
258 323
337 258
106 258
280 258
258 672
258 268
258 925
183 258
258 269
258 931
428 258
999 258
149 258
50 258
926 258
258 884
708 258
94 258
69 258
258 945
258 938
758 258
632 258
347 258
234 258
258 483
258 990
258 684
258 668
54 258
258 804
540 258
30 258
598 258
505 258
258 393
258 282
258 608
258 508
637 258
578 258
899 258
258 907
19 258
258 780
203 258
567 258
258 32
258 594
258 363
89 258
258 511
222 258
258 2
569 258
258 186
258 275
626 258
45 258
258 424
258 378
166 258
173 258
258 735
258 177
258 736
998 258
531 258
258 806
258 957
258 380
258 171
12 258
67 258
258 983
258 638
258 636
124 258
723 258
293 258
258 256
179 258
488 258
258 16
258 112
41 258
568 258
258 973
419 258
443 258
258 241
959 258
258 271
830 258
600 258
589 258
258 38
855 258
258 382
258 232
258 775
258 170
755 258
384 258
896 258
27 258
738 258
266 258
258 167
615 258
324 258
526 258
258 583
719 258
913 258
130 258
246 258
258 778
800 258
258 421
258 782
236 258
258 448
138 258
836 258
258 939
258 543
744 258
258 174
258 816
258 700
148 258
258 506
258 314
555 258
251 258
593 258
258 65
258 696
123 258
564 258
79 258
383 258
741 258
396 258
13 258
906 258
258 887
258 869
160 258
202 258
258 48
258 575
554 258
698 258
258 624
258 470
163 258
707 258
258 838
258 287
258 730
258 798
258 646
258 3
76 258
412 258
258 633
258 875
650 258
258 881
258 946
273 258
258 458
245 258
258 229
258 420
604 258
449 258
258 408
317 258
258 514
258 666
258 260
258 831
258 44
225 258
77 258
258 949
258 718
891 258
92 258
258 194
258 22
223 258
258 1000
258 224
258 964
258 601
258 464
930 258
375 258
258 402
258 102
133 258
406 258
110 258
515 258
258 165
390 258
233 258
299 258
258 426
258 120
258 858
258 370
258 81
258 137
258 679
68 258
111 258
95 258
258 548
181 258
258 422
258 715
114 258
486 258
808 258
847 258
258 361
765 258
541 258
886 258
597 258
258 457
258 618
311 258
528 258
848 258
258 1
258 587
258 920
435 258
258 613
942 258
943 258
100 258
258 606
882 258
129 258
258 673
377 258
258 142
972 258
258 579
258 394
258 705
675 258
258 693
265 258
286 258
777 258
258 674
295 258
490 258
263 258
903 258
258 481
258 955
258 659
258 465
258 476
258 676
559 258
856 258
496 258
258 103
258 928
258 538
258 952
258 811
258 214
783 258
35 258
460 258
742 258
258 36
258 309
786 258
865 258
991 258
770 258
670 258
258 763
967 258
258 297
169 258
258 971
258 74
258 873
852 258
258 312
663 258
814 258
258 80
258 226
356 258
969 258
258 240
101 258
258 150
821 258
342 258
258 215
258 927
258 658
953 258
258 352
66 258
932 258
799 258
228 258
258 711
258 596
258 823
258 499
121 258
870 258
258 78
784 258
888 258
258 85
484 258
258 914
201 258
258 199
749 258
430 258
258 630
258 980
813 258
258 580
958 258
660 258
258 815
258 250
635 258
357 258
258 353
677 258
793 258
207 258
258 556
258 134
258 649
385 258
994 258
258 231
144 258
261 258
258 714
147 258
651 258
200 258
258 772
258 950
258 395
442 258
977 258
258 566
258 9
258 25
258 653
258 489
258 453
258 529
258 607
510 258
33 258
717 258
218 258
258 767
733 258
258 291
258 571
258 746
472 258
206 258
258 979
491 258
817 258
258 91
258 570
47 258
258 14
912 258
258 127
258 307
981 258
657 258
156 258
387 258
258 459
785 258
272 258
376 258
779 258
258 963
49 258
258 893
59 258
987 258
258 198
904 258
258 509
874 258
212 258
937 258
417 258
258 642
258 386
731 258
258 58
258 985
258 713
258 84
258 954
258 493
993 258
391 258
258 625
522 258
602 258
706 258
258 916
258 797
258 113
883 258
258 534
258 787
258 162
310 258
258 812
923 258
752 258
258 834
720 258
399 258
351 258
258 220
867 258
258 623
258 617
558 258
641 258
974 258
258 255
258 910
20 258
258 892
258 978
119 258
258 845
258 681
258 373
866 258
948 258
880 258
669 258
551 258
586 258
104 258
258 494
258 388
379 258
258 82
258 921
841 258
258 176
258 463
258 519
258 17
258 941
258 671
213 258
258 319
258 5
563 258
258 915
258 905
639 258
485 258
258 894
258 901
502 258
182 258
908 258
258 832
258 890
128 258
629 258
258 640
507 258
281 258
143 258
258 524
258 645
654 258
667 258
850 258
258 984
71 258
217 258
258 456
737 258
196 258
766 258
877 258
918 258
475 258
283 258
343 258
710 258
871 258
258 851
258 842
592 258
695 258
846 258
258 774
187 258
552 258
634 258
631 258
258 452
258 479
258 756
258 810
258 253
432 258
976 258
497 258
947 258
468 258
258 168
590 258
258 621
764 258
145 258
258 754
296 258
98 258
492 258
258 581
405 258
436 258
853 258
462 258
88 258
389 258
180 258
605 258
258 962
258 739
258 18
8 258
258 427
258 726
258 688
572 258
414 258
565 258
819 258
748 258
258 616
656 258
535 258
258 316
258 652
258 403
400 258
258 304
690 258
697 258
40 258
364 258
258 86
258 712
258 329
258 687
97 258
520 258
