41
33
31 14
13 16
11 18
13 18
23 31
3 6
30 28
9 10
29 27
33 4
30 13
27 16
4 5
10 19
15 24
7 15
14 24
21 12
18 25
2 20
5 3
17 32
22 19
32 25
22 21
8 1
28 12
23 17
26 11
8 29
9 20
6 30
34
2 28
11 20
21 9
26 30
33 32
4 19
13 17
9 22
27 25
5 28
30 16
6 25
4 29
16 1
26 11
14 33
15 31
12 10
7 6
19 18
5 3
3 23
34 7
10 15
13 8
24 34
27 31
18 1
8 23
17 22
32 12
24 20
29 21
35
33 8
16 5
21 23
13 6
20 2
24 20
32 24
30 13
35 11
2 9
12 18
19 5
6 31
34 3
10 23
22 15
4 28
8 1
11 25
17 26
9 34
19 18
26 29
28 29
1 14
4 30
27 33
7 31
32 14
25 12
21 27
10 16
17 15
7 3
40
8 30
34 8
8 18
8 27
8 29
8 31
5 8
32 8
38 8
8 19
4 8
23 8
8 14
8 35
6 8
11 8
26 8
10 8
8 15
2 8
24 8
8 12
37 8
13 8
36 8
21 8
25 8
8 39
3 8
33 8
8 16
9 8
8 28
40 8
8 1
8 22
8 7
8 17
8 20
41
30 16
33 2
12 25
26 9
23 14
25 38
37 20
28 17
32 41
14 33
38 18
7 10
31 36
17 39
6 4
1 11
32 18
24 27
29 28
34 15
6 8
41 34
5 20
4 24
5 19
11 26
22 2
40 1
27 16
31 7
40 22
29 30
21 13
19 36
13 35
9 37
10 15
3 23
39 3
21 12
41
9 40
27 40
40 10
28 40
33 40
40 11
29 40
7 40
40 36
26 40
25 40
3 40
40 32
12 40
8 40
20 40
24 40
40 17
40 30
39 40
40 31
40 5
40 15
40 34
37 40
40 38
13 40
40 21
40 14
2 40
4 40
40 22
40 6
1 40
40 41
35 40
18 40
40 23
40 16
40 19
41
40 33
11 13
40 7
29 8
23 16
32 19
39 4
12 5
17 24
6 16
36 10
38 4
28 8
32 3
11 1
14 33
41 18
22 12
31 29
13 39
37 21
2 15
14 27
20 24
1 21
38 25
9 27
18 36
28 10
20 41
34 35
31 35
30 6
3 17
37 23
22 34
26 1
7 19
25 9
16 15
41
5 17
5 38
37 5
32 5
27 8
26 5
8 33
5 9
5 6
8 5
8 29
5 7
13 8
5 3
28 8
20 5
8 10
5 15
5 40
5 41
30 5
31 5
5 25
12 8
11 8
8 34
5 22
8 36
5 23
2 5
8 24
5 39
5 21
16 5
4 8
1 8
8 35
18 5
14 5
19 8
43
31 40
32 31
4 9
25 12
12 29
31 33
9 10
15 12
9 42
12 2
12 38
30 12
1 16
12 9
39 15
12 37
3 31
5 12
1 26
14 12
23 9
41 31
9 28
15 20
27 31
12 13
8 9
22 1
1 31
7 15
15 11
34 9
12 21
15 35
18 31
17 12
43 31
1 9
36 1
1 6
31 19
24 12
44
28 14
38 7
2 22
10 41
39 12
6 23
33 40
33 29
32 12
18 35
16 26
38 36
26 30
30 8
33 4
15 17
5 21
43 35
37 3
22 38
24 31
44 41
28 34
23 44
24 1
6 3
19 20
20 5
15 4
35 34
28 11
42 13
13 40
26 9
34 39
38 31
19 15
3 7
18 26
25 17
37 43
27 41
2 13
44
10 27
34 10
10 35
10 43
10 23
17 6
10 15
14 17
17 7
36 17
5 10
11 10
17 22
17 12
17 21
16 17
17 25
17 13
10 39
18 17
10 28
10 30
10 32
8 17
17 10
17 9
10 41
4 10
10 3
33 10
17 26
37 10
17 1
44 10
10 2
10 19
10 20
17 24
42 17
31 17
17 38
10 29
40 17
44
14 25
21 12
36 23
27 8
16 13
10 4
41 25
2 26
44 28
4 6
39 37
23 38
27 40
39 14
41 35
20 29
34 1
29 13
21 9
7 3
35 7
17 12
22 43
20 24
32 24
38 28
6 22
42 17
42 11
5 30
19 15
18 8
26 5
1 37
3 44
33 36
16 9
34 32
18 31
10 31
40 30
33 19
43 15
45
15 22
34 31
19 10
26 12
29 20
44 24
45 22
45 32
33 30
2 21
4 7
6 7
42 23
20 44
15 37
39 18
37 29
9 40
21 35
1 13
19 31
28 5
9 27
26 3
8 12
41 25
24 17
17 36
13 28
40 4
43 25
38 11
35 39
36 34
10 2
11 18
41 6
27 33
14 30
3 23
43 42
14 32
1 16
16 38
45
41 39
33 41
35 19
28 41
41 25
31 41
45 19
22 41
36 19
41 2
41 34
19 17
41 10
41 3
44 41
41 6
40 19
20 19
41 21
5 19
19 8
4 19
41 16
19 7
19 38
1 19
18 41
37 41
27 41
41 32
19 13
23 41
19 26
41 30
24 41
19 9
43 41
41 12
29 19
42 41
11 41
14 41
19 41
15 19
45
33 37
15 19
29 15
15 41
5 15
33 10
33 1
14 15
15 44
28 15
15 42
33 32
6 39
18 39
34 15
43 39
15 38
33 36
45 15
8 33
20 33
15 35
39 25
33 27
33 21
26 39
31 33
24 15
9 33
33 3
13 33
15 17
33 15
12 33
2 33
15 39
16 33
33 4
22 15
11 15
15 7
33 30
33 40
33 23
45
37 44
19 33
43 10
41 9
41 11
11 24
9 14
45 20
22 27
7 5
26 31
29 12
33 21
22 20
16 28
42 33
10 21
2 14
8 2
8 17
13 29
25 37
4 24
12 7
6 24
15 31
16 43
11 35
36 40
22 29
38 26
19 32
39 5
40 23
37 15
21 18
30 29
37 32
3 38
12 34
17 23
45 3
6 39
1 9
46
23 18
33 36
38 17
26 44
4 14
34 16
41 32
40 12
18 44
7 46
22 27
20 41
12 31
24 28
34 2
28 11
46 30
9 6
43 30
27 4
9 16
7 38
5 25
13 19
33 10
22 31
26 11
1 45
19 23
21 29
37 8
43 10
25 39
15 1
14 24
37 32
3 8
5 13
15 29
45 35
36 21
2 20
17 3
40 42
6 42
47
21 41
26 21
30 21
42 21
24 21
25 21
1 21
33 21
16 21
21 20
21 44
18 21
21 14
37 21
38 21
17 21
34 21
21 36
39 21
21 12
21 8
19 21
21 47
21 6
21 23
21 32
15 21
9 21
27 21
21 40
28 21
29 21
21 2
10 21
5 21
21 13
21 43
11 21
46 21
21 31
4 21
3 21
35 21
45 21
21 22
7 21
48
18 19
1 18
17 18
46 18
18 38
18 4
14 18
8 2
37 18
15 18
18 41
47 18
48 2
18 40
18 26
44 18
2 39
22 18
13 18
25 18
43 18
23 18
10 18
29 18
18 35
18 24
9 18
32 2
3 18
28 2
2 31
30 18
12 2
16 18
2 21
18 5
2 7
36 18
33 2
2 42
2 11
18 45
18 6
2 34
2 18
2 27
20 2
48
2 19
31 16
27 33
21 3
35 11
26 16
1 32
48 28
13 18
17 24
14 4
4 6
5 36
40 46
7 39
29 47
44 38
7 22
43 12
24 26
10 25
45 17
29 35
37 42
41 8
18 38
20 44
32 8
30 18
9 22
39 27
33 31
5 25
15 46
45 36
40 21
23 13
32 12
48 34
37 38
30 10
15 28
9 19
47 14
6 20
1 11
34 2
48
42 36
41 27
39 40
29 18
31 27
37 17
30 46
25 43
22 12
15 45
30 41
33 19
13 42
32 15
25 28
34 36
24 15
19 26
3 35
35 9
10 27
5 42
4 29
34 39
19 1
47 16
5 35
23 25
44 16
42 2
21 19
1 32
23 37
19 14
16 7
38 16
12 46
12 7
24 10
18 43
12 48
10 11
8 16
20 32
6 35
35 29
40 26
49
2 17
3 25
34 29
19 5
4 8
36 1
38 26
19 46
29 26
44 24
43 7
31 9
11 5
12 22
9 23
16 43
14 18
21 45
7 41
38 39
16 49
20 40
15 42
6 33
30 13
28 34
32 17
11 36
35 6
48 24
21 37
33 49
32 35
47 37
2 1
8 10
3 48
10 13
18 27
42 30
44 41
25 14
39 46
40 27
23 28
15 31
4 47
20 22
49
44 15
19 36
45 30
39 32
11 32
12 37
44 39
13 4
29 25
6 15
41 16
12 7
3 13
38 29
17 27
40 34
49 47
28 18
35 21
26 11
33 43
3 10
34 8
46 33
34 24
35 41
23 13
2 48
1 18
49 20
1 2
6 36
24 49
9 32
15 14
30 27
27 3
22 25
38 42
38 33
41 49
12 25
31 11
7 11
34 30
39 5
35 33
23 18
50
14 43
12 40
28 41
27 34
6 40
4 45
2 30
16 7
17 23
4 33
33 50
24 22
31 29
5 15
8 11
13 18
29 36
39 46
39 47
44 3
45 48
18 9
42 41
49 48
3 8
37 17
15 43
19 36
34 12
21 50
38 46
16 35
32 46
11 26
27 42
37 49
24 23
39 1
21 31
6 13
1 26
14 25
9 44
10 22
19 2
20 25
30 5
35 10
7 28
51
3 51
3 45
42 20
5 20
31 20
3 20
3 48
16 20
10 3
20 8
26 20
40 20
28 20
32 20
35 20
3 21
20 36
46 3
20 44
41 20
20 12
20 11
20 23
49 20
18 3
19 20
20 4
20 13
3 15
7 3
20 17
20 39
20 14
2 3
20 29
27 3
9 20
38 3
50 3
37 20
3 43
25 20
30 20
22 20
33 20
6 20
20 1
47 20
20 34
20 24
51
47 5
48 12
40 9
19 39
25 18
43 18
29 24
8 22
23 42
20 7
11 2
1 37
10 38
38 15
31 28
26 1
45 24
4 36
11 36
39 41
4 31
46 14
21 25
3 29
28 50
48 32
7 16
19 44
9 33
17 49
44 6
14 35
3 27
21 51
10 47
13 18
9 41
33 12
32 42
4 30
8 49
4 46
20 43
15 3
22 37
40 5
16 34
27 2
6 13
17 34
51
51 9
51 43
5 38
47 11
38 20
33 5
33 48
22 19
49 18
25 51
17 25
7 32
37 9
14 4
2 39
19 27
42 18
45 41
2 18
11 40
35 28
10 2
45 32
1 36
18 1
19 28
8 16
28 37
24 3
29 25
43 16
14 31
23 22
26 45
15 35
13 31
33 23
12 22
24 46
41 11
48 44
6 46
8 31
30 14
10 50
34 28
21 5
4 40
46 22
4 1
52
28 22
45 2
46 14
15 48
40 47
30 49
50 6
26 29
17 33
28 20
50 39
47 28
10 5
16 52
28 7
52 12
34 25
14 26
38 7
38 27
39 8
3 11
44 41
40 21
42 47
25 44
8 23
39 36
28 17
18 12
1 50
15 10
20 18
15 31
44 32
2 30
15 38
15 35
15 37
3 37
49 43
25 20
21 45
24 51
29 22
9 6
15 24
4 34
24 9
13 45
33 19
55
17 46
15 6
19 46
50 35
48 21
22 47
21 3
39 11
16 38
26 16
49 18
34 1
9 52
12 51
18 7
55 4
14 40
34 49
50 32
27 31
37 2
5 4
1 55
41 3
31 42
41 36
28 54
24 23
25 54
36 37
44 11
23 7
6 8
30 35
29 31
33 17
32 48
29 51
33 38
30 20
10 44
43 53
12 10
9 25
33 8
6 45
22 20
43 40
28 5
24 2
45 29
13 26
53 27
39 47
55
52 2
51 40
32 47
45 13
28 36
33 18
12 21
47 38
15 39
9 17
30 2
35 12
46 42
18 32
22 34
3 4
15 22
27 11
7 28
6 46
36 25
44 50
54 37
39 43
20 23
30 4
42 53
50 25
53 41
45 5
1 16
19 27
35 26
29 55
44 8
49 14
52 40
19 10
24 49
48 5
38 24
33 37
14 48
21 13
54 16
19 31
10 6
26 25
43 31
8 51
11 3
29 34
17 7
9 20
55
21 22
24 54
22 47
53 17
41 22
22 6
20 17
24 8
37 17
22 1
18 22
38 41
22 30
22 34
17 45
17 33
24 13
11 41
2 24
17 14
41 19
41 32
10 17
16 41
50 17
55 41
41 31
24 17
22 43
9 17
41 52
17 4
48 41
22 27
28 22
23 22
24 15
22 5
51 41
42 17
17 40
29 24
46 17
44 41
26 22
22 35
25 41
49 41
24 39
24 22
22 7
41 3
24 12
36 17
55
32 35
23 55
43 15
41 20
31 25
13 4
27 51
52 6
40 28
46 14
42 22
14 32
22 46
40 38
39 31
48 50
30 23
34 11
10 8
53 52
54 27
37 47
2 48
37 51
4 19
2 20
49 1
18 17
36 28
53 11
43 12
29 16
29 1
19 34
3 54
33 21
26 6
18 8
10 24
43 41
15 44
24 5
17 39
25 21
29 9
18 47
50 45
26 38
45 36
42 30
33 35
7 55
13 7
3 16
55
39 27
7 14
5 4
17 55
6 31
33 8
36 15
33 53
35 34
41 5
18 52
24 20
51 6
13 30
26 10
9 15
46 50
31 35
42 24
1 47
49 34
43 25
2 40
28 50
38 23
21 40
42 2
36 32
30 27
39 38
44 1
55 3
44 21
19 41
19 3
12 25
37 48
29 46
52 16
11 20
51 17
28 22
18 22
4 10
43 54
29 7
12 8
45 49
37 16
47 9
45 53
53 32
23 54
11 14
56
28 35
20 40
38 47
34 44
1 2
9 22
30 13
24 25
36 2
34 50
21 19
6 24
16 31
54 53
46 47
49 8
7 21
46 27
42 30
48 14
45 20
31 37
51 12
19 22
10 4
33 45
35 54
50 8
51 49
23 52
13 15
52 3
15 21
37 13
56 27
16 4
11 6
13 55
18 38
26 32
41 32
3 5
36 39
17 53
18 41
29 33
28 1
5 44
26 14
11 10
7 43
29 43
40 23
48 39
56 12
57
26 6
33 17
11 35
23 22
20 12
20 57
17 51
33 48
56 4
16 24
53 13
39 15
4 31
45 41
4 26
56 16
26 49
22 41
36 22
28 26
47 29
35 54
19 26
55 46
9 56
40 47
29 26
32 24
30 38
15 54
18 55
8 32
52 20
57 36
42 41
43 34
49 45
53 39
25 5
37 25
7 45
44 11
12 3
11 2
46 56
2 17
44 3
36 30
34 9
47 1
37 39
56 50
25 14
27 5
10 11
53 21
59
38 19
31 30
59 4
4 46
33 4
57 49
38 17
15 45
34 52
57 54
9 4
12 13
35 12
53 7
7 8
11 41
49 51
19 48
57 47
27 36
8 43
17 29
57 25
4 28
26 39
40 30
36 15
20 3
15 3
10 34
41 58
42 29
16 36
29 24
55 32
13 51
26 11
21 37
36 18
19 14
56 11
34 55
32 30
30 23
21 31
6 43
58 4
50 22
4 16
39 7
5 17
30 1
50 12
44 50
43 37
10 25
44 48
11 2
59
4 28
24 20
31 40
55 19
8 5
3 7
45 15
32 28
23 41
18 33
14 17
39 21
49 16
37 10
14 38
15 55
42 51
43 44
23 57
23 30
36 59
6 56
44 32
26 33
50 41
22 26
13 46
25 35
20 13
49 1
42 16
31 5
46 47
4 7
49 48
47 48
45 18
27 37
12 53
11 57
6 59
9 54
34 29
1 9
10 11
58 8
40 36
52 25
38 3
21 56
51 43
2 27
39 54
58 53
2 29
22 50
30 12
52 19
60
39 42
42 8
18 42
42 4
29 42
42 26
42 2
42 9
42 40
5 42
49 42
42 25
45 42
42 12
42 54
52 42
42 35
42 27
3 42
42 53
59 42
42 56
37 42
42 30
36 42
42 6
42 57
13 42
46 42
42 44
16 42
11 42
48 42
42 55
42 31
42 51
50 42
43 42
42 60
42 41
42 28
42 20
22 42
42 47
33 42
42 38
10 42
42 17
32 42
42 1
23 42
21 42
42 24
34 42
42 58
7 42
14 42
19 42
42 15
60
22 39
57 17
27 24
57 46
16 23
11 51
44 43
14 4
34 28
31 38
6 1
35 46
49 22
38 35
56 12
44 58
28 8
47 21
20 38
47 44
35 16
59 42
13 27
39 19
17 32
60 7
38 48
25 37
8 25
55 32
26 21
46 29
56 51
11 3
48 50
31 9
35 10
36 27
38 1
53 52
5 41
27 59
30 21
45 18
22 15
2 1
54 33
29 33
18 43
9 7
4 41
54 47
19 26
3 32
5 13
40 24
25 59
20 52
41 23
61
34 49
25 39
29 27
31 46
18 20
15 17
34 40
28 31
37 18
29 46
42 6
17 24
58 52
13 48
47 2
8 41
7 44
6 23
53 22
22 51
41 9
19 14
23 44
58 3
21 46
37 58
34 35
17 30
28 26
39 43
30 26
45 16
41 36
16 44
50 5
60 1
1 19
36 23
2 6
7 37
35 13
21 10
12 38
29 32
54 21
31 1
33 38
61 19
59 39
56 5
22 30
5 43
57 60
4 18
11 60
26 43
55 13
35 7
28 16
36 38
62
13 39
42 37
24 32
3 62
31 43
16 27
15 53
27 23
61 1
5 46
10 2
20 29
55 46
8 30
57 32
40 26
5 22
44 46
4 13
50 6
53 54
48 59
55 25
42 47
34 62
51 21
42 38
26 47
61 52
35 26
45 11
20 14
51 18
21 28
33 11
15 6
41 51
12 51
8 52
62 19
27 56
50 1
13 58
33 32
53 10
40 21
12 7
22 20
34 13
8 11
17 3
58 2
2 49
1 9
31 12
27 32
55 43
58 36
59 17
59 20
60 58
