2
1000
870 512
599 647
26 361
122 167
174 348
942 488
328 651
793 997
880 322
998 800
598 359
674 464
472 537
469 546
178 247
547 600
515 535
376 186
158 848
128 869
787 891
861 600
123 166
624 680
925 335
538 243
517 711
47 830
695 627
499 141
176 809
852 516
269 823
355 359
120 234
232 660
194 810
222 315
855 398
621 355
774 437
536 461
645 990
126 102
490 331
669 140
251 347
813 799
973 232
636 454
334 678
920 258
8 287
554 914
446 314
247 585
808 717
73 189
871 545
654 503
359 498
651 488
234 915
933 206
417 277
900 319
39 610
329 43
582 291
521 917
371 305
452 411
505 652
123 690
150 923
71 508
990 255
562 502
360 703
927 824
808 447
598 215
232 824
185 193
698 864
394 694
406 790
951 350
273 385
690 351
347 761
222 828
202 336
718 872
979 134
68 513
815 931
379 412
115 419
449 88
819 101
335 142
682 721
160 517
75 149
928 664
323 715
600 218
592 607
34 107
424 277
457 153
112 349
576 260
526 310
968 532
217 761
31 881
992 873
676 917
15 445
960 294
307 877
875 545
856 496
820 519
928 730
141 391
505 402
728 677
138 10
566 736
173 246
975 824
54 356
249 970
324 552
535 167
100 57
232 231
215 521
43 154
658 382
283 68
548 562
892 349
271 298
238 646
344 161
280 83
406 68
85 20
609 475
4 11
362 663
558 763
278 264
953 45
769 787
647 991
153 463
996 173
126 952
882 6
42 755
425 114
18 413
932 206
980 495
427 858
325 90
684 563
103 860
972 936
811 687
701 375
782 994
62 522
918 797
96 320
312 46
248 455
738 988
195 832
357 567
305 707
659 591
640 425
597 548
110 325
762 805
868 959
624 866
652 220
153 827
385 862
946 22
71 625
69 598
790 576
555 312
418 14
928 270
518 164
477 591
923 723
367 193
319 350
443 687
956 190
921 432
471 316
96 656
49 912
633 538
534 483
388 636
687 305
41 613
226 964
388 35
646 853
467 416
883 673
616 315
837 165
147 318
360 969
746 482
433 895
394 330
99 382
617 269
783 961
948 214
924 451
267 897
665 197
431 368
791 350
859 601
958 525
885 471
196 430
88 944
264 741
339 790
960 478
990 871
748 32
295 642
170 417
481 163
769 725
713 346
27 304
230 758
363 82
822 203
76 699
452 558
465 847
825 948
835 906
849 96
807 649
496 207
713 500
143 395
182 737
568 676
980 766
648 940
398 888
856 373
628 224
298 86
588 391
518 60
616 233
863 291
129 486
393 786
988 472
584 579
184 207
934 98
638 306
10 957
217 590
103 755
865 590
606 369
867 432
632 967
970 828
139 599
991 766
761 921
821 506
145 357
480 532
748 996
781 771
720 747
777 243
253 152
797 321
995 632
183 467
93 254
41 666
729 757
269 151
242 419
422 652
445 58
434 486
301 252
697 745
20 861
499 839
754 888
236 658
506 497
465 696
397 44
756 851
532 810
772 686
469 501
618 814
130 642
302 367
750 713
199 863
895 481
65 472
627 63
172 992
23 424
108 453
708 148
321 37
605 266
365 965
113 420
72 786
788 955
752 50
171 675
617 553
300 384
371 848
1 864
786 528
897 223
99 282
146 308
993 229
678 540
46 366
137 276
49 732
283 916
391 596
544 426
971 937
615 383
634 458
435 776
598 87
29 548
653 316
94 147
262 197
999 344
80 587
227 362
309 549
681 753
517 629
657 619
13 983
208 591
78 913
316 189
372 479
889 722
779 890
474 275
519 622
802 590
710 420
772 955
726 615
730 761
426 515
560 908
480 789
505 589
66 13
877 887
938 854
357 435
646 811
297 299
494 951
65 195
374 7
736 220
946 702
739 797
719 179
401 618
1 261
206 773
530 295
45 899
213 54
838 98
329 459
164 665
787 871
671 130
986 1000
743 539
770 331
174 146
941 524
338 565
343 548
448 188
295 982
249 378
133 472
288 805
163 589
873 209
379 415
107 89
732 863
987 804
24 272
976 241
766 77
530 794
936 516
645 312
168 116
252 805
451 148
744 604
109 314
583 499
194 768
155 444
834 342
824 607
668 368
136 186
788 951
454 74
181 375
14 691
844 91
308 650
939 750
604 874
280 945
487 13
192 322
239 822
326 171
883 910
256 149
604 311
888 714
181 169
145 14
644 929
559 204
641 959
283 626
381 663
826 895
244 539
55 226
706 324
656 460
653 805
157 696
378 399
698 581
750 390
1000 309
556 337
282 474
563 254
728 450
104 589
967 389
717 225
265 493
143 168
751 235
282 870
79 559
311 703
175 129
440 688
978 386
655 382
33 591
72 620
768 442
253 681
662 942
117 921
531 760
831 414
825 370
432 18
844 557
634 679
806 751
672 978
573 728
642 556
681 248
57 502
682 809
83 907
833 800
9 635
142 20
397 560
166 515
628 525
517 801
937 881
661 466
404 901
290 654
947 583
436 566
456 281
543 411
795 866
864 572
168 611
726 411
962 842
71 650
635 884
393 59
637 659
81 821
79 386
902 353
972 113
340 529
100 344
778 765
877 210
50 614
141 630
357 219
241 598
191 507
416 929
881 919
182 430
620 712
881 574
372 240
91 212
749 556
744 965
847 155
851 696
172 89
502 142
264 487
536 553
292 814
23 129
154 405
984 658
59 246
42 950
188 595
765 162
129 785
658 149
384 251
340 906
135 115
538 84
745 901
840 191
623 29
699 169
583 16
485 204
578 628
905 679
436 345
568 859
550 524
918 157
550 848
332 94
746 165
814 62
473 732
456 156
584 764
684 977
485 112
256 431
563 127
251 25
966 845
635 256
846 593
792 619
423 621
554 649
124 554
2 355
694 391
454 333
716 640
593 310
339 363
56 365
807 661
781 540
490 40
360 354
556 697
327 744
55 961
890 574
334 289
428 695
700 474
833 292
369 896
844 527
871 427
614 417
934 570
387 539
225 245
407 659
367 569
398 365
36 799
370 674
455 415
903 380
246 460
475 878
500 504
264 541
91 863
324 891
384 314
958 274
403 977
237 671
349 187
585 890
725 922
634 303
576 420
259 804
409 517
525 132
630 144
593 975
3 170
54 764
883 441
283 233
757 453
765 942
121 284
501 82
666 62
121 749
450 784
4 823
95 534
374 8
924 577
612 890
40 268
803 420
963 732
931 465
268 738
98 94
17 26
9 541
979 364
680 250
78 417
957 501
241 353
186 51
289 524
985 313
956 519
768 468
414 926
203 355
470 935
61 505
7 88
803 705
476 135
959 735
523 875
40 529
106 616
650 949
12 294
198 890
92 50
677 746
66 915
602 90
332 374
974 813
776 848
494 439
719 695
403 689
265 669
290 685
816 48
563 479
674 29
539 122
293 587
253 657
28 429
52 612
159 888
373 697
796 545
841 410
781 410
467 333
228 675
895 593
893 974
267 195
724 81
30 109
378 840
36 516
115 756
408 22
712 876
491 56
417 575
571 415
159 322
336 19
508 547
684 735
998 64
695 259
257 39
704 285
279 555
21 1
370 549
462 285
369 304
872 401
799 643
775 491
952 402
112 369
839 389
892 605
912 670
484 113
489 25
637 742
183 356
662 690
166 960
667 615
989 886
850 49
407 954
170 180
709 365
202 397
205 462
482 731
771 580
272 464
573 335
777 906
21 740
734 435
972 997
409 695
907 829
429 928
44 594
743 425
363 200
105 601
310 221
792 153
647 628
727 615
935 290
854 767
385 432
12 746
533 880
496 124
156 64
758 503
38 864
909 20
745 783
445 217
53 395
704 618
796 263
637 317
896 341
442 648
564 377
119 865
661 8
628 542
723 706
358 926
881 730
836 461
450 462
276 24
879 432
727 757
808 427
812 262
396 537
565 842
783 54
640 981
171 666
342 531
834 485
353 558
83 898
262 544
125 809
361 346
904 170
882 923
209 309
609 886
802 334
943 95
475 509
612 267
588 569
116 211
552 246
755 36
288 834
603 338
897 627
132 639
818 600
139 699
17 238
907 564
458 993
737 317
683 357
815 3
596 384
780 865
5 967
985 203
857 146
304 438
596 97
186 70
306 942
297 915
817 216
177 909
680 693
441 586
79 105
889 473
629 250
329 85
539 95
356 819
549 843
947 475
957 582
627 582
626 352
529 400
667 111
845 199
702 930
110 751
67 286
659 881
854 523
163 190
979 543
377 889
587 681
715 860
201 702
376 611
403 507
900 44
118 500
492 60
956 487
69 132
907 271
774 169
162 307
905 701
689 561
566 894
8 408
296 717
913 830
444 546
336 380
338 859
654 456
688 563
911 872
595 617
668 1
324 148
457 669
454 602
499 759
796 692
362 424
816 511
673 332
506 519
767 576
810 649
775 542
791 610
967 421
233 788
520 723
127 920
266 179
273 269
152 656
134 414
859 733
392 714
52 510
56 176
870 62
816 201
67 230
957 514
252 216
70 534
128 698
773 870
608 167
913 631
551 7
45 813
344 747
8 432
640 609
131 442
798 307
782 150
1000
832 69
192 913
390 424
413 281
449 593
106 460
566 249
362 175
344 60
80 713
253 824
138 425
867 489
38 929
540 688
459 547
844 58
423 190
565 90
516 631
665 792
110 974
286 552
677 5
487 697
134 935
820 666
566 63
964 984
404 116
712 999
876 507
794 446
879 946
589 165
440 531
574 906
865 546
814 752
221 899
792 872
389 205
179 234
623 130
211 762
112 766
655 226
717 477
345 189
737 800
966 520
293 966
532 455
230 19
473 2
760 610
629 628
825 995
322 140
545 962
742 72
381 249
579 82
451 335
785 76
236 744
750 298
650 616
145 253
30 464
265 537
810 314
942 500
693 787
432 674
116 206
683 585
53 672
303 52
915 259
654 383
58 369
782 767
986 561
921 611
173 788
29 674
103 881
450 638
541 232
754 593
455 109
250 40
930 827
536 519
848 524
852 449
478 26
594 340
715 722
366 525
980 411
882 151
148 260
146 390
605 983
556 858
18 284
862 424
511 614
178 204
685 961
395 863
921 143
889 25
383 941
719 156
301 805
36 286
359 553
711 660
464 528
652 494
854 409
485 167
293 934
770 506
817 629
88 319
180 376
481 948
689 308
258 537
254 193
295 758
752 738
925 401
731 743
157 172
743 928
815 155
905 402
400 152
533 659
297 170
633 964
471 883
318 186
797 166
952 67
313 748
935 92
914 411
119 171
588 476
15 612
946 42
484 384
501 877
176 177
616 22
48 971
911 302
61 835
701 804
988 95
640 551
410 859
122 525
962 517
819 756
493 381
588 337
278 310
300 428
564 397
684 560
849 814
146 66
874 819
471 466
644 261
364 601
913 812
277 671
308 699
534 676
443 129
417 635
910 467
442 301
711 843
399 937
904 803
218 855
244 405
854 14
634 43
280 983
451 799
312 271
221 255
261 690
332 544
875 242
458 939
595 740
747 901
626 263
613 708
578 536
163 98
346 687
200 316
699 391
294 716
362 530
444 168
642 746
661 571
215 786
412 64
617 667
622 127
915 850
20 134
193 958
994 598
128 572
860 279
198 531
114 828
26 602
600 720
664 185
76 324
573 131
371 775
326 483
439 903
985 182
441 373
123 823
931 567
576 96
610 386
392 318
56 343
329 428
621 420
548 45
252 839
798 506
264 231
303 219
526 329
594 377
774 32
868 140
608 269
948 375
135 559
120 533
897 336
856 265
244 309
167 979
781 52
574 947
206 884
11 382
886 251
718 985
812 136
331 547
282 831
997 338
840 700
290 387
764 649
723 420
925 685
203 625
360 695
372 66
698 980
813 250
798 602
39 67
363 508
132 144
898 789
949 856
125 305
662 501
213 5
583 188
760 197
30 795
405 668
55 330
618 375
721 851
737 781
907 554
682 81
808 562
348 419
292 734
414 731
339 990
659 217
639 174
312 987
523 323
824 650
238 585
599 264
233 54
463 435
93 33
906 213
799 124
726 908
29 287
104 245
543 366
829 848
413 178
452 90
596 624
520 211
225 379
778 563
992 474
3 811
478 597
779 24
822 342
750 208
521 516
666 144
166 514
419 717
94 180
23 942
338 626
336 816
768 497
156 871
570 371
643 313
784 191
320 826
135 352
955 68
320 240
763 901
637 745
1000 272
2 435
461 360
530 123
415 494
933 851
49 688
847 99
912 746
782 844
638 917
568 637
276 78
1000 13
647 343
648 437
557 269
306 509
730 902
791 694
714 388
757 246
739 958
176 183
40 163
679 636
918 838
445 514
288 118
518 974
164 310
393 447
984 504
319 353
995 70
769 741
886 801
398 670
846 486
502 161
476 157
426 725
606 296
267 700
828 640
837 219
349 235
197 214
677 31
436 862
39 818
223 12
480 732
945 91
238 804
485 84
48 682
724 807
507 227
969 864
887 505
158 952
908 69
988 408
619 582
218 893
465 220
535 729
754 113
44 839
982 929
532 334
590 86
849 955
154 168
591 885
258 660
736 402
845 881
923 896
154 376
553 512
457 776
207 345
689 364
896 143
735 870
388 268
773 870
139 422
998 236
124 498
811 302
603 694
84 475
137 266
550 1
71 627
510 279
918 732
499 285
801 136
989 725
493 214
993 14
773 577
399 846
41 468
836 171
222 372
202 430
821 37
122 939
684 159
894 628
200 145
976 379
526 89
307 241
836 248
321 821
4 933
454 447
19 68
91 527
479 693
765 770
462 763
859 56
280 830
18 275
657 719
50 79
706 917
766 615
658 161
59 101
403 147
720 965
60 339
21 27
832 765
581 162
809 195
734 552
62 778
535 932
177 686
292 503
987 185
384 457
374 486
498 452
815 108
991 841
456 266
209 315
584 680
790 330
75 278
542 910
951 117
492 153
3 418
359 492
641 404
675 241
795 389
73 62
151 169
491 888
950 395
246 683
417 108
323 632
203 79
225 658
803 600
977 77
273 944
960 545
333 852
448 365
661 631
919 141
981 416
230 568
513 977
454 427
119 869
837 853
290 672
110 118
201 777
596 421
944 357
324 517
164 481
899 586
472 162
800 42
7 209
805 414
473 653
963 582
873 436
442 97
696 820
583 818
975 656
397 165
305 751
446 642
999 243
705 621
224 17
510 874
784 865
212 368
133 831
748 549
872 247
667 347
406 802
475 651
633 274
311 46
65 210
477 240
997 100
735 669
239 698
327 81
619 172
954 843
607 469
34 768
289 406
482 970
755 152
796 24
617 871
491 126
817 808
380 707
6 407
947 780
662 331
283 993
954 922
625 604
51 257
916 611
764 251
196 256
374 900
555 422
924 463
905 834
620 793
488 401
789 878
920 47
890 570
780 16
186 192
904 99
288 142
996 93
74 722
282 953
430 775
20 713
723 356
562 868
842 959
911 502
860 618
786 932
779 926
569 431
158 470
909 351
806 957
51 89
222 641
9 751
262 257
914 761
311 926
57 866
490 992
450 32
892 927
759 437
643 315
448 830
706 632
648 356
407 907
103 981
894 385
183 101
441 591
920 82
884 756
888 606
78 462
111 560
482 391
592 355
673 445
675 396
121 470
4 11
115 829
909 892
17 207
202 976
518 127
644 678
73 107
342 878
867 196
184 796
132 460
842 956
580 461
129 554
490 210
283 834
317 767
655 97
306 229
551 270
555 87
740 550
855 679
949 716
807 148
429 467
654 772
87 83
833 891
728 576
274 895
111 847
590 65
8 444
458 912
126 239
380 774
347 705
787 670
299 603
28 150
857 916
130 900
975 970
72 741
508 22
187 495
262 121
613 695
426 810
453 936
586 690
382 36
652 421
438 63
882 607
495 361
212 100
783 876
341 173
368 227
978 646
296 237
106 217
85 724
739 549
943 704
771 838
665 965
707 294
234 563
195 255
429 216
434 709
833 369
889 333
114 27
709 228
708 112
973 513
924 352
730 704
622 326
228 777
523 120
365 300
316 53
649 941
418 538
721 691
877 94
998 242
8 936
733 427
28 785
816 651
416 522
237 522
188 967
150 37
990 198
259 681
373 277
370 50
727 515
181 287
738 589
41 341
575 23
289 893
105 564
440 64
863 512
982 299
668 378
92 647
54 85
394 70
898 489
726 950
656 367
850 972
938 771
701 715
31 327
322 791
496 895
736 1
584 813
199 232
80 459
272 433
937 215
897 664
159 636
184 377
544 692
609 438
875 680
978 957
556 456
34 199
996 809
335 332
702 934
392 233
170 744
189 46
499 880
853 160
115 61
923 256
630 653
71 890
953 149
931 285
363 497
35 827
131 776
788 263
529 557
873 620
753 548
727 175
671 989
969 524
273 409
77 615
191 267
943 587
254 755
968 598
634 75
539 325
488 561
128 109
403 880
539 733
541 580
105 16
630 866
25 887
190 951
271 98
231 86
179 840
349 354
44 423
961 248
291 49
229 681
297 749
367 967
353 546
351 284
6 861
95 55
825 601
88 243
224 432
627 841
307 571
10 639
919 885
575 797
309 669
835 358
281 398
858 579
321 295
408 973
972 260
891 291
519 314
845 959
986 487
879 687
527 479
276 783
663 38
348 181
903 350
138 573
729 205
469 346
623 646
692 483
223 220
268 749
431 823
558 465
83 385
714 133
572 577
757 542
102 624
883 578
147 358
696 745
361 355
400 194
344 806
511 635
902 393
21 328
645 125
861 104
317 928
10 169
587 614
194 558
337 74
945 718
710 298
396 940
304 216
45 425
559 139
762 503
370 543
226 793
149 790
802 245
599 439
761 710
703 515
334 340
753 540
443 960
712 597
386 252
472 328
994 663
979 59
142 826
12 496
922 47
528 697
96 468
474 35
357 676
529 137
57 521
43 13
686 208
968 500
592 201
956 595
304 857
742 378
869 275
794 822
433 703
673 102
270 759
657 509
971 113
927 9
581 605
387 645
728 505
569 33
567 504
434 678
410 612
325 608
484 691
107 864
702 247
534 354
466 453
991 187
769 758
174 480
412 938
15 747
609 7
350 155
394 141
963 117
772 940
235 204
538 930
604 415
160 153
