2
1000
825 530
300 370
120 916
811 316
793 609
455 3
158 218
742 402
229 718
569 22
223 956
153 718
697 97
594 48
891 300
506 853
917 539
8 109
842 393
184 97
93 63
409 107
223 532
277 455
158 223
690 318
455 13
443 411
470 8
8 749
120 210
628 223
398 158
499 355
760 685
583 8
499 192
793 653
363 795
63 660
418 409
44 463
318 133
570 926
709 22
132 246
571 377
666 377
530 712
578 530
947 97
760 703
318 924
704 742
222 832
786 223
158 829
158 194
300 9
213 917
772 42
338 409
742 909
409 816
530 479
476 48
742 828
917 336
926 46
48 21
555 377
393 401
158 66
5 101
8 82
97 858
459 42
5 201
445 63
436 318
499 324
530 270
811 251
874 463
443 590
195 443
917 545
764 120
811 250
760 369
63 152
325 742
54 48
853 835
870 742
31 455
509 120
718 819
718 136
97 962
164 443
140 793
409 196
5 429
923 530
477 363
114 318
97 525
175 223
22 729
463 495
718 296
377 997
926 383
499 344
67 290
564 499
676 63
41 793
530 423
223 673
35 499
393 360
220 22
530 887
969 120
290 390
409 562
530 302
312 97
409 875
601 793
188 22
507 463
235 901
381 300
681 8
662 443
363 933
120 919
996 22
318 361
342 443
853 91
972 5
132 177
86 377
351 22
290 754
393 145
300 48
226 363
97 137
530 804
223 518
760 854
455 306
354 742
454 97
377 198
902 222
869 363
494 363
443 420
363 736
200 718
409 635
63 329
718 667
97 605
901 120
97 515
48 11
304 463
34 463
687 8
51 8
499 42
27 223
222 53
608 760
157 42
917 313
811 227
48 392
650 742
672 22
222 363
901 752
214 222
97 452
443 72
463 216
863 811
942 853
434 463
132 794
721 811
254 393
356 530
288 318
22 143
5 498
620 742
85 901
926 353
530 797
565 5
377 546
647 8
139 917
853 186
22 840
242 530
48 768
22 999
739 926
995 901
132 58
595 318
309 409
209 811
637 158
377 614
363 705
158 572
911 22
811 225
318 862
501 926
318 81
800 463
901 683
748 300
811 701
670 120
364 409
799 300
760 779
811 1
22 397
260 48
300 883
742 162
222 966
793 889
377 6
300 508
542 300
731 22
290 453
42 940
926 169
363 297
744 760
5 18
530 463
444 443
256 8
331 120
760 516
257 455
742 717
393 716
580 63
80 318
42 831
761 793
791 5
541 742
455 78
499 894
8 945
979 718
185 300
105 530
448 463
625 853
901 146
901 230
45 290
8 368
656 318
725 300
60 853
953 42
217 300
760 644
531 63
948 377
187 223
622 760
499 775
708 742
566 223
269 853
455 503
300 261
686 455
742 375
943 530
455 112
853 603
132 718
638 463
959 223
409 37
25 63
853 617
264 132
917 239
5 814
343 530
936 97
455 372
621 363
604 926
839 901
363 957
63 833
363 631
305 393
505 901
888 132
615 120
741 5
821 158
5 326
901 71
901 172
290 886
42 850
158 762
377 87
702 158
63 824
394 22
300 496
700 97
871 811
380 22
52 8
530 399
97 174
333 5
97 128
415 158
980 742
400 223
806 811
5 231
5 557
714 917
665 793
106 363
457 443
751 42
63 443
321 42
120 707
8 403
846 530
48 905
549 926
379 463
950 48
489 742
926 19
191 132
793 986
393 319
22 745
422 158
197 377
853 203
132 611
158 62
8 598
760 861
742 918
55 530
22 742
5 290
293 463
243 318
224 300
521 300
42 32
960 132
223 295
116 443
409 510
726 158
334 222
211 120
222 651
903 393
926 524
265 290
290 33
416 63
5 627
332 63
499 155
488 917
760 646
853 207
793 492
8 464
695 318
742 357
811 389
534 120
901 827
300 974
127 443
290 989
42 150
926 350
818 158
713 300
963 853
504 926
718 895
926 815
120 588
120 733
845 158
48 868
853 946
589 463
5 393
22 993
917 511
290 680
315 158
926 654
373 363
675 853
95 409
500 363
48 437
393 236
720 793
222 949
409 90
642 120
769 393
132 29
223 433
581 377
770 300
17 22
158 849
42 287
750 42
42 812
917 366
730 499
760 363
290 487
630 463
579 443
456 120
872 393
294 48
97 70
377 880
760 345
655 363
223 890
696 223
97 148
42 12
290 395
135 917
449 853
926 241
860 853
5 813
393 478
435 742
43 318
5 767
529 377
274 120
463 841
853 624
108 48
715 5
24 811
559 718
793 584
97 793
120 252
428 132
385 120
926 585
363 367
258 158
793 349
678 455
253 742
409 279
409 376
268 499
377 68
22 467
63 910
867 290
742 221
582 42
499 939
22 723
222 409
156 120
222 847
63 131
904 917
120 645
737 48
652 901
363 626
926 920
318 245
917 955
222 616
718 740
968 409
455 954
97 161
301 363
853 783
22 1000
8 931
691 158
802 917
455 975
782 132
259 290
96 377
443 688
756 463
409 848
455 985
159 742
742 42
853 987
38 377
879 42
138 42
926 928
499 244
42 83
63 952
291 22
926 607
803 463
463 728
455 552
926 442
917 134
363 314
89 132
393 671
290 548
409 69
901 592
142 223
63 961
917 475
77 811
377 773
300 856
677 22
727 48
793 982
393 461
558 793
613 853
790 793
718 851
299 455
499 465
8 365
124 463
915 742
48 855
958 290
5 523
223 536
407 760
742 837
600 300
978 63
718 2
606 499
520 223
382 926
300 711
237 742
759 97
760 734
612 926
8 190
307 48
663 811
639 120
538 760
120 176
158 64
393 777
853 527
59 5
499 983
926 276
499 522
519 530
884 8
917 88
466 760
497 42
926 272
8 830
567 455
468 222
377 233
455 447
84 363
742 480
158 472
377 809
300 39
63 788
811 853
901 337
922 22
544 853
469 8
706 443
530 689
262 290
551 811
810 290
318 208
223 165
853 798
732 530
63 75
409 328
722 300
63 528
793 330
417 290
796 455
50 926
906 377
120 865
499 28
222 100
300 98
199 901
5 56
63 853
530 787
926 178
409 166
222 266
8 144
377 275
290 718
586 120
765 443
455 318
173 97
317 811
102 811
455 396
699 853
455 763
908 530
792 760
970 793
499 724
921 530
147 377
432 22
901 99
440 718
932 742
576 132
300 491
408 300
462 158
853 482
290 282
917 758
130 363
514 5
742 323
901 352
938 718
669 917
885 463
247 223
48 446
48 587
929 42
409 193
718 573
292 853
8 648
927 42
63 822
757 742
278 443
63 907
901 900
5 284
965 926
463 533
463 485
222 991
223 914
120 463
753 5
575 377
63 992
393 634
22 530
917 913
119 22
599 853
760 387
290 378
47 718
132 414
303 97
393 805
530 776
118 393
443 125
290 79
42 450
290 593
463 61
42 547
222 784
563 63
362 97
574 793
977 363
774 917
22 864
577 223
781 120
917 132
206 926
158 4
463 636
857 63
844 42
668 222
530 310
917 7
97 917
694 222
463 205
917 785
826 363
499 110
290 535
410 22
300 807
640 158
120 632
917 238
483 811
530 556
917 512
42 984
42 657
8 766
377 202
377 8
104 760
255 393
393 898
793 424
341 811
474 158
117 363
463 836
409 285
455 158
132 168
853 543
20 760
40 120
937 158
419 393
16 300
48 502
443 760
300 793
132 629
63 183
22 160
591 393
42 560
92 530
273 97
473 793
219 443
22 249
318 358
718 526
42 23
455 388
463 94
63 698
63 271
318 374
393 926
811 901
223 641
223 897
421 290
289 926
458 718
659 393
232 42
36 8
300 486
63 347
377 49
760 65
481 222
280 718
228 42
121 718
490 318
755 917
817 901
97 286
789 290
719 5
463 998
811 981
26 97
377 746
901 661
48 318
893 377
281 48
5 881
499 967
170 499
499 554
290 431
742 743
455 327
693 132
151 120
5 189
463 391
735 409
926 513
896 455
283 290
610 290
643 22
111 363
363 664
409 619
747 22
718 180
348 377
901 163
793 899
853 692
561 22
912 811
917 451
8 990
63 925
318 73
311 760
409 550
404 300
300 267
427 63
718 10
853 149
463 971
335 455
76 793
129 443
438 120
684 120
57 443
120 597
371 42
223 123
988 499
778 926
530 934
48 15
455 941
42 623
471 222
359 48
439 97
346 530
994 793
463 320
530 838
22 386
154 22
377 596
793 964
852 223
412 63
97 944
976 853
215 917
222 405
882 811
425 811
8 801
132 234
718 876
463 308
8 873
181 48
8 126
935 223
718 878
901 430
409 460
441 901
318 930
132 74
171 63
530 808
843 377
499 877
48 493
393 413
212 300
718 859
455 167
300 866
97 618
633 742
141 158
339 917
377 223
113 48
682 455
30 48
22 537
679 443
223 602
182 499
363 820
179 760
834 393
771 463
517 853
409 780
718 710
951 363
103 742
223 892
240 463
649 222
674 499
340 917
760 823
290 122
553 853
115 455
204 132
120 298
409 484
290 426
973 48
263 393
658 409
248 42
738 393
926 499
742 406
322 223
318 14
568 917
384 223
158 540
1000
622 805
805 649
390 805
148 618
618 174
407 618
661 805
817 805
805 472
816 805
618 992
637 805
805 598
367 805
618 879
805 554
618 356
805 313
67 805
97 805
805 761
805 623
805 648
414 805
497 618
805 935
805 218
309 805
747 805
387 805
768 805
580 618
708 805
805 66
754 805
618 113
162 805
618 462
805 988
805 510
800 805
805 764
299 805
805 685
284 805
805 12
805 327
474 805
805 982
1 805
51 805
16 805
388 805
54 805
805 42
882 805
228 805
88 805
805 435
954 805
805 416
549 805
34 805
583 805
805 996
675 805
805 492
618 802
805 486
805 353
805 441
750 805
805 114
805 44
805 79
805 301
524 805
618 540
704 805
908 805
357 805
805 28
805 604
805 975
805 261
805 740
618 608
805 355
618 254
842 805
795 618
805 76
805 662
485 618
609 805
832 805
805 556
671 805
618 57
179 805
13 805
854 805
805 7
805 782
618 317
618 626
805 428
846 805
970 618
805 555
977 805
30 805
720 805
550 805
805 676
525 618
805 619
618 19
41 805
820 805
805 115
805 721
893 618
805 306
805 573
805 133
805 494
805 903
805 678
618 503
653 805
439 805
805 612
618 762
859 805
805 779
519 805
805 259
805 180
875 805
406 805
25 805
581 805
934 805
844 805
749 805
870 805
805 310
983 618
618 469
805 466
805 929
805 972
805 886
305 805
642 805
805 904
805 117
618 958
594 618
249 805
332 805
805 196
379 805
805 699
337 805
140 805
791 805
769 805
913 805
560 805
862 805
805 526
501 805
517 618
805 188
892 805
805 943
805 950
805 442
805 396
32 805
805 563
805 917
837 805
786 805
217 805
805 778
847 618
266 805
805 974
805 922
805 402
268 805
805 663
568 805
705 805
605 805
805 176
461 805
43 805
964 618
618 582
191 805
805 36
805 137
776 805
805 614
9 618
45 805
701 618
215 618
118 805
805 509
805 177
135 805
805 787
907 805
142 618
664 805
815 805
805 281
805 60
805 157
805 873
618 214
362 805
805 493
805 999
618 941
618 423
716 805
805 244
495 805
410 805
805 29
805 899
532 618
459 805
805 125
168 805
588 805
937 805
23 805
805 784
508 805
965 805
805 321
805 948
219 805
805 71
566 805
869 805
335 805
618 347
805 287
559 805
805 706
858 805
805 731
382 618
805 993
805 17
805 962
805 107
805 799
464 805
152 805
723 618
748 805
805 655
102 805
318 805
805 547
286 618
781 618
68 805
253 805
618 352
687 618
536 805
796 618
3 805
132 618
376 805
805 979
910 805
192 805
818 805
955 805
805 742
805 728
805 855
805 994
805 26
574 805
805 989
646 805
894 805
53 805
806 805
805 75
658 805
805 440
805 169
618 37
211 618
952 805
359 618
967 805
805 391
805 793
805 490
92 805
805 163
624 805
814 805
20 805
805 959
618 659
288 805
845 805
805 103
618 774
618 94
805 186
389 618
805 821
805 491
805 422
805 78
340 805
772 805
681 805
805 108
805 527
567 805
618 523
618 72
758 805
906 805
805 544
618 997
805 668
618 836
311 805
805 473
160 805
805 50
805 467
857 805
914 618
805 932
853 805
173 805
805 736
805 322
805 392
342 618
618 74
805 274
618 365
158 805
947 805
511 805
911 805
1000 805
930 805
141 805
805 82
805 891
717 805
233 805
805 732
208 805
312 805
805 834
883 805
805 154
805 564
618 679
618 81
719 805
618 542
805 682
765 805
822 805
805 849
805 760
805 773
805 315
805 718
805 415
695 618
805 865
805 418
278 805
711 805
805 224
805 370
52 805
805 969
552 805
805 593
541 805
618 128
805 405
617 618
805 465
805 496
73 805
805 302
770 805
242 805
909 618
830 805
805 692
458 805
530 805
805 320
805 995
515 805
805 488
805 735
698 805
24 805
498 618
805 600
618 715
434 805
805 289
805 417
805 195
507 805
805 810
805 630
341 618
343 805
454 805
339 805
805 500
345 805
680 805
805 198
960 805
618 576
161 805
805 499
900 805
264 618
805 324
805 262
303 805
143 805
805 751
805 126
805 827
87 805
203 805
805 697
811 805
805 690
616 805
98 805
618 670
438 805
987 805
105 805
805 451
805 267
971 805
805 518
33 805
205 805
247 805
480 805
64 805
371 805
805 245
805 252
283 805
805 255
805 276
805 578
292 805
273 618
443 805
80 618
835 805
809 618
741 618
805 861
805 543
805 181
351 618
775 618
512 805
805 537
677 805
805 165
805 116
823 805
876 805
805 933
888 805
420 805
104 805
11 618
805 505
805 589
805 294
805 584
805 633
613 805
905 805
700 805
618 919
296 805
551 805
361 805
172 618
316 805
562 805
209 805
696 618
805 520
805 149
805 346
805 514
889 805
408 805
805 709
109 805
805 477
805 733
805 432
984 805
348 805
293 805
805 724
164 805
805 978
489 805
805 703
522 805
618 712
476 805
805 813
805 265
221 805
805 331
805 15
167 805
805 829
618 513
618 223
654 618
880 805
569 618
790 805
419 805
981 805
533 805
805 61
131 805
805 531
805 277
805 395
557 805
627 805
618 482
258 805
805 942
923 805
570 805
618 990
805 364
230 805
194 805
743 805
618 200
455 805
338 805
421 618
805 848
805 577
805 298
777 618
805 202
618 47
240 805
805 945
85 805
805 229
805 212
151 805
65 805
730 805
805 647
963 805
475 618
618 130
805 206
618 384
349 805
805 377
366 805
805 326
805 270
805 123
805 232
805 856
788 618
323 805
805 193
805 620
18 805
805 684
805 279
805 896
805 640
597 805
280 805
805 734
618 980
4 805
805 56
872 805
805 90
805 839
805 545
805 70
8 805
226 805
850 618
805 611
481 805
618 487
939 618
805 86
433 805
878 805
231 805
805 752
586 805
805 413
683 805
805 767
618 403
618 84
171 805
805 722
805 650
393 805
618 127
805 744
457 618
516 805
58 805
925 805
812 805
558 805
920 805
805 618
805 386
805 660
805 628
805 220
618 150
805 610
805 139
805 329
805 124
805 184
805 236
400 805
797 618
805 639
565 805
805 824
828 618
805 39
373 805
665 805
615 618
805 607
805 528
424 805
96 805
237 805
210 805
833 805
448 805
404 618
101 805
805 902
805 344
805 319
618 535
725 805
59 618
618 156
805 225
561 805
805 867
702 805
625 805
805 884
89 618
426 618
805 383
805 713
634 805
95 805
446 805
645 805
83 805
973 805
805 956
918 805
618 136
618 737
618 138
805 860
575 805
183 805
290 805
106 805
805 921
759 618
55 805
805 693
638 805
618 112
805 374
618 753
69 805
805 241
166 805
763 805
618 394
887 805
546 805
2 805
111 805
804 805
805 585
843 618
48 805
805 745
877 805
22 805
766 805
805 235
915 618
430 618
805 121
805 641
805 603
805 263
783 805
618 336
805 953
805 325
826 805
444 805
539 618
618 596
260 618
805 689
587 805
805 238
449 618
805 602
805 590
77 618
333 618
805 710
189 618
411 618
606 805
805 688
334 805
572 805
431 805
957 805
805 803
805 694
851 805
470 805
805 110
397 805
801 618
35 805
838 805
686 805
170 805
450 805
618 871
618 222
931 618
618 924
360 805
805 453
502 618
504 805
272 618
805 399
805 204
10 618
805 363
805 372
727 805
805 159
618 478
644 618
805 300
805 840
805 666
656 618
707 805
805 885
805 808
122 618
805 755
805 792
805 794
938 805
928 805
538 805
805 673
295 805
852 805
805 190
890 805
868 805
805 841
805 182
901 805
548 805
805 757
805 479
571 805
805 864
966 805
986 805
789 805
251 805
27 805
805 129
805 147
881 805
805 651
91 805
805 691
805 380
652 805
805 863
798 805
874 618
805 897
985 805
437 805
805 898
201 618
912 805
805 456
120 805
618 436
275 805
805 21
805 354
618 738
805 643
6 805
805 256
618 483
805 460
271 805
227 618
805 153
308 805
674 805
358 805
805 951
805 949
297 805
506 618
618 269
282 805
805 429
213 805
805 175
895 618
805 185
961 618
31 805
144 805
248 805
618 756
805 398
618 38
739 805
591 618
805 425
447 805
805 368
246 805
805 866
805 427
714 805
657 805
409 805
805 369
805 381
672 805
579 805
968 618
805 946
187 618
534 618
805 636
805 285
805 936
618 592
807 805
805 134
618 746
805 40
618 304
595 805
631 618
553 805
119 618
243 805
926 618
445 618
328 805
314 805
100 805
771 618
991 618
805 378
618 146
805 412
805 819
805 940
805 93
805 452
729 805
805 350
805 780
155 805
805 976
805 63
831 805
385 618
199 805
99 618
62 805
49 805
632 805
805 46
805 529
257 805
944 805
468 805
805 234
805 667
521 618
618 629
601 805
14 805
805 726
805 599
805 178
805 927
916 805
621 805
239 805
5 805
307 618
250 805
825 805
375 805
197 805
618 785
484 618
805 669
145 805
635 805
998 805
805 216
463 618
291 805
805 207
471 805
805 401
805 330
