42
30
28 9
12 3
2 13
18 17
10 27
27 11
25 21
20 4
13 29
18 22
30 16
8 15
11 6
18 16
2 12
19 29
18 23
5 28
14 11
20 5
12 24
20 2
25 7
25 6
21 26
30 10
1 19
29 25
8 23
37
11 17
13 18
36 11
11 34
18 8
37 18
11 26
11 30
11 18
11 31
11 4
29 11
11 27
11 19
11 6
24 11
2 11
11 5
11 23
20 11
11 9
1 11
32 11
3 11
16 18
11 15
11 10
7 11
12 11
11 33
22 11
11 25
14 11
35 18
21 11
11 28
37
13 2
18 34
18 32
21 36
37 17
36 22
29 27
19 30
1 16
13 20
12 2
25 30
23 4
12 6
22 32
30 8
21 29
28 31
1 36
4 31
5 21
14 3
7 36
10 36
32 19
20 15
11 29
31 37
2 23
3 2
24 14
30 26
30 35
13 9
21 12
20 33
37
34 23
9 16
16 7
23 14
16 35
16 23
18 23
23 2
22 16
31 33
24 23
19 23
17 23
16 30
26 23
16 12
16 10
23 31
16 36
20 23
1 23
27 23
37 16
16 15
23 11
13 16
16 3
29 16
25 16
23 8
5 16
4 16
16 21
16 6
23 32
23 28
39
13 26
32 9
9 37
24 9
26 9
9 6
26 27
8 9
9 14
22 26
9 25
26 19
38 26
9 39
9 36
31 26
29 9
9 18
35 9
15 26
26 21
26 17
20 26
7 26
34 9
26 10
33 26
9 28
26 4
26 23
9 1
30 9
26 2
16 26
11 9
5 9
26 12
9 3
41
19 14
19 12
13 19
20 19
19 16
19 9
19 15
19 3
19 26
35 19
32 19
37 19
2 19
19 17
6 19
41 19
39 19
5 19
21 19
19 22
19 24
8 19
7 19
29 19
18 19
33 19
19 23
4 19
19 36
34 19
19 10
19 40
19 27
19 11
19 25
1 19
30 19
19 31
19 28
19 38
42
2 13
5 19
1 19
21 18
14 9
4 28
20 7
39 13
39 6
22 7
27 32
16 2
23 35
21 14
25 18
42 35
26 29
15 11
3 4
24 27
1 42
3 34
23 36
38 22
36 33
11 12
12 10
9 17
33 17
6 31
30 20
29 31
41 40
26 28
34 32
25 38
24 37
40 37
30 15
8 41
10 16
42
12 15
6 18
26 6
12 2
12 39
22 12
24 12
6 40
41 6
6 31
35 12
6 7
25 12
12 29
13 12
6 32
12 30
19 12
11 6
16 12
6 23
3 12
12 27
12 6
12 1
42 12
4 12
6 14
17 12
9 12
38 12
34 6
33 6
12 8
6 5
20 12
37 6
21 12
36 12
10 12
12 28
43
26 1
7 6
15 10
3 15
22 2
37 41
43 33
37 19
7 13
9 13
30 39
16 24
35 2
15 38
11 34
6 31
11 7
25 27
40 41
24 20
1 18
21 25
28 35
10 28
27 42
20 32
33 17
10 21
7 43
23 30
43 37
36 1
29 11
14 43
16 31
31 18
30 10
33 25
12 35
31 5
4 22
8 7
43
13 7
17 21
11 29
8 1
8 29
6 34
35 36
26 5
3 41
21 16
19 39
21 25
7 27
3 23
32 5
11 40
28 41
7 15
35 3
29 42
16 31
1 9
11 17
43 36
29 2
4 26
10 31
5 7
18 19
37 15
34 23
3 1
33 14
12 23
26 42
30 13
42 38
18 16
7 20
32 22
24 34
33 6
43
3 29
40 32
25 16
11 14
1 34
5 27
39 19
22 5
28 4
31 26
36 42
2 23
21 43
20 23
36 43
7 29
14 38
41 7
11 33
32 24
31 1
17 6
26 38
30 9
30 15
27 10
15 35
16 37
24 8
8 4
34 17
9 21
22 8
6 12
28 13
3 10
19 18
12 13
28 16
42 2
40 20
35 18
45
17 35
24 8
20 42
23 45
19 13
40 43
12 17
33 6
13 1
31 24
22 6
13 4
9 14
29 1
7 23
38 3
3 20
2 42
40 10
6 31
35 39
15 6
26 27
9 34
2 23
22 17
44 25
11 35
2 36
2 25
34 28
33 41
32 37
32 3
1 26
10 1
30 33
18 38
29 11
11 21
5 8
34 15
22 16
42 39
45
1 16
37 25
19 6
45 36
29 5
34 14
20 12
18 44
12 14
40 30
26 22
45 37
16 17
32 13
27 28
35 41
42 28
5 31
8 40
11 24
17 19
42 20
44 24
2 37
3 36
22 38
43 2
7 11
26 18
7 39
33 38
9 23
4 41
13 10
43 29
15 21
33 21
4 32
8 31
6 27
1 15
9 3
3 7
10 34
46
2 46
27 46
9 46
26 46
46 30
21 46
46 37
25 46
46 39
33 46
46 22
43 46
19 46
8 46
11 46
46 40
46 5
3 46
14 46
46 41
46 17
15 46
46 16
18 46
45 46
46 38
46 4
23 46
46 28
46 35
7 46
46 36
46 20
34 46
46 13
12 46
46 32
31 46
46 6
42 46
29 46
1 46
46 44
46 24
46 10
46
16 1
29 35
38 34
44 4
5 40
11 27
6 5
25 8
33 8
41 30
30 39
35 23
24 15
38 2
20 41
31 21
10 6
13 16
29 42
43 46
32 18
20 23
3 14
11 46
9 2
37 28
21 12
44 34
10 14
3 19
40 1
4 17
18 45
33 22
42 22
26 37
12 7
25 17
7 15
26 32
19 36
43 28
39 24
45 31
9 36
46
16 31
19 31
8 31
21 31
31 11
7 31
31 41
31 5
31 10
31 37
24 31
31 25
27 31
31 23
31 35
31 3
45 31
31 34
18 31
15 31
46 31
42 31
31 43
31 44
14 31
6 31
31 22
31 17
36 31
31 26
13 31
31 40
20 31
31 1
29 31
31 30
38 31
2 31
39 31
31 28
31 12
31 32
31 4
31 33
31 9
46
27 42
39 40
43 37
3 32
10 24
7 25
8 6
7 36
17 28
11 19
37 9
38 25
12 44
34 13
30 3
45 46
15 4
31 5
11 33
42 31
9 16
15 43
36 26
26 35
18 2
1 18
34 12
5 13
38 8
32 29
17 23
2 20
10 28
46 1
41 19
35 22
16 22
21 39
4 40
23 27
30 6
29 20
14 24
33 44
33 45
47
47 30
20 5
33 30
43 46
41 22
42 45
39 15
32 31
27 14
6 46
1 18
22 45
26 16
17 1
41 30
1 9
7 23
21 35
36 26
38 37
11 15
24 10
34 13
21 3
10 37
31 4
44 18
36 11
38 47
28 31
25 14
19 27
12 28
2 44
2 35
13 5
29 7
10 19
21 25
29 15
4 8
40 13
8 20
12 43
42 6
17 23
47
10 39
44 30
41 1
7 20
34 15
26 35
14 5
15 23
2 28
9 3
38 35
16 8
17 14
6 39
29 10
25 37
45 40
28 38
17 24
8 42
29 35
42 30
22 12
3 7
37 18
4 23
45 37
41 27
19 20
22 43
17 31
37 4
5 36
30 19
39 34
3 22
46 5
40 9
5 6
11 1
11 39
27 32
21 44
39 33
47 12
21 13
48
26 2
33 14
7 23
27 8
16 10
4 21
36 31
18 22
21 39
8 30
31 13
9 46
26 42
19 21
26 23
16 25
29 40
33 28
17 5
41 18
15 8
43 35
41 37
24 8
25 47
17 40
8 21
16 18
46 25
39 6
11 9
16 48
32 39
40 35
27 41
35 34
23 1
25 3
12 41
17 7
20 34
31 26
45 7
20 9
31 33
44 7
33 38
48
36 42
6 20
30 45
41 16
11 14
1 4
31 46
9 44
13 37
33 21
47 5
22 23
25 24
36 15
18 30
16 45
22 41
33 7
40 10
13 6
11 19
10 8
21 29
1 7
19 26
39 47
48 4
17 32
9 24
48 43
18 25
8 38
27 3
12 35
42 28
3 2
39 35
2 44
37 27
46 17
43 14
26 23
12 29
38 34
5 34
15 20
32 40
48
37 12
27 37
46 37
14 37
37 28
15 37
37 39
37 20
37 25
5 37
33 37
37 23
43 37
35 37
37 6
37 36
37 13
37 48
4 37
37 17
47 37
11 37
37 9
37 16
42 37
37 40
37 18
38 37
37 45
37 32
37 34
37 24
21 37
2 37
37 41
10 37
37 30
8 37
37 31
22 37
44 37
37 19
3 37
37 1
37 26
7 37
37 29
48
5 15
19 10
6 34
4 33
26 45
16 25
8 12
32 43
6 3
37 35
10 14
37 32
33 11
25 7
44 41
47 36
3 39
38 47
29 24
44 31
21 2
36 46
9 1
30 40
15 9
1 48
20 17
41 27
4 14
34 20
46 18
11 42
2 30
45 31
23 12
13 48
38 39
35 27
13 28
19 24
5 29
8 40
21 16
18 7
26 17
22 28
22 23
48
37 3
15 11
37 20
39 34
11 41
40 1
37 35
32 23
37 7
28 11
25 37
37 31
6 37
40 12
44 36
5 37
30 40
38 36
42 11
21 36
32 8
37 9
26 34
13 34
34 40
24 32
11 47
48 37
19 36
40 14
17 34
32 18
16 11
27 34
11 34
37 10
4 11
11 29
37 32
43 36
46 32
11 2
22 34
45 11
36 40
37 36
33 32
50
15 45
23 29
17 18
15 46
43 29
15 20
15 39
15 1
15 41
10 29
47 15
4 15
17 32
5 15
48 17
29 30
12 15
7 15
3 29
29 8
17 19
29 15
17 42
11 17
49 15
17 37
29 34
15 36
6 15
29 26
31 15
29 50
40 17
17 28
9 29
17 29
24 15
15 27
17 13
17 25
2 29
17 38
29 22
33 29
29 35
16 15
29 21
17 44
17 14
50
24 19
13 44
33 1
9 7
7 32
30 49
25 50
1 38
28 44
30 11
25 35
37 11
27 7
39 9
29 33
28 12
1 10
1 26
41 17
8 5
9 14
36 1
50 15
24 40
25 7
28 3
44 2
42 25
5 41
50 47
40 41
43 1
49 2
43 23
22 46
20 46
45 22
16 25
31 43
18 28
39 46
40 21
3 8
33 15
6 5
31 11
34 33
50 4
8 48
50
49 16
49 42
49 29
24 49
49 13
46 49
22 49
49 5
34 49
49 21
14 49
45 49
49 23
49 44
19 49
49 8
49 43
26 49
36 49
49 38
49 41
9 49
49 32
6 49
49 40
30 49
49 28
49 31
17 49
49 35
49 11
50 49
15 49
47 49
49 37
48 49
49 33
49 3
49 12
49 7
49 2
10 49
20 49
49 27
49 1
49 18
39 49
25 49
4 49
51
27 28
46 50
36 12
37 19
25 18
6 34
16 41
49 44
5 15
7 14
18 38
5 32
22 29
1 28
30 22
16 24
31 1
30 49
35 9
42 3
17 26
4 2
12 45
7 27
9 39
48 40
37 32
15 10
6 35
51 34
10 14
17 23
48 31
8 47
46 8
41 21
45 19
50 43
20 33
2 11
33 38
13 11
36 13
20 21
44 24
42 40
23 4
3 39
26 43
47 29
51
4 15
46 45
8 46
43 2
38 31
9 20
37 44
51 47
51 50
47 42
3 43
21 15
7 16
6 33
24 17
13 18
38 15
39 8
50 25
15 18
43 51
35 7
37 12
10 23
36 12
36 14
23 11
7 1
4 12
28 41
5 38
21 26
33 27
49 15
19 5
21 9
24 13
28 32
41 23
40 34
23 30
16 28
16 34
34 51
43 33
40 29
30 36
2 48
25 22
46 41
51
36 41
5 30
40 20
30 35
36 32
1 37
38 40
10 6
18 1
10 8
39 40
47 36
11 21
6 16
10 48
43 21
28 24
33 1
15 1
26 21
34 10
2 30
31 49
40 12
4 36
10 23
44 41
31 22
30 31
1 10
42 1
21 24
31 19
41 7
10 3
17 41
6 31
21 45
50 31
25 40
14 46
24 46
27 41
9 1
29 30
1 46
40 30
30 51
13 36
36 40
51
23 28
44 14
36 20
5 45
26 8
30 31
42 48
47 12
34 19
11 9
46 40
50 27
4 21
16 32
35 42
12 28
23 5
22 11
48 2
3 19
22 17
46 50
51 6
4 29
10 33
34 2
33 18
14 15
27 7
41 40
32 24
43 1
17 16
39 21
1 24
39 10
18 9
41 3
25 43
29 35
37 15
38 49
30 45
38 13
13 7
51 47
44 36
49 8
37 26
20 31
51
50 14
27 23
27 45
27 21
10 50
27 46
50 30
1 27
50 34
43 50
51 27
50 3
11 50
50 33
4 27
37 50
28 27
50 49
50 35
50 27
40 27
17 27
50 22
27 48
27 29
25 27
27 7
50 5
38 50
50 19
44 50
27 12
16 50
8 50
50 42
6 50
50 26
50 20
2 50
50 36
41 50
27 31
50 13
50 9
27 15
50 47
50 18
32 50
50 39
24 50
51
15 40
45 29
11 36
30 23
49 37
22 27
28 2
46 15
37 42
32 27
48 43
18 48
17 32
51 9
14 24
24 38
47 50
17 37
12 36
37 5
24 39
40 6
7 20
2 16
24 17
33 38
8 15
34 23
19 44
12 26
20 50
50 23
6 3
6 9
30 28
40 1
44 38
11 10
31 7
41 29
1 4
18 35
16 24
35 45
19 25
38 21
9 33
38 12
40 13
29 20
52
20 33
2 20
38 24
52 24
11 20
30 20
35 20
43 20
16 20
20 31
21 20
19 24
24 20
20 48
44 20
24 49
17 20
13 20
51 20
20 26
1 24
20 22
20 7
23 20
20 18
24 47
10 20
20 32
39 24
27 20
29 20
34 24
20 15
20 40
20 9
24 8
20 4
46 20
25 20
45 20
42 24
37 20
24 28
20 14
3 20
6 20
41 20
20 5
36 20
50 20
12 20
52
43 39
4 20
4 47
39 1
50 28
10 39
4 32
28 31
39 19
4 6
12 39
27 28
15 28
4 42
4 52
28 22
39 51
30 4
29 28
39 41
3 28
28 9
28 38
18 28
7 28
8 39
40 4
4 35
4 37
4 33
28 23
4 39
4 45
39 17
28 2
13 28
28 44
4 49
4 25
28 5
21 28
28 36
4 16
26 28
4 11
4 28
28 48
4 24
46 28
34 4
14 39
53
31 47
27 40
7 10
18 9
44 40
28 1
10 4
14 34
38 4
27 2
6 39
45 30
21 47
35 10
26 42
21 23
3 51
25 14
46 2
39 16
3 29
24 6
20 22
52 48
45 28
48 30
43 15
46 36
14 42
28 17
11 22
8 41
41 27
21 39
45 46
51 38
37 25
51 40
49 25
19 18
53 42
13 2
34 52
33 27
43 42
22 32
29 18
34 11
42 31
12 8
21 5
50 17
54
43 40
36 1
21 5
46 38
14 31
40 8
32 37
47 54
11 2
11 37
51 54
12 23
52 5
53 9
30 47
10 53
25 49
54 11
25 13
48 44
11 20
4 18
1 7
29 23
7 46
1 19
26 40
27 36
41 7
33 2
41 37
16 22
17 22
48 26
1 50
1 18
40 14
45 17
24 45
34 52
7 26
9 24
14 6
29 9
51 35
49 32
15 40
43 39
35 42
11 28
15 24
52 12
32 3
55
38 49
51 53
13 21
26 23
25 9
28 51
32 27
24 40
35 43
8 39
5 44
2 10
53 18
26 36
19 49
20 23
41 42
40 4
30 48
24 19
37 2
16 22
45 27
10 6
25 13
34 7
29 39
32 22
11 31
15 26
15 48
12 47
44 21
31 17
1 12
41 50
3 36
14 1
45 35
16 14
50 47
11 54
7 28
18 33
33 43
52 37
55 6
17 34
29 20
8 52
38 55
5 42
3 9
46 4
56
34 50
47 34
34 33
41 34
23 34
31 34
34 21
8 34
34 22
5 34
35 34
34 30
25 34
34 44
42 34
16 34
48 34
34 1
34 46
34 24
11 34
27 34
15 34
34 39
34 18
34 4
34 51
43 34
52 34
40 34
55 34
34 45
6 34
34 14
34 32
34 3
12 34
49 34
17 34
34 19
34 36
34 20
34 56
10 34
13 34
34 29
53 34
34 37
34 9
34 26
34 28
34 54
34 38
34 7
2 34
58
46 1
15 13
12 32
51 31
44 20
30 14
56 14
21 25
48 11
3 17
47 30
28 52
29 8
18 9
57 44
43 2
16 34
7 34
26 22
58 33
18 38
12 41
4 2
5 19
11 46
6 54
45 28
15 53
24 35
6 9
24 49
23 27
1 19
20 21
40 42
22 2
33 55
41 13
39 16
4 31
45 43
29 17
10 53
49 27
47 10
37 52
57 56
54 58
39 36
22 49
48 38
50 32
37 36
23 40
51 8
55 25
3 50
61
8 5
23 8
6 8
8 2
8 12
8 10
44 8
18 8
55 8
38 8
8 36
8 33
9 8
8 19
8 57
53 8
50 8
29 8
8 47
8 14
8 56
26 8
8 16
8 58
25 8
8 60
8 22
8 4
8 49
35 8
30 8
8 43
8 3
8 20
24 8
59 8
13 8
8 37
8 32
8 48
8 46
28 8
40 8
17 8
8 39
31 8
8 1
8 41
51 8
8 34
11 8
45 8
52 8
42 8
7 8
27 8
8 21
15 8
8 54
61 8
61
13 52
5 52
43 10
30 15
7 32
2 59
56 55
31 42
12 26
28 25
12 3
32 52
2 57
11 23
20 15
41 13
30 35
17 47
27 20
25 2
58 53
34 42
45 23
50 48
14 6
22 6
46 33
43 48
47 44
45 42
49 13
20 47
7 61
52 51
20 19
18 29
51 1
1 24
57 44
45 59
29 50
36 17
16 10
32 37
16 46
24 19
58 22
25 4
8 58
9 21
33 9
38 60
53 57
60 18
22 54
39 5
32 10
56 11
40 22
3 61
