1
1000
157 919
619 786
354 241
874 335
896 849
186 951
779 269
611 749
154 330
748 319
279 240
100 936
22 989
861 811
152 236
248 95
463 611
823 232
644 251
548 386
152 555
35 146
368 470
447 479
121 10
699 835
255 769
899 323
604 651
650 942
382 698
845 662
729 530
843 195
429 700
967 998
380 430
40 959
92 868
324 28
205 840
504 997
805 477
657 702
289 948
368 34
577 363
2 643
68 959
277 424
450 839
692 423
46 57
236 728
889 325
621 185
972 849
192 690
697 587
964 570
13 161
343 995
401 47
139 309
110 448
890 464
578 366
924 53
373 590
709 233
750 90
806 206
576 103
61 696
245 625
5 884
922 188
286 186
715 196
663 912
926 940
512 993
57 412
646 494
520 366
155 598
538 568
487 929
229 1
492 199
979 104
945 637
545 327
36 830
645 876
319 387
636 484
270 516
467 862
355 525
953 94
670 224
151 697
515 376
581 984
302 935
132 662
339 921
356 153
175 765
195 174
922 676
761 647
332 999
743 988
468 399
958 878
830 973
932 574
739 653
562 759
902 630
559 56
844 133
204 43
770 32
339 377
816 613
549 78
500 23
83 723
457 848
147 297
64 469
179 539
307 970
491 946
187 242
490 249
673 451
474 456
7 914
471 308
215 630
718 910
705 695
160 27
610 484
542 574
211 232
166 907
344 285
608 137
82 413
962 446
808 692
556 546
329 570
187 383
648 392
785 807
781 993
433 311
813 923
503 129
929 838
16 868
373 498
689 25
848 475
605 190
381 760
483 594
302 234
491 713
41 442
34 797
593 564
562 975
569 985
792 879
621 438
578 917
150 908
517 814
390 499
502 882
645 244
89 711
434 742
811 177
149 506
600 142
404 465
838 706
342 7
101 127
223 974
375 259
380 313
596 501
363 298
691 312
242 269
561 176
183 462
745 508
937 528
9 439
360 698
337 656
118 471
949 675
10 869
792 771
193 86
628 754
451 102
686 976
543 498
66 31
631 925
820 334
731 148
801 140
370 982
123 414
732 510
575 809
761 353
214 288
712 682
523 409
291 902
72 68
684 134
923 893
723 84
835 88
760 181
349 954
716 15
311 601
201 534
529 503
421 777
445 408
527 863
524 566
18 693
86 557
724 419
374 107
854 747
473 58
988 714
660 443
121 960
233 388
54 266
24 617
292 643
173 456
986 509
267 519
626 431
20 257
428 741
585 446
758 63
533 506
449 624
548 74
911 345
674 535
318 966
138 137
916 255
595 3
933 658
764 411
485 917
355 420
766 252
469 888
286 426
584 454
713 414
472 640
19 674
834 199
520 543
767 776
746 404
227 507
789 408
130 412
612 264
171 810
790 961
306 455
176 400
616 320
918 67
272 119
113 435
694 264
571 968
238 979
950 325
213 340
208 280
931 12
136 933
505 192
263 711
239 263
958 144
21 398
751 109
76 781
497 620
930 254
371 142
542 618
907 289
921 969
952 55
212 939
389 949
505 941
798 243
860 153
963 818
560 258
955 514
287 389
608 942
999 331
944 416
313 730
480 11
756 670
641 832
116 70
352 956
346 961
251 170
940 322
165 488
554 410
763 326
527 660
189 573
509 836
882 870
106 749
364 787
452 191
344 747
317 1
857 992
98 207
163 547
602 752
197 226
755 212
825 384
619 900
48 69
401 618
804 916
816 133
623 162
865 531
430 296
74 307
686 920
202 193
943 486
863 529
390 476
672 708
160 649
909 696
278 967
37 267
890 795
51 771
84 60
537 871
237 400
127 181
703 495
609 798
449 745
789 134
322 182
191 341
987 146
235 314
927 973
952 717
30 846
627 802
171 589
178 739
694 597
140 977
507 219
726 425
102 654
981 591
49 271
647 184
632 877
655 566
22 466
24 572
546 681
705 254
908 292
634 228
738 33
851 791
222 983
536 147
407 338
533 878
764 590
136 833
671 718
19 164
333 839
671 547
822 690
110 532
857 793
132 40
820 978
117 324
495 552
114 687
447 807
586 803
109 753
784 563
836 569
246 268
379 985
793 880
411 518
259 588
946 247
460 633
131 180
769 486
561 490
669 701
118 950
287 323
892 482
642 374
606 707
901 661
918 895
500 852
72 356
720 623
879 790
494 980
481 553
290 124
742 2
560 112
844 886
665 856
96 277
672 45
349 775
288 635
871 559
295 357
59 910
115 365
83 11
939 617
809 850
303 122
666 512
514 565
658 211
436 727
420 164
654 636
265 831
607 620
67 391
819 149
91 702
914 592
440 652
572 238
904 720
827 33
123 378
552 241
762 995
891 539
847 31
757 361
851 613
405 138
567 419
365 151
894 439
511 173
462 489
280 872
387 614
864 815
77 18
52 482
987 673
661 644
198 158
80 846
870 44
12 862
201 261
310 822
305 453
397 41
43 369
158 384
180 42
114 207
117 59
6 479
124 29
428 677
260 695
229 799
991 284
14 873
300 567
875 337
706 317
545 780
169 679
172 216
45 579
70 257
650 580
231 884
815 97
729 996
415 821
73 4
352 719
774 90
825 895
913 930
635 869
465 336
115 880
204 440
721 649
371 887
300 148
602 881
185 850
343 16
616 763
488 432
709 981
54 978
252 95
780 321
208 92
437 853
886 396
227 797
105 299
358 497
510 800
249 422
778 220
188 852
784 779
898 477
111 427
682 218
656 21
143 783
53 198
367 335
678 735
75 526
98 680
659 202
342 386
710 250
97 320
243 166
304 347
580 4
801 688
607 778
369 653
583 476
463 538
38 841
61 478
730 409
935 145
622 196
773 161
584 52
963 631
828 721
126 767
218 126
522 996
17 782
675 727
433 260
969 833
159 36
743 441
516 541
687 237
379 891
736 364
310 875
217 392
906 175
826 717
858 361
663 984
455 803
406 937
422 156
285 957
992 480
667 71
756 639
753 340
680 111
853 276
48 65
665 80
843 402
397 9
785 350
178 250
657 734
746 824
496 155
683 79
573 704
76 334
948 894
125 557
817 977
651 970
270 858
693 445
461 587
316 159
814 29
783 808
395 757
551 684
329 65
346 899
859 837
934 410
458 429
726 221
200 638
221 865
135 787
700 431
63 466
938 297
240 435
194 301
575 442
248 219
864 676
829 231
347 189
82 920
56 521
817 951
827 382
859 271
489 294
885 309
856 831
223 357
556 758
919 129
99 50
112 5
989 174
165 544
892 804
350 499
69 73
866 531
854 443
432 8
333 298
13 247
997 905
351 60
829 225
737 391
468 541
23 281
425 416
813 666
274 703
330 725
367 496
372 555
800 47
622 802
197 40
318 359
583 378
388 119
679 994
128 927
954 966
93 609
220 544
167 812
722 262
245 275
200 624
968 156
478 786
905 532
678 35
667 842
683 493
855 592
88 228
418 699
293 464
492 828
394 504
32 71
107 481
81 405
689 305
628 493
20 113
100 460
457 796
385 372
847 421
564 965
904 316
39 377
826 183
274 794
157 883
438 589
308 909
774 773
983 336
62 912
873 733
646 866
295 664
441 217
971 722
867 8
550 980
710 312
928 224
393 530
911 273
331 85
315 169
513 990
26 258
203 791
633 582
314 210
737 898
576 600
664 125
964 962
213 205
515 755
615 558
315 139
599 597
348 759
376 735
991 536
215 6
474 282
641 473
604 595
108 668
395 407
588 62
740 177
776 38
348 403
976 461
290 818
383 615
896 452
731 25
27 599
629 244
253 855
262 943
972 528
915 652
840 795
26 669
701 568
362 470
291 768
44 627
832 154
957 194
413 517
932 941
85 17
938 265
272 306
519 612
955 872
889 925
459 805
30 582
235 535
708 990
417 655
370 732
209 93
668 887
768 103
94 837
550 736
751 75
168 934
716 1000
915 782
450 417
788 338
225 728
79 577
625 296
841 51
104 796
794 513
579 122
502 487
28 359
426 190
145 96
42 511
418 960
596 437
91 947
594 715
603 230
81 629
266 37
876 677
725 719
381 688
327 648
734 226
766 945
458 526
99 375
524 77
883 131
239 453
799 89
971 900
170 897
275 554
50 261
328 744
926 551
903 824
403 15
982 283
637 585
444 399
163 358
553 283
861 182
877 141
614 762
806 354
777 423
810 66
558 738
518 326
860 537
14 750
406 351
744 253
591 314
472 101
821 360
144 299
485 565
549 427
276 834
332 184
209 975
508 639
601 301
867 108
284 928
483 362
707 143
540 46
606 279
424 353
571 282
120 141
162 788
924 230
402 522
206 321
724 626
246 341
634 897
116 823
303 168
396 49
214 638
754 398
459 936
203 87
603 64
772 733
58 748
105 741
256 475
881 234
906 901
179 598
775 304
944 467
3 172
659 222
913 120
874 581
525 150
216 106
167 740
772 293
278 281
415 394
842 273
1000 704
640 454
691 135
931 210
523 345
605 610
434 893
385 448
501 770
87 540
685 819
845 586
714 812
130 78
393 55
268 712
994 521
986 632
903 593
534 956
974 39
885 256
765 436
294 685
998 444
328 888
563 681
752 128
