33
48
3 38
21 44
47 35
28 4
19 38
27 29
3 46
8 39
17 42
30 24
34 40
26 9
4 16
43 31
15 29
19 25
45 7
14 48
1 14
32 20
46 36
24 37
18 36
6 12
20 45
30 42
22 12
16 32
43 44
37 40
23 22
10 41
31 35
2 17
18 1
21 27
23 2
8 34
9 39
15 11
13 7
25 6
41 11
26 10
48 28
33 13
47 5
50
48 13
4 43
34 32
7 35
23 16
18 12
50 22
47 10
39 31
38 29
3 36
8 3
37 40
29 44
21 42
18 49
28 15
19 4
17 39
25 15
37 38
5 20
9 8
23 45
22 14
9 25
31 30
2 14
20 41
5 46
17 34
32 33
13 10
50 6
40 24
2 43
27 47
35 48
11 21
36 42
49 26
46 30
27 45
26 28
41 44
19 1
6 12
33 11
24 7
50
43 33
29 46
34 14
3 28
36 44
28 4
49 48
22 26
8 42
24 47
20 40
46 33
36 34
42 30
37 1
16 41
10 17
24 50
6 18
32 44
25 20
27 31
39 10
47 12
39 1
27 30
45 8
40 9
15 37
26 49
38 2
13 19
4 9
25 48
6 50
2 13
21 15
22 5
23 18
11 17
45 3
12 41
5 11
35 19
7 43
14 7
38 16
21 29
23 31
51
27 12
29 42
37 22
50 19
31 51
20 40
37 50
30 39
41 21
27 10
9 35
2 14
6 38
2 34
46 18
15 9
39 19
26 13
1 36
13 30
25 31
47 4
1 7
21 48
24 49
43 44
5 33
46 14
45 29
41 23
26 4
24 28
11 45
17 36
47 5
35 3
18 38
48 10
44 15
17 49
12 32
20 16
40 3
22 8
28 8
16 42
32 11
7 51
43 34
6 25
52
30 51
23 12
11 50
47 4
42 30
40 41
9 37
20 48
5 49
31 25
3 29
16 42
10 33
43 44
21 19
22 13
31 34
52 23
7 2
48 11
47 15
4 35
39 36
37 16
12 27
40 8
17 38
18 14
15 22
9 41
28 34
33 25
28 8
26 24
1 45
39 18
51 21
20 36
38 29
32 52
44 24
3 50
32 19
17 7
26 46
5 35
6 27
13 1
14 10
49 43
6 45
52
30 16
13 28
7 21
17 48
12 31
10 26
19 42
43 45
2 46
28 11
6 26
41 35
43 44
51 14
18 22
31 11
27 50
32 4
37 20
13 51
52 49
36 45
42 10
25 52
7 34
3 5
5 30
14 38
19 1
36 3
38 16
40 37
27 39
20 17
24 35
41 8
25 29
47 40
33 4
9 49
22 50
24 6
1 32
21 46
18 34
44 15
2 12
15 47
33 29
48 23
39 8
52
30 3
14 52
27 20
9 31
5 24
20 49
5 34
44 12
24 22
28 11
33 7
2 33
4 46
18 41
6 19
25 1
17 11
37 18
48 41
16 39
8 23
45 42
49 36
23 32
50 17
48 1
32 52
47 4
27 10
25 29
12 42
30 39
46 15
7 40
16 45
29 13
44 35
28 15
43 47
26 13
21 40
38 2
19 43
50 37
8 38
31 10
6 21
35 51
22 3
26 51
14 36
53
3 34
3 4
41 53
14 20
39 43
18 48
28 42
30 50
18 10
47 33
46 39
2 34
27 23
44 1
53 12
1 32
50 28
16 49
40 36
35 11
9 29
52 51
35 14
7 38
16 6
37 7
40 8
43 48
45 26
4 29
46 25
30 8
5 52
12 44
9 15
6 13
27 5
24 10
31 37
17 31
41 51
21 19
32 11
22 19
49 38
15 20
45 2
13 26
36 23
17 21
24 33
25 22
54
44 20
23 33
34 38
22 28
34 26
26 12
27 12
11 19
52 33
48 47
41 45
46 39
16 17
49 1
28 29
46 7
52 36
13 40
14 31
42 29
4 35
15 53
9 3
24 47
10 35
25 38
1 19
8 15
5 54
30 41
8 44
53 50
24 18
31 6
51 5
50 6
7 43
9 25
42 18
11 21
10 37
54 32
2 13
20 45
4 40
22 16
30 21
39 32
36 43
14 37
48 3
51 27
2 17
54
53 43
32 34
10 4
30 9
45 47
22 5
51 29
3 52
13 50
38 54
28 41
48 1
33 35
46 24
40 49
49 38
36 28
27 7
20 42
32 20
3 31
35 54
21 22
14 7
18 17
41 37
2 15
26 46
26 17
39 44
30 45
8 1
10 9
12 16
6 15
47 25
16 43
33 24
18 2
21 29
4 19
14 48
23 50
52 19
36 42
23 39
53 37
44 6
40 5
51 12
11 13
31 8
27 34
55
52 1
35 28
27 44
17 20
51 48
34 16
54 29
8 45
14 50
37 10
9 12
33 49
24 55
2 48
39 21
31 18
19 42
22 41
47 51
45 53
47 32
40 44
15 30
23 26
20 18
6 12
37 38
34 49
29 52
46 54
3 13
16 53
31 8
25 4
9 14
19 2
17 32
30 4
5 25
24 6
23 11
43 46
41 55
43 11
10 35
13 26
21 7
28 33
39 22
36 40
15 42
36 7
50 38
3 5
57
45 5
51 56
22 47
48 40
43 32
31 1
55 14
36 52
39 33
8 24
3 57
18 26
52 42
41 3
34 28
48 2
29 1
50 27
38 55
33 53
43 20
34 37
23 50
41 38
7 6
35 10
13 51
21 18
6 36
32 45
14 47
16 17
9 24
15 28
22 8
4 27
49 44
25 53
12 30
42 13
16 54
12 26
23 2
9 25
11 46
15 56
54 40
19 49
21 31
37 57
11 4
20 29
7 19
35 17
44 46
39 30
57
29 44
16 10
2 24
29 52
48 39
9 18
46 2
1 24
32 17
4 13
37 33
56 11
31 41
5 6
11 12
19 8
33 27
54 35
13 28
50 36
3 47
25 45
26 49
7 55
44 48
20 34
19 51
17 53
38 30
40 53
32 26
27 40
18 56
15 4
45 52
31 15
14 35
23 6
23 46
57 54
51 12
41 22
1 14
9 55
43 10
43 47
7 57
5 20
28 34
38 49
21 42
8 25
37 42
50 22
16 36
39 21
60
15 57
12 35
57 60
48 45
7 49
50 13
3 25
50 30
56 24
9 59
16 10
42 3
33 53
30 52
29 46
46 47
17 59
8 37
40 47
44 1
51 41
60 53
34 42
31 43
49 19
27 20
44 14
2 11
23 15
9 39
25 38
5 54
58 32
1 4
20 2
32 39
24 36
54 26
14 38
21 37
56 34
22 23
33 16
10 36
6 48
5 55
55 19
45 27
51 12
31 29
28 17
52 28
6 18
58 7
13 4
21 18
35 43
40 22
41 11
61
41 28
1 43
30 13
45 37
5 36
39 19
40 35
17 12
36 3
16 31
29 23
11 5
24 8
53 59
21 42
32 54
52 14
22 21
32 25
44 59
1 41
17 51
61 27
51 18
16 22
14 29
9 2
7 24
50 46
28 56
30 26
37 57
35 39
20 53
3 33
54 42
8 49
55 58
4 18
12 9
15 50
7 2
26 6
55 15
48 60
43 38
58 4
31 11
57 6
45 56
13 44
10 25
49 61
27 47
38 52
10 34
23 60
33 20
48 19
47 40
61
10 59
49 4
12 36
48 18
21 51
49 45
23 25
24 5
10 15
59 5
57 27
46 26
31 32
39 55
38 33
61 30
13 35
44 34
44 42
19 26
58 25
20 9
41 40
37 51
28 16
13 43
33 29
8 43
1 37
47 17
60 58
34 56
28 3
56 6
24 4
16 54
11 45
20 1
31 46
14 52
29 9
23 12
40 47
41 7
60 19
22 2
39 11
36 3
55 61
54 15
57 52
35 17
32 53
27 8
38 50
7 21
50 22
2 48
14 53
18 6
62
20 2
9 32
17 19
23 1
56 30
16 6
43 40
31 10
50 18
34 32
58 59
2 38
49 21
52 60
25 57
25 44
45 54
35 42
31 59
30 47
17 6
45 44
16 35
5 61
37 7
33 20
48 39
11 24
3 15
37 11
12 13
62 5
12 19
14 26
55 51
24 42
3 18
4 22
39 58
8 54
13 56
50 1
36 48
22 62
27 8
23 46
46 41
36 53
28 10
33 51
7 57
9 60
29 27
21 26
34 40
14 43
55 41
38 53
52 28
29 15
49 4
62
49 20
11 36
6 52
57 8
37 38
26 42
48 31
58 29
28 3
39 13
6 57
44 4
45 14
54 62
25 55
58 28
55 15
54 29
7 31
27 10
40 52
4 2
23 30
26 43
42 39
7 45
1 30
21 12
8 53
47 43
50 56
59 5
60 61
60 32
32 35
3 16
17 23
34 22
20 36
40 1
14 11
16 49
41 50
59 9
10 33
25 48
2 53
27 46
62 41
38 19
15 17
18 46
5 34
24 22
35 47
44 19
21 33
24 18
56 51
13 37
51 9
63
17 54
35 23
38 46
5 25
56 40
22 18
8 18
42 48
41 42
23 2
32 53
4 37
40 49
11 55
22 11
14 10
63 56
51 17
1 62
53 49
36 61
43 24
5 20
32 59
10 30
8 60
41 44
37 39
28 59
52 20
9 31
58 14
39 19
27 48
6 34
34 58
46 9
36 24
54 50
61 30
21 15
62 25
50 15
44 57
60 35
52 7
16 51
33 45
1 57
47 28
12 43
21 13
7 3
19 2
3 47
55 13
6 29
12 26
38 4
63 26
29 31
33 16
63
14 46
57 21
42 17
44 53
34 2
12 37
8 56
32 1
27 53
54 26
20 25
21 28
41 39
40 31
40 13
46 36
18 58
52 2
43 31
63 22
3 7
16 25
7 13
5 48
24 41
22 60
1 60
35 34
56 27
11 51
52 24
61 55
49 62
19 30
62 29
14 33
33 11
23 54
37 63
50 61
59 19
17 9
55 49
10 6
15 29
10 26
45 30
47 20
43 6
16 4
8 32
50 36
4 28
45 42
57 5
3 59
39 18
23 48
44 47
58 15
38 12
9 35
63
33 48
49 5
54 14
3 8
45 58
51 2
34 52
28 40
47 21
10 34
30 15
62 63
18 44
33 4
28 62
11 54
23 53
16 41
35 42
36 32
15 26
40 17
23 9
27 57
22 16
10 13
43 56
58 60
56 49
61 41
24 47
1 6
12 29
42 50
7 38
31 17
37 26
25 14
32 61
53 50
29 2
22 44
36 20
59 45
19 55
25 8
11 57
39 20
9 27
31 51
18 38
52 24
37 59
55 43
21 7
12 35
6 48
1 13
19 39
30 46
60 63
3 4
64
54 20
21 13
11 55
45 35
1 22
12 3
42 62
34 63
29 44
45 61
36 40
59 38
6 57
5 20
41 15
16 60
30 56
46 10
17 14
48 44
39 23
34 27
56 64
64 37
25 26
58 50
33 28
10 53
49 46
57 38
37 24
7 15
25 4
8 52
55 30
63 53
42 54
22 6
32 7
62 9
24 4
39 50
58 27
61 31
11 23
49 5
32 28
12 35
19 2
60 48
36 43
43 13
51 31
29 52
18 16
47 17
18 3
41 47
51 26
2 1
33 9
21 14
19 8
64
44 54
55 56
36 58
42 24
15 50
38 31
54 60
12 46
41 45
62 29
39 53
48 4
37 47
1 2
31 18
63 22
9 49
34 6
5 61
38 4
17 50
19 42
59 28
7 23
40 20
14 11
9 33
2 24
35 62
3 30
60 45
16 5
21 34
25 10
30 48
63 55
33 47
12 20
56 8
49 41
52 18
51 16
43 8
22 23
27 32
53 25
64 35
44 17
14 39
19 29
64 6
36 7
13 57
32 59
46 61
57 43
11 15
52 40
10 3
26 28
13 1
26 51
27 21
65
7 30
63 31
31 15
2 43
22 65
33 53
28 12
33 16
47 37
30 9
12 42
52 63
26 37
51 35
59 56
53 14
19 3
58 34
47 52
45 24
29 46
50 21
13 5
64 17
41 4
27 44
61 48
64 18
59 51
34 22
25 10
5 23
11 38
32 6
26 19
16 8
55 38
41 11
15 8
23 6
56 62
1 60
13 1
17 25
27 58
50 40
43 20
2 39
49 14
48 40
10 45
4 9
57 39
21 60
62 44
32 54
18 61
3 7
57 49
42 46
55 65
24 20
36 28
36 54
65
24 31
12 3
5 59
61 19
56 65
7 1
5 44
8 41
29 61
36 28
52 15
39 28
1 14
48 35
49 46
64 62
33 59
37 63
4 16
55 54
42 17
27 22
31 23
36 13
43 20
38 7
65 26
58 34
57 21
49 20
63 2
10 13
53 26
44 64
32 30
25 16
56 41
54 47
45 47
55 4
38 53
35 32
11 27
9 15
6 62
60 11
9 18
17 51
6 45
24 30
8 2
50 14
51 21
39 58
60 23
43 40
37 46
12 50
48 34
29 18
10 19
42 40
22 25
3 52
65
38 20
9 4
26 14
51 53
55 24
47 39
3 13
55 3
53 25
41 58
61 14
44 2
23 40
23 32
56 51
9 22
62 43
47 33
57 38
49 45
15 30
61 6
15 59
41 17
4 11
10 30
20 21
16 29
34 12
24 52
43 1
63 11
35 17
5 10
50 49
64 6
8 48
7 65
60 37
37 64
39 28
31 29
34 58
35 18
33 65
2 36
5 57
60 12
19 44
42 54
31 50
7 42
59 52
28 19
62 46
27 13
40 46
54 45
1 25
8 21
22 48
63 32
26 36
56 16
66
45 57
15 14
4 34
41 26
19 50
23 53
59 61
10 2
32 56
62 27
55 26
54 34
60 15
47 43
10 33
41 25
46 24
48 39
13 44
1 17
57 47
6 3
1 21
43 58
11 16
28 42
49 64
48 36
22 66
51 63
58 28
8 38
33 40
45 24
8 61
11 20
36 4
31 59
30 35
18 16
5 23
65 6
37 19
7 44
7 39
9 17
2 27
55 51
66 56
18 13
35 50
60 65
62 3
40 5
9 46
37 12
22 63
49 12
20 64
25 42
14 54
30 38
21 52
52 31
29 53
66
64 46
19 60
20 24
35 66
4 28
51 31
38 5
59 10
37 40
51 61
13 20
44 36
9 7
43 36
14 16
16 65
12 45
37 15
64 31
27 18
57 44
56 2
5 47
26 43
50 21
50 12
52 11
4 10
42 38
18 17
21 24
34 40
11 29
2 45
1 8
48 63
23 46
39 32
3 66
22 7
25 23
48 41
55 41
49 30
13 33
27 9
59 60
56 53
29 14
63 17
32 58
58 62
25 35
15 6
54 62
61 54
42 6
47 65
1 34
39 52
26 3
30 55
53 28
8 49
57 19
67
23 43
26 42
47 41
17 3
9 57
44 62
60 49
20 29
50 63
65 67
55 59
54 51
6 18
43 38
8 53
14 37
55 15
64 21
53 39
1 30
23 25
4 30
44 59
7 56
26 19
6 36
2 62
5 7
46 66
33 24
16 22
32 14
60 28
10 27
2 63
4 8
46 40
11 35
34 12
27 66
49 64
21 38
28 32
57 1
3 25
41 22
31 51
9 48
36 65
11 19
35 16
31 12
34 67
56 45
48 15
24 61
61 52
10 13
17 18
5 40
58 50
52 54
37 39
45 42
13 58
20 47
68
43 44
4 38
7 61
15 32
11 50
9 57
12 68
67 16
50 6
66 45
12 63
2 19
49 20
8 6
25 31
39 18
41 29
19 51
64 22
66 23
63 52
13 44
38 42
68 62
60 5
46 14
65 48
21 23
34 37
37 17
58 34
2 45
36 15
64 62
7 53
27 33
47 29
54 40
1 30
56 32
28 46
59 48
33 35
59 67
56 55
55 18
47 54
49 11
10 26
35 53
60 61
26 22
21 31
10 9
52 51
41 17
57 36
43 24
39 28
40 65
24 1
4 13
27 25
58 30
42 3
16 20
14 8
70
64 45
2 21
35 21
65 25
4 17
70 3
28 61
53 40
45 48
16 11
9 23
63 68
68 3
55 52
58 66
18 20
48 57
65 34
62 66
59 37
38 26
34 1
20 16
24 32
13 46
61 31
7 8
49 19
14 50
51 44
54 41
18 70
67 47
19 57
23 62
40 29
64 8
29 7
2 22
30 11
25 47
6 69
36 15
49 55
37 14
5 22
33 12
67 4
44 54
42 28
35 6
31 24
56 26
17 32
9 69
15 53
33 58
59 27
12 39
50 36
1 10
51 60
13 5
43 63
30 56
46 43
52 39
42 38
60 10
71
49 6
17 49
12 54
14 21
70 8
68 71
22 57
16 35
10 7
36 60
18 28
43 25
69 62
2 3
1 47
3 32
41 11
50 57
25 58
54 66
9 45
28 8
13 30
35 9
39 52
38 33
13 26
44 23
20 27
24 6
64 4
27 66
26 14
34 48
1 45
48 15
38 5
47 31
44 2
58 63
70 15
42 65
50 19
71 43
40 68
5 19
61 51
11 18
65 32
20 30
24 4
46 53
59 29
21 53
46 7
29 22
55 39
51 67
23 33
62 63
37 31
42 12
67 56
16 61
34 59
56 40
55 69
52 64
60 37
41 36
89
56 71
26 3
1 84
9 86
10 75
82 2
26 86
23 41
40 79
78 63
69 47
54 84
74 70
18 64
30 25
51 73
36 55
64 29
60 32
20 23
85 68
14 7
59 70
88 80
38 34
81 17
6 7
59 20
12 25
54 57
35 67
77 42
75 24
48 89
3 16
1 48
61 41
31 44
76 24
49 55
74 8
73 39
12 34
89 32
17 51
21 14
63 56
88 85
22 49
52 19
27 58
28 65
66 82
2 35
78 21
5 83
15 53
38 53
37 33
81 22
79 15
13 16
76 58
87 46
10 31
19 61
77 28
13 18
66 68
69 72
8 71
6 57
50 42
4 36
45 44
60 37
46 83
43 65
62 67
5 50
80 45
27 11
40 72
29 39
30 9
11 47
43 4
62 33
