1
2000
37 1871
1811 1995
1724 676
476 1523
239 1163
1855 467
224 46
1399 1225
1771 228
1972 1338
1317 1353
1671 1971
1816 1444
175 1378
181 1443
364 108
115 857
1411 1055
353 1364
220 1402
164 1660
1086 730
1183 141
1289 695
1741 1043
1074 395
248 1688
776 1402
259 756
1835 1202
1744 647
1341 1520
191 309
1601 984
1881 138
711 1842
827 1571
397 900
1094 1493
1373 1989
596 1653
1717 102
825 706
1258 1917
921 381
1578 1010
7 1319
539 806
1363 987
1147 1907
665 29
802 732
1212 1963
1144 123
1381 1200
485 1383
1954 908
683 209
645 520
240 571
211 1999
1121 1614
907 779
150 544
1375 784
939 420
1647 713
407 684
1466 142
935 1397
1052 1511
785 1654
1117 940
1712 1399
643 1097
837 89
960 1703
1245 749
542 1209
53 190
1175 538
711 874
1608 1390
977 71
1681 1793
232 564
1455 1451
1891 1886
341 933
790 536
1106 1749
1714 1916
993 1653
1167 1025
23 1208
1302 132
24 202
1580 280
1304 616
797 1773
1781 446
135 1322
897 42
293 1702
317 682
786 951
1301 951
875 780
1256 1391
973 652
700 479
745 118
183 66
1852 709
904 34
1386 407
474 1611
225 199
667 382
1192 835
1063 1961
1179 1563
568 1695
122 1245
800 1096
1819 1867
1930 1634
844 347
1668 1345
21 886
742 418
319 119
1022 1754
1335 245
1980 216
438 374
1534 16
1703 1526
283 242
601 1105
1606 639
1446 1424
1796 74
1993 1790
1932 1106
1901 1395
161 1080
232 1939
1528 12
611 929
1849 674
1673 1473
707 294
637 1818
1502 592
1601 1682
1053 1207
355 1549
516 428
632 210
1078 791
1975 836
649 1409
1168 860
1349 1007
1232 752
1726 1618
913 710
926 1524
634 477
963 1591
1479 292
903 463
457 180
782 1970
22 1648
699 1745
1625 1335
1531 1521
48 934
1329 1992
1533 595
151 374
1957 582
1856 1554
1243 796
1131 1089
413 967
824 244
382 433
495 277
680 55
1343 1675
895 1904
1545 196
143 1876
422 1364
1387 707
66 425
1678 1737
832 547
590 1671
1113 166
347 846
1505 111
584 468
1217 765
954 1273
439 277
1156 1169
1182 471
603 768
1620 504
820 1842
844 87
1191 1040
1078 1442
1910 531
969 998
1573 570
1735 1637
1354 958
1292 533
158 1673
833 665
973 1873
1675 1179
821 1768
1004 1537
1701 1678
1476 557
1906 178
116 1227
1460 1679
1033 990
107 421
122 737
939 1651
1559 657
1484 1774
937 202
1779 1531
1075 471
1415 536
560 1357
822 1858
972 978
57 786
1572 1911
208 494
79 1834
1379 311
982 1915
793 1025
1437 139
1667 1369
716 1729
1870 1534
1463 296
493 1680
1585 1918
1465 1758
1686 1926
1464 14
592 9
874 689
1723 1887
219 1646
1205 1087
1143 502
613 1651
1041 104
1160 819
716 1003
1875 1391
1640 533
1410 437
916 980
834 1887
1969 764
635 1163
1303 673
241 348
437 1545
1358 1201
1760 1109
1597 1270
274 791
569 1065
1806 868
212 1895
1692 387
648 872
100 605
651 1143
1693 1461
311 599
567 1595
1475 1350
419 1327
1452 1315
991 1592
1564 446
839 1263
1652 1260
1024 815
252 1948
1791 336
1968 369
1603 1543
1454 950
194 1328
1374 639
1786 417
99 1924
1728 880
484 621
742 756
95 222
1845 1802
1947 1494
1444 300
602 1464
1510 394
1215 1898
980 1249
1166 1878
1394 1419
244 375
1817 1803
319 1224
1149 1997
634 1801
1557 1012
523 1704
59 1656
891 1013
1536 1610
1610 1638
1297 447
1721 1669
664 1561
44 917
1384 1008
760 931
1239 1690
983 982
618 338
1550 1079
1780 1501
1630 41
1035 937
1016 1781
869 498
877 26
808 1351
1403 1952
1514 499
63 761
753 1290
1320 816
984 762
1425 1994
558 454
1643 804
381 1448
73 281
816 482
1739 539
1538 288
814 1554
491 1951
487 1022
1044 1712
2 586
329 981
115 731
472 1868
236 861
911 653
1007 183
771 1751
1840 829
1859 1123
56 642
1148 1067
114 604
1683 497
1356 790
746 1787
1185 150
705 1611
1565 1374
102 21
118 1894
131 853
952 787
830 733
1955 1748
1416 1489
838 1155
945 1253
1567 1487
732 727
559 659
1589 864
1523 643
532 1544
1019 1804
1860 1052
133 474
322 1170
1326 1230
941 1499
1280 257
1814 404
759 258
127 1006
1546 350
650 1808
1339 1517
435 750
970 1172
680 1360
1011 1054
50 1593
1630 27
1555 30
548 1778
1140 563
1244 462
1165 269
624 516
922 668
1708 269
1318 1949
235 1860
988 632
588 280
425 1629
1264 1348
1090 1559
459 795
1436 1042
568 1279
893 1178
1191 1206
723 739
687 1513
1095 633
620 41
911 1378
343 430
635 1373
761 1896
650 40
1587 1944
878 1176
608 1792
1656 1553
958 1266
944 1133
1931 907
1094 131
1943 1724
519 1599
875 1415
1921 505
818 1425
692 986
1564 1362
403 231
1853 1847
1666 862
1255 1800
889 174
974 1565
1733 1443
1018 1877
1213 1376
1048 17
522 1268
1153 885
814 1421
1729 538
1002 1945
500 1569
49 1983
388 666
863 1442
1767 1101
1034 1501
1435 997
1388 353
1943 1146
933 1635
1151 325
257 596
624 1917
513 751
498 617
1878 204
1357 233
798 1482
1365 510
317 619
962 759
45 1261
1298 449
1664 1226
1 1344
36 443
1048 1164
67 1041
792 1840
1231 1128
12 303
1848 1263
14 1661
341 1547
165 1804
630 236
1432 1249
1643 763
1186 461
49 320
674 904
1679 492
1919 368
969 253
323 1879
82 169
328 4
1271 845
210 63
1072 1510
169 1853
1198 499
1633 1130
1900 1056
145 1470
421 1154
1687 1834
865 1034
1637 1681
441 1220
839 1580
871 586
866 1160
682 1218
1218 195
1316 129
1547 429
578 470
451 267
1669 722
318 1287
809 1294
237 537
519 525
1859 1874
1821 1768
270 618
823 1843
531 1824
1946 1967
1223 173
718 640
1098 1642
962 313
323 107
1234 396
779 1527
770 1728
196 255
722 1045
1386 1746
1129 1334
1713 1089
119 489
725 373
476 1152
464 1562
727 1590
359 1658
1514 979
1329 1672
333 1363
1805 685
316 735
1178 577
1775 1985
1253 254
673 398
1070 919
338 1323
1912 1061
371 53
81 246
1838 463
1657 1922
978 361
428 1622
1984 1293
1385 1970
1205 785
869 923
1077 764
1567 889
657 360
1616 1210
414 286
1470 1930
1915 217
1696 466
1413 1377
1380 1180
25 549
1750 609
1566 1269
1537 1145
526 802
93 249
1578 1955
1126 1469
470 173
1503 1014
1612 811
849 1361
885 783
549 1084
351 206
298 745
1552 1198
1235 462
1832 602
1482 146
554 458
887 1956
335 1349
1496 510
1446 1248
760 124
1458 881
276 1515
1214 967
1394 133
591 52
344 1185
776 1244
964 375
1062 1925
567 262
1385 1810
853 1525
1238 1276
1518 226
392 925
363 142
1927 1283
562 867
561 168
724 135
1154 248
754 251
197 1247
1817 1928
1961 47
305 1762
1310 1755
1968 1698
956 671
1483 556
1889 1811
1026 1607
595 73
187 18
1902 888
1195 253
332 1327
1899 1714
1935 1738
1050 231
818 1743
410 182
553 1977
1692 985
85 455
858 1334
545 1633
445 278
1725 1740
1126 17
1038 1324
1690 485
264 234
774 1158
1187 693
570 1913
1493 589
521 506
851 579
1103 655
919 64
1788 1308
588 80
1362 15
193 1122
1212 466
577 1655
1783 1488
1784 838
116 287
770 741
1893 535
1738 1241
186 95
1311 1155
1795 1486
1563 35
159 15
38 1107
272 627
1286 1504
29 512
345 1117
1213 435
47 1966
1929 260
769 1841
13 1248
392 1552
887 658
1419 1742
1499 1090
1682 1361
532 1321
1292 130
189 825
1125 1861
1476 1184
206 1281
1037 1490
120 1102
720 1288
1542 357
312 614
321 738
1726 1506
378 1707
644 601
1848 598
1900 894
32 1162
1173 1612
55 268
274 1613
1758 1602
282 1284
1511 1854
321 1043
440 906
318 1393
1627 1046
1824 1118
475 1133
1710 1794
332 708
1594 690
1756 1849
159 1365
247 328
480 1028
1427 670
88 1196
94 1490
444 260
1426 1685
1060 1366
369 68
1828 989
1315 1456
1242 1528
626 349
1491 1782
433 954
383 1127
1837 1505
1053 1962
870 1355
820 669
668 1880
968 854
1762 910
126 386
393 199
1659 1330
1173 656
1516 855
1321 1477
60 395
932 1556
1406 660
1655 1162
1508 1909
143 420
1536 1634
1159 1532
1050 1489
938 1111
327 1583
396 254
357 439
1118 139
243 1702
1776 1120
1731 1973
881 3
777 1871
1697 826
1626 955
1190 1222
1459 386
1825 167
587 1628
457 320
953 975
518 565
1166 192
1913 1072
1065 1829
527 1991
1059 909
1697 61
1450 1113
218 1278
1579 415
1004 32
877 362
629 1003
622 1196
101 188
576 297
26 952
1801 1001
28 98
948 1485
1766 295
179 1488
376 339
1963 1372
1984 1159
910 1418
1727 688
8 1222
651 1901
465 584
1059 1353
565 702
397 520
124 307
920 1652
1430 1306
1480 1336
1847 1635
1822 1551
1206 1150
713 948
558 1068
366 1045
739 290
453 1477
6 803
98 1604
291 1061
304 1439
307 138
1813 305
184 1920
685 1170
728 410
1727 1788
569 423
1236 291
1474 854
636 1720
31 367
631 284
1904 801
1339 858
1438 1985
1626 828
306 1139
1838 526
1439 1829
1462 1383
808 1266
1110 1541
1733 1395
450 1411
654 627
1114 974
1956 1789
936 1303
623 114
678 661
1775 916
1181 1821
1951 171
744 1030
7 733
1524 772
1870 361
1481 385
96 1075
1972 1558
1128 103
925 946
597 71
1336 777
1092 1855
1694 247
263 585
261 517
1132 469
1412 1366
772 1891
1416 725
689 1269
617 237
1906 1370
1347 926
1134 1400
447 112
1210 1672
1908 543
765 1256
354 669
19 1659
1141 1605
976 1237
501 335
219 999
1663 645
868 1381
1332 1976
1518 1323
126 1623
391 411
1934 893
1925 1407
1992 1539
1539 1756
921 1138
1914 1845
1950 64
489 1455
1568 1348
734 1994
1445 609
1725 794
1220 229
743 872
581 23
1663 1812
414 1810
185 207
380 491
773 431
216 1093
1773 1009
69 289
579 525
1369 1688
1797 1401
27 1497
1005 1257
136 606
1346 440
1145 755
1367 1792
879 882
448 847
896 1445
1478 43
593 1110
1843 1067
1153 784
106 191
1479 576
794 890
983 681
798 285
449 1639
594 1342
1177 843
1864 367
334 5
1721 348
1966 358
560 1077
1753 308
1573 508
65 415
1274 771
1683 1398
1397 703
675 966
1519 744
581 1073
647 1572
856 530
1945 1071
992 774
706 59
623 1664
1598 1820
573 735
101 200
720 130
400 842
842 393
453 1798
1746 721
1193 1036
212 719
949 1566
1069 1104
245 1835
371 1115
1421 1631
459 1851
1827 1734
1506 86
390 1009
1057 1020
1865 497
1431 1522
1079 239
1243 385
715 731
1541 289
914 1108
1512 660
389 965
1969 246
1512 372
1575 50
339 1157
934 201
562 1150
1340 1246
72 1993
652 284
3 154
514 763
762 1290
847 757
521 1882
1569 46
1156 180
628 1739
177 1119
1744 84
406 346
614 1182
172 880
1998 444
932 1296
730 1074
496 1233
710 1827
1027 1085
915 405
1435 189
927 1809
1277 849
1748 1754
704 1071
48 1828
571 181
1413 598
408 1649
412 493
25 1204
1223 1780
1938 1741
1450 1124
1088 33
1710 1586
1239 1886
403 717
852 273
1306 728
113 1164
399 1325
110 13
1890 1356
195 690
1530 1677
895 1309
822 394
591 1420
697 301
1987 1360
1629 1815
1846 309
1377 330
999 1472
1836 826
511 1326
1265 1237
380 1709
1171 1440
368 1316
524 1894
640 672
976 672
1427 238
1268 1529
1667 1091
1437 1715
72 1916
915 1884
1291 751
1750 909
31 804
724 1101
188 813
1111 502
616 714
1099 288
1447 19
1897 979
1140 1583
383 1797
424 1883
1607 1219
1302 566
312 331
1487 1716
215 943
867 1224
697 1556
1494 1485
1461 1577
233 1978
112 179
106 147
1988 215
1168 1872
929 641
1822 1288
1700 1982
70 1796
805 1693
242 1831
78 1942
723 997
1023 812
1778 1548
111 1803
1500 1320
1297 182
1410 325
861 174
866 850
821 1772
1014 315
1379 1496
638 1328
342 337
1032 1350
956 698
747 302
1428 729
1273 156
1174 736
1735 427
1432 388
1706 1001
4 113
1684 741
1570 250
1495 1716
1228 1084
263 1751
1964 1719
1613 994
352 178
1026 409
265 1298
424 490
230 1257
780 1412
1449 1277
436 990
792 859
902 1011
729 1958
120 10
1802 1060
585 170
1085 297
1962 943
831 1148
1816 296
1287 1957
1504 848
9 1876
275 1538
217 74
1861 1687
1830 721
1888 413
1674 295
865 264
158 1594
103 228
1091 154
1480 1408
187 1902
482 835
39 221
298 149
1299 137
1883 148
1532 752
1759 1784
204 959
366 1130
828 684
670 65
898 1991
411 1936
1542 1831
1596 1929
946 871
432 1933
22 823
1469 1359
1387 1585
550 1761
1837 1389
285 1666
70 931
511 892
1996 1371
824 717
117 1814
981 646
441 427
1893 37
813 1087
1582 1769
140 1918
801 1769
1722 1221
473 1719
1806 1389
343 753
552 629
445 1095
156 637
1473 1508
782 495
1686 1923
1932 1898
399 1931
123 1527
832 878
855 1819
84 1352
221 109
515 1677
1794 1941
698 1247
546 194
117 719
1507 833
1695 679
238 1492
922 1645
543 545
1299 1340
379 1049
92 1684
1152 746
1863 593
1705 402
1076 1314
856 426
957 1127
1959 806
1625 326
812 1423
82 1028
1903 310
546 1197
1404 500
750 1267
1896 402
773 1885
442 1304
768 971
572 326
1051 1372
492 281
894 387
1403 1311
401 507
1723 843
1484 1202
810 1038
965 1503
1757 105
20 1949
1418 1151
908 1284
896 1737
1823 329
1782 45
1232 1927
214 1471
1742 1588
1772 1058
1670 460
1586 515
1706 542
1584 1540
1417 1352
1892 589
1952 1549
1341 496
930 1576
1116 789
1589 1192
241 610
691 551
2000 1123
1805 528
625 481
1866 691
1187 62
1937 1779
938 1194
442 846
214 1689
656 1422
1986 1177
1899 1976
134 544
379 507
56 275
2 1587
163 1012
44 1344
1401 110
1638 901
152 886
88 1865
1125 1771
845 108
1979 1562
1370 1051
1241 1999
1560 659
1217 625
152 1478
1642 1107
1977 810
1619 1129
229 234
522 646
1240 1825
377 1258
1660 583
918 1926
91 555
876 996
882 176
34 1081
1467 899
644 986
1867 1839
1498 884
1017 912
350 1171
1346 377
662 906
1081 1544
472 365
848 1294
251 535
1119 205
378 1973
1219 1982
1914 121
815 608
218 1457
1234 1099
58 1636
1337 1515
758 1254
1760 505
490 1622
564 1832
1910 1934
1705 370
1313 1935
401 841
740 1345
1628 1262
1960 1276
1423 1165
330 1233
240 1557
1763 1975
1433 279
1967 1312
310 1167
450 384
105 478
1971 1438
1800 129
438 694
654 1199
1731 1621
883 1922
1621 1458
252 638
968 486
1278 481
1124 796
468 1331
1 1492
671 412
1979 1745
434 541
1199 1909
365 795
461 748
77 648
554 465
787 1720
662 901
769 1568
928 460
1040 1736
1953 494
162 1351
883 1888
1142 1530
1093 597
1062 1520
1593 1193
1017 621
1400 963
1279 184
1826 860
1517 1054
1863 864
1614 1764
157 132
884 936
1019 1242
996 766
1331 1570
452 30
693 1430
1161 1092
1644 1137
1452 1989
1808 1105
373 1453
800 261
726 92
1535 1037
747 1661
687 1235
1186 1519
1100 757
1709 121
575 198
1798 96
1229 1620
1946 688
1550 345
1108 1954
416 686
1333 1619
1767 1609
313 799
1066 1997
1885 209
961 172
1333 344
225 1013
1282 1875
917 736
941 1147
1221 1190
125 1938
127 1267
1031 1188
97 1561
942 94
1713 1815
1807 443
1791 518
1879 1852
149 1097
551 1823
642 575
1641 1226
1555 686
426 1310
1942 1691
1195 1236
316 1581
360 1104
1029 503
486 809
1098 1711
712 1144
147 817
582 953
831 1201
81 290
327 488
1730 314
213 1161
1854 1590
935 1270
678 1764
949 79
1382 293
28 355
1463 1354
1617 580
1056 709
57 891
658 1100
836 1431
406 653
265 620
1006 1083
1707 283
464 1313
1259 1010
1529 1136
1862 235
176 1174
1924 555
778 1115
1708 1509
162 788
58 1283
390 223
1417 912
1877 455
663 955
75 615
60 788
1347 1030
1300 1103
902 1846
987 1830
1941 358
1448 193
170 737
1986 1203
1507 1255
1856 1623
222 1618
1617 1142
1005 1960
1640 97
1039 793
90 1740
995 580
988 1940
1240 667
561 699
840 1881
1928 270
480 448
1785 578
1068 1497
1382 1384
151 10
1183 16
534 128
1665 1286
524 1265
39 324
1230 1958
1180 1990
258 1406
1546 726
1368 612
1086 1035
529 1008
372 1912
605 1319
1783 528
1457 1533
391 1836
1995 1765
1571 68
755 1149
62 52
1809 1102
1833 1701
991 517
1813 1491
207 1763
781 1169
282 700
342 1436
1981 993
767 346
144 259
1251 1939
171 1358
1042 1980
1305 766
1615 1591
1272 873
429 514
506 87
83 1475
1964 1422
1390 77
1978 557
1032 1790
224 619
1252 590
641 1755
512 607
615 1197
1761 942
1600 1342
1285 1833
950 1662
1307 89
1648 817
1908 1322
1309 1752
1137 1553
1711 758
819 1044
1650 1131
1368 1868
1047 738
1426 1215
1429 548
1136 1189
1231 1736
1600 1312
1039 456
1689 940
600 1919
1141 1624
1647 1272
1602 966
1884 649
1645 829
220 1289
456 33
995 255
467 304
419 243
1070 1157
1774 1844
1203 1428
1332 1606
1965 299
436 1543
1393 1459
430 11
1785 547
1691 1965
61 587
1047 286
850 266
989 1184
1434 1135
1644 718
1392 541
227 748
1981 1874
879 141
1434 1872
271 1055
1282 85
636 924
715 1295
1649 203
778 552
1636 1579
198 1376
177 695
1953 1694
944 1330
278 1058
1181 6
612 677
630 1627
213 1420
78 322
827 340
168 1112
1747 527
503 1121
1371 1850
1392 1639
1116 611
863 1799
337 1858
1577 1466
1787 606
734 655
434 600
197 294
876 1404
1441 42
83 69
408 478
1462 740
841 1757
509 1000
1747 923
1616 144
1307 1598
67 1674
1869 155
574 1246
1216 1498
1172 701
509 1857
1175 125
1398 1990
631 405
1355 1597
1526 626
473 93
5 1440
1752 1595
1296 675
1031 1449
1765 1987
1122 1275
362 160
487 314
559 1135
1467 1654
1704 1260
603 1271
1776 211
553 1903
227 1873
1250 1588
599 1021
890 1057
1158 610
767 1603
292 104
1525 994
376 1959
523 945
1937 1793
1718 1911
1826 1632
1064 1670
409 1300
479 137
1291 1188
1632 537
208 1605
920 1650
1851 1301
1409 807
1516 1132
1254 1584
1216 859
1509 563
1818 1229
163 451
928 924
1940 1770
556 1766
550 775
1786 1983
54 1646
161 1844
1996 1433
1923 837
692 416
76 1176
164 230
977 1073
404 1451
830 1974
508 677
1109 703
1921 892
905 1359
1211 351
398 914
1069 1841
1424 1615
1718 1194
574 1581
964 743
1500 1933
504 1453
1396 1227
1495 947
1407 1468
356 1018
1027 1864
266 91
165 1668
1120 1936
1020 1944
1892 279
1024 1088
458 160
1988 1033
572 985
573 1474
1063 957
1905 1850
1317 11
1658 1608
8 1657
370 302
781 797
918 705
1456 1558
128 1238
1251 452
1021 1285
888 1698
1502 140
622 1696
146 1513
1890 384
701 1889
483 913
262 1895
340 1441
1209 1676
540 1947
1261 1548
1882 356
1905 789
851 1609
1685 947
1807 100
805 1029
167 1405
1016 666
1471 422
136 477
54 1662
1576 80
267 961
475 1732
1866 185
501 857
1308 201
1948 24
1204 1134
268 1795
1408 897
1211 38
2000 998
749 109
1274 76
1465 583
43 712
1575 1259
704 1839
175 301
1592 1262
256 775
287 1950
1789 431
676 1472
1138 975
679 1743
35 992
1414 1722
1414 628
155 1252
192 249
1080 1083
1049 1076
903 352
18 134
807 1560
696 1305
20 315
594 1759
803 1770
1096 1665
1208 334
1486 1225
153 927
1066 1367
454 1624
1112 1749
1468 1082
145 1574
1777 1596
1405 840
694 1337
272 1799
1214 157
683 970
1264 1777
663 1314
1880 898
513 664
1082 783
400 488
1521 811
363 364
972 1447
971 1522
1715 1551
799 530
1862 696
1717 852
1343 960
1582 1897
1604 1974
423 1281
1338 389
1207 1812
1574 1454
153 418
308 75
303 1000
1641 1998
1732 190
1325 223
1481 754
484 354
633 1730
873 1380
299 1200
1293 604
300 899
1015 1046
1146 90
186 905
708 205
359 607
86 566
1700 256
714 1139
1429 250
1699 1324
900 36
1869 681
51 432
1920 1820
1189 1676
1295 276
1753 349
613 540
1064 1375
148 271
469 1114
1535 1275
1857 1734
324 862
1460 834
1540 1318
529 417
959 1483
870 661
1015 1023
702 1228
1396 1907
1036 1250
333 336
483 51
1002 200
1631 203
534 1699
99 166
930 1599
1680 331
1280 273
306 226
