26
59
18 5
10 23
42 28
31 49
26 56
40 32
8 4
44 37
13 58
29 45
21 56
53 32
4 47
48 33
5 47
28 10
9 46
7 42
39 51
22 44
54 27
7 55
15 38
14 23
8 9
26 2
1 50
15 59
16 33
19 11
31 46
41 29
59 17
36 30
6 34
17 3
24 57
51 16
12 52
55 13
34 30
24 6
41 50
35 43
18 35
39 37
25 52
48 54
43 2
38 11
20 19
57 49
58 27
53 1
3 36
25 20
21 14
12 45
61
55 60
21 32
2 37
40 28
24 6
46 23
17 44
26 29
15 8
59 27
18 23
48 61
42 16
36 55
22 52
9 50
4 1
58 45
34 24
37 31
39 51
57 56
1 47
34 38
44 46
30 3
10 41
29 20
52 39
31 19
5 35
12 53
50 12
25 20
38 58
32 27
57 26
10 47
40 14
4 14
19 41
13 48
15 17
54 5
18 21
6 36
33 54
22 49
25 9
35 11
7 49
43 51
59 3
30 28
7 13
42 53
33 43
11 60
56 8
2 61
69
61 3
33 24
50 64
63 65
30 4
33 42
18 7
60 14
35 47
53 18
31 32
5 22
12 30
22 13
35 57
16 60
69 13
1 46
43 1
9 39
49 8
38 15
54 41
27 16
27 15
42 34
56 21
68 23
24 56
11 65
36 4
26 66
67 69
40 38
12 25
59 5
55 50
41 37
8 61
2 68
54 9
44 29
21 19
10 62
17 37
28 32
44 36
58 64
48 52
14 7
58 46
51 66
45 47
57 49
55 20
40 2
26 25
52 53
67 6
6 31
28 3
43 34
62 19
10 39
17 29
20 63
23 45
11 59
69
36 45
21 28
19 14
45 21
53 30
13 17
39 49
4 40
48 24
31 23
27 56
5 51
2 44
34 35
22 15
61 57
20 13
65 40
55 53
50 52
60 6
23 58
42 63
64 65
46 6
14 41
59 62
18 35
66 43
7 60
16 37
52 3
49 20
59 27
64 42
54 15
8 9
47 39
56 41
44 69
4 1
7 12
9 24
67 48
25 8
2 61
18 25
33 67
66 58
54 38
55 47
50 62
34 22
19 17
57 51
3 37
28 68
29 68
5 38
32 1
30 26
16 46
63 11
12 10
26 36
33 29
31 11
43 69
69
14 35
18 58
45 39
48 30
34 10
57 8
40 15
14 45
32 23
44 16
46 23
22 18
33 11
24 19
37 21
3 66
28 67
25 9
59 4
21 6
27 54
50 61
52 64
26 5
2 52
36 64
62 51
50 1
66 63
43 65
7 29
65 60
11 34
36 42
8 59
33 46
56 53
27 12
54 5
43 47
55 35
3 29
20 13
7 69
24 22
58 68
12 69
20 30
55 57
38 17
28 44
2 62
4 40
48 67
17 26
25 68
51 15
49 53
41 13
19 6
41 37
32 47
10 49
16 60
56 38
31 9
42 31
39 61
70
8 67
56 8
27 38
12 47
4 15
39 55
66 35
19 34
36 70
23 51
62 58
2 26
55 65
17 25
31 29
11 37
53 54
32 38
44 46
34 10
58 21
40 16
47 27
69 13
22 30
42 60
9 20
14 39
50 48
18 22
69 37
64 18
24 52
64 15
35 33
29 65
63 3
56 68
12 5
28 61
68 46
4 31
25 59
53 66
11 49
62 43
16 6
28 17
13 60
1 6
19 63
41 3
32 50
23 48
1 59
20 45
9 7
57 54
43 45
5 7
2 10
44 42
14 70
61 21
57 40
49 26
52 67
51 24
36 33
70
24 43
66 21
44 55
16 29
35 30
2 15
29 31
70 44
37 54
22 60
34 4
42 46
56 5
3 51
30 11
49 45
63 41
24 47
1 2
67 7
8 27
7 48
68 36
36 39
3 22
68 38
41 25
33 57
64 33
26 61
52 58
49 18
20 19
66 5
25 4
45 32
12 59
48 6
20 37
10 59
27 55
15 42
62 52
13 31
50 26
14 63
17 46
21 18
9 70
16 14
62 57
13 23
54 53
56 35
69 39
50 51
1 28
11 9
17 34
10 40
60 19
12 67
65 6
28 8
53 40
65 38
43 64
58 61
69 23
72
8 42
2 63
9 65
53 43
61 20
15 49
1 13
24 6
36 27
9 68
29 55
32 69
57 53
60 35
55 39
46 61
43 30
37 56
5 72
35 44
18 57
31 39
59 66
51 7
56 11
4 45
12 25
69 31
23 6
1 59
11 45
58 70
40 50
47 23
7 22
71 48
64 29
28 54
34 51
62 50
13 17
46 21
44 49
18 25
70 5
41 48
62 20
33 3
2 36
22 54
14 68
67 12
52 41
24 4
16 8
26 3
34 15
65 58
64 42
17 30
37 21
28 47
27 19
63 38
32 67
60 52
72 10
33 38
10 26
16 19
71 66
74
52 62
62 48
26 53
40 13
33 17
65 28
3 69
39 47
5 2
68 21
57 45
44 61
54 36
30 10
74 31
60 40
55 67
3 38
22 47
41 21
5 66
56 46
30 65
58 18
9 37
50 24
55 45
8 4
34 15
52 37
10 58
34 23
23 16
19 36
2 11
43 14
7 12
14 32
48 57
49 74
63 26
13 38
16 44
49 60
61 63
6 66
39 7
25 70
24 11
41 64
12 28
22 20
9 59
56 43
42 6
64 18
70 54
73 15
72 69
29 35
19 71
4 59
51 27
46 67
1 27
68 35
25 32
33 20
71 42
29 73
72 8
17 51
31 53
74
61 21
32 54
74 65
44 49
27 47
24 5
58 11
35 42
46 13
4 22
6 52
15 69
34 10
41 2
13 28
36 73
40 53
44 29
18 23
63 71
28 9
60 41
73 50
14 9
33 68
56 16
26 70
62 67
1 70
33 64
43 34
8 30
49 46
11 21
63 26
59 3
20 47
51 59
58 7
38 31
66 18
69 37
67 66
32 17
24 50
42 54
22 20
72 64
4 14
17 27
68 38
39 10
55 29
62 2
30 15
61 51
19 74
12 56
71 60
7 31
55 36
23 53
19 25
12 5
52 37
8 40
48 1
6 45
3 45
39 57
35 65
25 48
16 43
74
10 74
41 73
45 70
26 55
58 26
23 39
24 16
65 74
72 25
23 73
37 48
64 63
27 28
53 69
67 32
61 44
11 12
62 2
70 41
52 21
20 42
68 58
39 25
30 42
35 48
1 33
71 20
19 9
45 56
3 4
7 47
17 46
50 36
22 31
16 30
17 40
44 10
1 54
68 53
13 29
9 6
15 43
3 34
22 67
18 55
19 29
64 61
15 13
31 28
14 5
69 14
18 51
8 37
62 35
36 43
60 59
40 32
71 34
72 11
54 47
5 7
24 49
50 46
56 60
49 51
27 38
2 57
66 8
66 38
21 59
65 12
57 4
52 33
75
23 21
40 10
14 5
28 51
33 34
33 60
48 32
27 45
73 63
1 39
68 7
59 71
74 11
37 41
18 40
66 44
28 73
52 6
58 56
54 20
74 68
25 29
58 51
24 45
67 4
1 61
5 65
46 62
70 71
20 9
11 56
36 34
15 24
42 60
26 29
22 38
8 75
72 52
26 15
21 31
38 2
46 53
48 12
4 64
75 65
13 57
37 44
25 47
72 17
57 30
54 50
59 43
36 39
3 70
2 67
53 14
31 35
12 13
22 9
69 10
42 41
35 47
23 69
55 66
17 32
50 55
64 49
61 27
6 19
19 3
16 63
18 30
7 62
43 16
77
53 40
61 66
38 15
8 20
57 18
23 27
13 21
50 65
61 65
19 52
11 51
47 48
31 58
17 77
28 46
18 71
10 29
12 3
2 8
16 27
6 36
17 55
14 42
7 69
41 30
5 66
9 76
67 4
4 73
30 33
59 70
49 62
20 67
75 72
50 22
14 23
59 6
15 69
44 12
37 26
56 54
34 31
49 55
70 16
5 57
33 64
1 10
37 64
68 40
63 48
35 39
75 71
60 73
34 25
39 74
45 9
52 1
32 63
24 19
35 3
74 41
22 46
44 38
25 53
76 56
42 45
24 72
21 36
47 43
77 51
58 2
54 32
7 13
26 28
29 60
11 68
79
62 75
14 68
38 57
7 25
30 1
5 20
13 37
34 11
50 4
16 69
55 68
76 65
10 72
69 21
75 40
22 31
10 43
23 51
6 19
37 32
42 4
73 46
54 17
2 64
27 60
77 18
45 15
3 21
25 16
30 70
34 41
64 26
18 72
46 28
44 36
57 56
26 12
58 24
49 70
27 48
41 77
5 54
67 48
8 36
32 71
49 35
61 58
79 11
73 63
42 12
47 55
3 8
43 51
63 39
23 59
59 38
9 15
39 9
24 19
14 7
52 78
44 50
60 53
33 62
74 6
78 29
71 17
74 29
56 31
79 47
22 66
66 28
35 45
76 67
53 2
33 20
13 1
65 61
80
21 20
66 80
57 67
56 19
78 77
71 14
47 73
52 58
10 11
79 42
27 53
37 63
72 69
51 75
18 2
47 12
6 49
40 55
59 46
30 9
74 17
75 53
68 42
18 5
22 38
50 78
36 12
3 31
52 76
1 77
56 50
27 4
49 14
67 11
7 68
15 8
32 34
64 66
28 13
72 24
59 74
76 3
45 36
63 62
2 23
26 70
20 48
25 71
31 44
46 44
65 37
6 21
34 7
60 58
10 55
57 5
62 29
33 54
65 70
35 28
1 43
69 25
41 79
19 73
61 29
39 22
33 35
61 9
41 17
13 16
4 38
24 51
8 26
43 54
48 40
45 23
15 64
30 39
16 60
81
46 30
4 26
48 77
49 54
15 30
78 74
23 53
77 16
38 26
3 46
45 65
17 55
51 27
24 25
56 36
61 66
18 47
22 20
79 23
14 44
58 71
2 10
76 75
20 16
69 1
73 9
21 32
37 36
79 81
57 63
5 7
12 74
57 35
38 56
32 41
11 58
76 1
72 60
11 5
45 75
14 18
69 80
21 28
25 39
72 27
35 2
67 12
9 60
52 73
34 28
41 68
50 19
66 70
63 8
62 31
31 78
51 43
81 4
52 62
29 59
29 70
37 10
33 6
24 13
42 67
33 50
53 13
7 49
19 68
64 55
43 48
3 44
65 59
17 39
40 6
61 42
34 80
40 15
8 47
64 71
82
32 34
51 26
64 4
53 20
55 70
30 60
33 3
36 61
76 40
51 11
31 20
75 41
82 42
52 38
53 5
27 1
52 8
18 70
7 26
23 65
43 5
28 79
45 80
11 74
21 10
75 14
57 68
32 58
82 2
12 24
69 1
17 66
50 18
33 19
13 79
48 61
57 76
71 35
71 21
17 58
36 39
78 27
81 62
42 22
72 47
54 69
60 2
8 16
45 64
13 46
73 66
10 25
23 48
30 49
74 3
37 22
28 44
29 38
59 9
63 50
15 25
12 46
78 19
29 77
31 47
67 73
4 14
72 63
24 15
34 40
81 68
6 67
56 65
77 44
6 55
43 80
41 54
62 9
59 35
49 16
37 56
82
31 34
55 59
64 75
52 48
51 55
10 43
65 37
4 1
50 60
71 31
25 11
38 58
51 44
80 61
36 66
21 65
40 67
72 46
2 77
23 14
42 7
3 27
1 20
26 49
63 64
15 40
20 79
18 54
68 79
2 69
78 53
22 58
36 42
37 33
15 49
19 16
16 44
45 50
28 73
11 27
41 74
63 13
8 5
30 47
34 70
56 52
47 21
59 46
32 29
9 74
4 57
60 77
12 24
22 30
23 28
48 39
53 18
7 69
62 17
45 70
67 8
54 82
81 73
6 71
66 72
56 38
75 81
13 76
61 68
76 33
24 25
26 35
10 12
6 17
78 19
5 41
39 9
14 57
43 82
62 32
35 29
83
51 16
29 61
37 17
83 3
20 68
9 78
63 79
51 82
54 76
48 62
10 47
24 80
62 26
34 61
70 46
7 22
28 67
8 4
40 58
60 46
49 73
59 52
14 30
57 1
21 49
5 79
54 41
6 42
12 75
45 39
36 77
45 28
64 19
33 81
71 23
55 31
38 13
24 68
71 77
10 69
1 65
78 48
16 15
21 47
27 26
37 81
50 56
35 58
44 57
44 52
18 9
18 12
72 39
8 64
34 30
82 70
75 66
43 4
25 67
74 60
19 15
29 63
32 33
31 11
36 27
56 66
53 20
35 76
73 65
53 25
7 74
40 6
11 42
5 32
80 83
41 2
72 14
69 13
59 17
43 23
3 2
38 50
83
58 16
26 41
5 7
72 29
19 59
4 46
48 45
19 37
8 26
10 18
13 25
49 55
21 40
48 28
58 17
79 13
56 75
9 15
1 37
80 42
32 50
45 68
14 25
12 69
77 72
81 65
36 11
81 29
39 80
14 43
35 6
17 20
35 44
34 49
20 38
11 21
52 31
69 52
76 73
47 82
51 33
68 78
2 67
74 3
66 73
16 64
27 57
5 82
59 61
27 71
33 23
79 76
55 44
70 41
12 62
24 51
54 32
60 8
10 54
65 74
4 15
63 75
31 30
60 66
40 7
47 64
77 42
24 67
36 28
9 2
78 63
83 18
38 22
56 43
39 22
61 53
83 70
23 50
30 6
71 1
46 57
53 34
84
75 8
40 28
36 11
21 59
75 62
77 11
14 58
29 4
42 4
82 27
62 53
33 69
34 51
19 2
49 57
78 32
43 6
60 7
76 38
66 15
39 50
8 52
47 1
37 47
55 81
56 54
1 57
3 73
78 84
23 73
45 35
30 32
9 83
3 27
72 42
35 68
76 49
60 44
74 69
14 15
55 48
79 80
30 13
71 70
21 25
43 44
79 72
16 61
61 39
26 65
29 41
34 36
51 22
10 50
23 38
59 67
63 25
84 71
52 5
80 66
18 20
64 31
67 37
68 10
54 65
16 7
82 46
31 24
13 40
24 41
2 6
48 20
83 26
28 9
17 56
63 22
12 17
70 58
5 46
77 12
53 19
45 33
74 81
85
14 35
49 35
56 12
81 41
49 44
30 62
74 5
17 54
9 63
61 16
11 83
30 3
85 59
3 71
37 53
72 6
47 37
28 44
52 82
38 60
58 5
40 21
25 52
36 32
25 31
26 40
46 9
48 15
23 4
61 80
39 67
29 53
23 47
78 50
7 43
10 76
48 74
15 68
77 2
29 64
70 76
65 58
34 80
26 51
43 38
45 64
72 83
79 45
39 18
50 36
16 51
41 32
31 55
84 46
59 22
20 7
24 66
69 75
10 57
17 84
22 34
57 19
42 73
1 73
19 8
12 1
18 20
63 69
2 81
33 27
85 33
21 67
42 11
82 62
55 70
60 79
77 68
78 28
4 8
54 24
14 6
56 13
75 27
65 66
85
62 30
8 21
79 19
37 40
27 32
35 65
15 53
76 71
11 2
14 54
76 84
80 10
67 12
18 13
45 71
31 16
12 59
3 58
4 54
70 43
17 33
5 34
40 11
47 58
52 1
77 62
41 77
10 19
68 39
22 81
25 84
17 28
7 81
83 50
85 38
50 25
60 24
80 48
47 55
31 42
74 36
82 28
46 55
69 74
78 64
6 15
69 44
26 79
56 29
4 24
45 61
23 66
73 64
33 5
2 26
39 72
22 73
63 70
48 72
82 67
52 34
9 43
85 37
51 41
44 20
63 23
21 3
29 83
16 9
20 78
53 57
59 27
51 6
49 75
75 32
8 13
56 65
49 36
61 1
42 35
14 30
57 18
7 46
66 38
85
30 3
82 75
85 46
45 52
75 73
84 79
21 43
32 55
53 3
9 59
80 6
57 27
64 20
49 46
15 79
34 42
40 61
60 81
68 41
78 28
48 52
1 25
39 19
37 51
1 82
63 41
56 71
33 53
50 16
38 24
77 17
74 81
6 39
83 66
83 34
58 66
42 23
44 60
51 38
76 35
5 7
33 80
47 63
70 18
55 43
72 36
77 22
37 29
74 54
59 57
2 5
69 9
30 13
48 76
45 32
8 67
11 10
21 78
8 73
72 15
62 31
4 14
64 61
19 7
40 18
71 20
31 27
2 11
14 36
26 70
65 25
67 85
58 22
56 10
29 26
35 47
23 12
13 16
65 17
24 4
50 28
68 69
12 84
44 49
85
1 38
59 34
35 67
73 21
8 64
76 3
35 81
48 28
36 58
5 15
2 68
66 41
70 73
49 17
84 61
55 43
72 27
6 54
26 57
78 10
74 57
16 46
39 40
51 52
83 63
85 45
76 21
47 31
66 55
74 56
17 67
25 19
30 19
49 9
42 65
18 6
40 5
47 14
41 3
7 72
29 62
62 32
11 28
83 82
42 33
80 37
84 26
20 2
61 31
10 24
53 50
12 81
37 8
58 24
53 20
23 54
60 56
65 68
71 79
22 63
27 60
23 38
75 39
15 71
25 85
34 46
9 1
32 13
44 45
33 11
30 77
69 52
43 48
22 4
59 12
77 29
50 14
16 7
78 79
70 51
13 64
69 36
82 44
80 18
93
45 89
52 11
93 40
85 7
4 87
37 69
31 10
91 90
68 15
34 13
60 88
12 93
35 76
65 26
77 32
68 73
36 19
52 17
43 70
57 37
81 86
5 32
18 74
22 6
7 90
23 57
1 9
73 71
49 41
19 84
33 65
63 64
24 39
45 48
38 51
63 56
62 30
49 36
6 53
4 67
34 17
3 46
28 29
87 83
59 54
14 30
21 46
2 55
39 54
21 11
59 81
22 42
20 8
10 76
42 44
82 56
31 89
44 75
47 58
14 47
48 92
91 71
78 29
67 20
82 53
16 77
50 79
28 70
27 79
41 50
88 35
75 55
80 3
33 2
9 26
13 92
16 66
5 74
51 18
8 86
83 58
72 61
85 61
40 15
38 23
60 66
25 1
69 78
64 72
24 80
43 12
27 25
