46
31
22 10
19 9
8 3
25 12
28 13
20 9
30 14
17 8
27 13
14 6
23 11
9 4
7 3
6 2
18 8
24 11
13 6
5 2
21 10
4 1
2 0
15 7
12 5
11 5
26 12
3 1
10 4
1 0
16 7
29 14
33
32 15
24 11
7 3
23 11
6 2
20 9
18 8
5 2
3 1
17 8
13 6
9 4
22 10
10 4
1 0
31 15
27 13
15 7
4 1
21 10
12 5
25 12
26 12
28 13
30 14
8 3
29 14
16 7
19 9
14 6
11 5
2 0
33
15 7
1 0
8 3
6 2
14 6
13 6
11 5
18 8
32 15
19 9
4 1
3 1
22 10
30 14
26 12
27 13
16 7
20 9
10 4
25 12
23 11
7 3
12 5
29 14
24 11
9 4
31 15
5 2
2 0
28 13
21 10
17 8
34
24 11
12 5
30 14
18 8
11 5
17 8
33 16
8 3
1 0
16 7
32 15
25 12
10 4
23 11
7 3
14 6
29 14
21 10
20 9
15 7
9 4
13 6
4 1
22 10
19 9
31 15
2 0
5 2
3 1
6 2
26 12
28 13
27 13
35
32 15
7 3
24 11
16 7
34 16
17 8
31 15
4 1
18 8
20 9
27 13
29 14
28 13
23 11
10 4
5 2
21 10
26 12
2 0
8 3
1 0
22 10
6 2
14 6
9 4
25 12
30 14
19 9
33 16
3 1
12 5
15 7
11 5
13 6
35
10 4
22 10
9 4
20 9
34 16
7 3
18 8
28 13
17 8
12 5
4 1
11 5
31 15
14 6
24 11
8 3
5 2
27 13
6 2
1 0
32 15
3 1
23 11
16 7
13 6
25 12
26 12
33 16
29 14
21 10
30 14
19 9
2 0
15 7
36
31 15
18 8
26 12
2 0
25 12
35 17
7 3
20 9
17 8
19 9
5 2
16 7
34 16
15 7
6 2
32 15
12 5
22 10
21 10
10 4
23 11
24 11
14 6
9 4
3 1
4 1
33 16
28 13
8 3
11 5
27 13
1 0
13 6
29 14
30 14
36
34 16
25 12
3 1
15 7
28 13
17 8
21 10
6 2
10 4
20 9
26 12
35 17
16 7
30 14
12 5
9 4
5 2
29 14
19 9
11 5
8 3
18 8
23 11
1 0
33 16
27 13
31 15
22 10
14 6
13 6
32 15
2 0
24 11
4 1
7 3
38
26 12
2 0
4 1
17 8
27 13
34 16
30 14
29 14
32 15
22 10
7 3
11 5
18 8
3 1
13 6
25 12
10 4
33 16
21 10
23 11
15 7
28 13
16 7
31 15
36 17
12 5
5 2
9 4
20 9
35 17
24 11
14 6
6 2
19 9
8 3
37 18
1 0
39
6 2
3 1
33 16
8 3
21 10
22 10
11 5
16 7
32 15
27 13
38 18
29 14
12 5
18 8
30 14
7 3
25 12
2 0
1 0
14 6
13 6
35 17
10 4
26 12
17 8
5 2
4 1
37 18
24 11
36 17
28 13
9 4
34 16
20 9
31 15
23 11
19 9
15 7
39
16 7
19 9
2 0
24 11
8 3
26 12
22 10
10 4
29 14
9 4
25 12
11 5
23 11
12 5
37 18
38 18
33 16
31 15
4 1
14 6
20 9
5 2
36 17
18 8
13 6
7 3
17 8
15 7
28 13
6 2
34 16
27 13
35 17
32 15
30 14
21 10
3 1
1 0
39
8 3
33 16
18 8
2 0
23 11
35 17
7 3
12 5
34 16
13 6
25 12
6 2
10 4
29 14
3 1
4 1
5 2
15 7
1 0
31 15
38 18
32 15
22 10
36 17
37 18
21 10
28 13
20 9
9 4
11 5
24 11
26 12
17 8
16 7
19 9
30 14
27 13
14 6
40
19 9
30 14
28 13
18 8
37 18
20 9
33 16
5 2
10 4
27 13
7 3
24 11
39 19
13 6
16 7
25 12
6 2
23 11
34 16
3 1
36 17
29 14
31 15
32 15
38 18
15 7
12 5
1 0
26 12
4 1
2 0
35 17
17 8
22 10
14 6
21 10
8 3
11 5
9 4
41
12 5
15 7
37 18
3 1
39 19
18 8
29 14
7 3
9 4
32 15
21 10
17 8
31 15
30 14
4 1
26 12
24 11
33 16
14 6
13 6
36 17
28 13
27 13
19 9
35 17
40 19
2 0
20 9
1 0
38 18
11 5
5 2
25 12
23 11
34 16
8 3
16 7
10 4
22 10
6 2
41
10 4
33 16
4 1
5 2
2 0
20 9
25 12
1 0
16 7
15 7
9 4
12 5
27 13
23 11
39 19
40 19
32 15
8 3
28 13
24 11
11 5
18 8
17 8
6 2
30 14
3 1
34 16
7 3
31 15
19 9
29 14
13 6
14 6
21 10
26 12
37 18
38 18
22 10
35 17
36 17
41
4 1
25 12
22 10
29 14
39 19
33 16
38 18
8 3
9 4
26 12
18 8
11 5
14 6
17 8
37 18
32 15
2 0
16 7
5 2
21 10
27 13
13 6
23 11
40 19
28 13
36 17
1 0
31 15
3 1
34 16
30 14
12 5
10 4
35 17
20 9
7 3
6 2
19 9
24 11
15 7
41
14 6
27 13
23 11
38 18
21 10
28 13
17 8
35 17
34 16
13 6
15 7
29 14
36 17
22 10
3 1
11 5
20 9
25 12
18 8
19 9
32 15
30 14
9 4
26 12
5 2
7 3
39 19
1 0
16 7
31 15
2 0
12 5
24 11
6 2
4 1
33 16
8 3
40 19
10 4
37 18
42
39 19
32 15
2 0
36 17
37 18
3 1
12 5
41 20
21 10
25 12
4 1
24 11
29 14
16 7
8 3
27 13
13 6
7 3
20 9
34 16
31 15
22 10
30 14
33 16
9 4
18 8
11 5
40 19
10 4
28 13
17 8
5 2
19 9
1 0
15 7
26 12
14 6
38 18
23 11
6 2
35 17
42
27 13
5 2
25 12
9 4
10 4
37 18
19 9
39 19
30 14
16 7
7 3
14 6
18 8
1 0
22 10
6 2
38 18
40 19
13 6
20 9
35 17
15 7
4 1
17 8
2 0
26 12
33 16
34 16
28 13
21 10
23 11
29 14
31 15
41 20
32 15
24 11
36 17
3 1
8 3
12 5
11 5
42
5 2
39 19
24 11
12 5
1 0
15 7
17 8
14 6
21 10
20 9
30 14
7 3
4 1
34 16
41 20
37 18
29 14
8 3
6 2
31 15
22 10
25 12
10 4
19 9
33 16
27 13
40 19
11 5
32 15
28 13
3 1
26 12
35 17
23 11
18 8
38 18
13 6
2 0
9 4
36 17
16 7
43
19 9
3 1
2 0
36 17
7 3
37 18
18 8
24 11
27 13
20 9
35 17
6 2
29 14
12 5
13 6
23 11
34 16
28 13
21 10
26 12
30 14
32 15
4 1
16 7
25 12
42 20
31 15
5 2
22 10
14 6
40 19
8 3
17 8
11 5
15 7
1 0
39 19
33 16
10 4
38 18
41 20
9 4
43
26 12
42 20
41 20
7 3
40 19
8 3
32 15
31 15
22 10
13 6
38 18
21 10
5 2
3 1
14 6
28 13
29 14
10 4
6 2
23 11
15 7
27 13
33 16
24 11
34 16
2 0
4 1
37 18
20 9
17 8
16 7
36 17
18 8
1 0
9 4
12 5
25 12
35 17
30 14
19 9
11 5
39 19
44
34 16
14 6
25 12
16 7
38 18
27 13
26 12
33 16
12 5
22 10
29 14
9 4
43 21
5 2
17 8
28 13
15 7
18 8
4 1
2 0
6 2
32 15
23 11
13 6
39 19
10 4
35 17
42 20
7 3
21 10
20 9
30 14
1 0
36 17
24 11
40 19
41 20
8 3
19 9
31 15
3 1
37 18
11 5
44
32 15
17 8
27 13
35 17
23 11
43 21
41 20
14 6
8 3
24 11
1 0
2 0
16 7
3 1
36 17
34 16
19 9
5 2
9 4
42 20
12 5
11 5
37 18
18 8
15 7
26 12
30 14
4 1
10 4
25 12
29 14
28 13
20 9
7 3
6 2
21 10
39 19
22 10
13 6
31 15
38 18
40 19
33 16
45
23 11
37 18
9 4
39 19
14 6
44 21
34 16
15 7
41 20
20 9
40 19
11 5
13 6
31 15
7 3
2 0
18 8
25 12
43 21
22 10
29 14
26 12
24 11
4 1
16 7
42 20
30 14
3 1
38 18
19 9
28 13
10 4
36 17
5 2
35 17
17 8
8 3
32 15
6 2
12 5
1 0
27 13
33 16
21 10
45
42 20
6 2
5 2
35 17
18 8
38 18
11 5
3 1
30 14
43 21
21 10
2 0
41 20
29 14
28 13
31 15
23 11
15 7
39 19
24 11
22 10
32 15
36 17
40 19
37 18
27 13
20 9
7 3
4 1
34 16
25 12
17 8
33 16
13 6
9 4
26 12
16 7
1 0
10 4
44 21
12 5
14 6
19 9
8 3
45
44 21
16 7
24 11
23 11
32 15
7 3
2 0
42 20
31 15
15 7
12 5
40 19
38 18
28 13
37 18
18 8
36 17
43 21
11 5
30 14
14 6
35 17
8 3
41 20
21 10
33 16
34 16
3 1
10 4
25 12
39 19
19 9
22 10
13 6
9 4
1 0
6 2
5 2
17 8
4 1
20 9
27 13
26 12
29 14
46
14 6
8 3
35 17
32 15
22 10
39 19
45 22
44 21
7 3
5 2
12 5
2 0
42 20
21 10
27 13
25 12
11 5
19 9
41 20
24 11
26 12
1 0
9 4
31 15
18 8
38 18
23 11
28 13
36 17
16 7
37 18
40 19
4 1
33 16
13 6
17 8
34 16
10 4
30 14
20 9
3 1
43 21
6 2
29 14
15 7
46
6 2
25 12
44 21
22 10
35 17
11 5
3 1
23 11
18 8
36 17
31 15
24 11
45 22
4 1
8 3
17 8
19 9
15 7
2 0
21 10
26 12
33 16
9 4
12 5
13 6
7 3
39 19
43 21
42 20
30 14
41 20
32 15
28 13
5 2
10 4
27 13
29 14
37 18
40 19
16 7
14 6
20 9
1 0
34 16
38 18
47
21 10
19 9
31 15
16 7
1 0
33 16
34 16
28 13
44 21
4 1
42 20
46 22
11 5
26 12
20 9
41 20
10 4
8 3
32 15
29 14
45 22
39 19
23 11
30 14
14 6
9 4
18 8
2 0
3 1
7 3
43 21
27 13
38 18
6 2
35 17
17 8
40 19
25 12
12 5
37 18
13 6
15 7
5 2
24 11
36 17
22 10
48
24 11
17 8
22 10
33 16
38 18
47 23
3 1
12 5
19 9
20 9
5 2
23 11
16 7
6 2
31 15
15 7
36 17
34 16
14 6
11 5
27 13
32 15
7 3
39 19
21 10
43 21
18 8
26 12
9 4
35 17
37 18
29 14
2 0
42 20
28 13
44 21
25 12
41 20
30 14
45 22
8 3
46 22
10 4
4 1
13 6
1 0
40 19
48
17 8
15 7
29 14
9 4
10 4
5 2
4 1
47 23
6 2
28 13
20 9
40 19
41 20
32 15
39 19
16 7
31 15
3 1
44 21
2 0
30 14
35 17
19 9
8 3
21 10
27 13
14 6
1 0
24 11
23 11
37 18
13 6
25 12
26 12
33 16
45 22
46 22
12 5
7 3
42 20
36 17
43 21
38 18
11 5
18 8
34 16
22 10
48
11 5
18 8
34 16
33 16
46 22
14 6
47 23
45 22
16 7
21 10
3 1
43 21
24 11
7 3
1 0
6 2
25 12
10 4
13 6
12 5
31 15
26 12
8 3
44 21
20 9
41 20
23 11
15 7
38 18
40 19
2 0
36 17
37 18
17 8
42 20
4 1
22 10
9 4
5 2
19 9
32 15
27 13
28 13
35 17
30 14
29 14
39 19
48
21 10
4 1
9 4
24 11
35 17
41 20
40 19
1 0
20 9
26 12
14 6
3 1
36 17
31 15
13 6
42 20
43 21
6 2
45 22
18 8
32 15
29 14
30 14
11 5
47 23
19 9
28 13
10 4
39 19
25 12
44 21
17 8
46 22
16 7
15 7
12 5
22 10
2 0
5 2
27 13
37 18
33 16
7 3
34 16
23 11
8 3
38 18
48
7 3
20 9
18 8
39 19
21 10
29 14
6 2
12 5
42 20
10 4
43 21
41 20
3 1
25 12
46 22
8 3
30 14
33 16
2 0
34 16
26 12
31 15
14 6
15 7
32 15
40 19
19 9
4 1
37 18
11 5
23 11
17 8
13 6
45 22
24 11
35 17
27 13
38 18
47 23
44 21
1 0
36 17
28 13
5 2
16 7
9 4
22 10
48
4 1
43 21
3 1
33 16
32 15
7 3
23 11
26 12
9 4
37 18
44 21
39 19
46 22
29 14
18 8
19 9
38 18
8 3
11 5
27 13
31 15
30 14
36 17
25 12
2 0
20 9
16 7
5 2
14 6
15 7
45 22
35 17
13 6
10 4
28 13
22 10
24 11
6 2
34 16
21 10
47 23
40 19
42 20
17 8
41 20
1 0
12 5
48
23 11
6 2
29 14
28 13
11 5
2 0
26 12
3 1
40 19
30 14
8 3
5 2
33 16
19 9
22 10
42 20
31 15
35 17
10 4
39 19
7 3
24 11
15 7
9 4
46 22
25 12
37 18
18 8
45 22
27 13
34 16
20 9
4 1
38 18
16 7
13 6
32 15
17 8
12 5
14 6
36 17
47 23
1 0
44 21
21 10
41 20
43 21
48
12 5
5 2
35 17
25 12
8 3
6 2
36 17
9 4
45 22
16 7
31 15
15 7
23 11
24 11
22 10
20 9
39 19
4 1
46 22
19 9
26 12
30 14
44 21
18 8
32 15
43 21
10 4
42 20
2 0
27 13
14 6
3 1
28 13
7 3
29 14
1 0
17 8
38 18
11 5
41 20
13 6
37 18
47 23
34 16
21 10
33 16
40 19
49
46 22
45 22
6 2
28 13
18 8
39 19
44 21
40 19
34 16
21 10
4 1
20 9
35 17
48 23
31 15
15 7
14 6
22 10
10 4
29 14
2 0
32 15
16 7
19 9
27 13
42 20
25 12
13 6
37 18
12 5
33 16
17 8
36 17
5 2
8 3
23 11
9 4
24 11
41 20
26 12
43 21
38 18
3 1
11 5
1 0
30 14
47 23
7 3
49
36 17
38 18
18 8
7 3
43 21
48 23
32 15
6 2
41 20
27 13
20 9
4 1
33 16
2 0
10 4
9 4
14 6
8 3
23 11
42 20
40 19
34 16
35 17
25 12
45 22
47 23
5 2
16 7
22 10
11 5
29 14
24 11
21 10
31 15
46 22
39 19
19 9
37 18
26 12
28 13
3 1
1 0
15 7
17 8
44 21
12 5
13 6
30 14
50
33 16
43 21
14 6
24 11
2 0
1 0
32 15
37 18
9 4
48 23
28 13
30 14
17 8
29 14
44 21
5 2
16 7
6 2
39 19
45 22
7 3
35 17
22 10
20 9
34 16
46 22
23 11
26 12
12 5
42 20
18 8
25 12
40 19
11 5
19 9
27 13
47 23
4 1
10 4
36 17
41 20
3 1
38 18
8 3
13 6
21 10
49 24
15 7
31 15
50
3 1
26 12
24 11
29 14
18 8
13 6
21 10
47 23
19 9
5 2
39 19
33 16
15 7
28 13
1 0
42 20
41 20
38 18
37 18
27 13
32 15
16 7
49 24
9 4
40 19
22 10
25 12
6 2
23 11
36 17
12 5
31 15
7 3
48 23
44 21
11 5
30 14
17 8
35 17
10 4
45 22
20 9
34 16
46 22
14 6
4 1
43 21
8 3
2 0
51
24 11
42 20
39 19
14 6
8 3
37 18
46 22
41 20
26 12
12 5
27 13
44 21
16 7
10 4
17 8
18 8
35 17
20 9
28 13
50 24
40 19
13 6
6 2
45 22
19 9
49 24
38 18
48 23
5 2
2 0
25 12
31 15
30 14
29 14
23 11
1 0
3 1
43 21
9 4
47 23
21 10
36 17
33 16
32 15
7 3
11 5
15 7
22 10
34 16
4 1
52
29 14
11 5
19 9
42 20
8 3
40 19
25 12
17 8
44 21
41 20
4 1
1 0
10 4
24 11
26 12
47 23
6 2
43 21
32 15
31 15
49 24
34 16
30 14
37 18
23 11
36 17
2 0
14 6
22 10
45 22
5 2
20 9
21 10
7 3
13 6
27 13
3 1
28 13
51 25
16 7
15 7
48 23
50 24
38 18
35 17
12 5
18 8
39 19
9 4
46 22
33 16
52
42 20
20 9
18 8
1 0
24 11
26 12
43 21
36 17
51 25
19 9
28 13
34 16
31 15
29 14
46 22
23 11
16 7
48 23
5 2
45 22
33 16
17 8
37 18
27 13
44 21
41 20
4 1
6 2
7 3
2 0
10 4
8 3
30 14
39 19
38 18
50 24
21 10
47 23
25 12
14 6
11 5
13 6
32 15
12 5
3 1
22 10
15 7
35 17
49 24
40 19
9 4
57
39 19
15 7
11 5
4 1
31 15
41 20
56 27
2 0
7 3
22 10
30 14
49 24
3 1
23 11
26 12
10 4
6 2
34 16
35 17
43 21
29 14
24 11
12 5
28 13
38 18
16 7
27 13
53 26
9 4
1 0
48 23
51 25
13 6
52 25
14 6
37 18
55 27
21 10
47 23
40 19
54 26
50 24
44 21
32 15
19 9
33 16
42 20
5 2
8 3
36 17
18 8
46 22
25 12
17 8
20 9
45 22
