39
35
34 16
15 7
31 15
27 13
32 15
8 3
19 9
21 10
11 5
18 8
25 12
9 4
33 16
14 6
4 1
2 0
17 8
13 6
23 11
29 14
7 3
3 1
30 14
1 0
12 5
28 13
26 12
22 10
16 7
24 11
5 2
6 2
20 9
10 4
36
3 1
34 16
28 13
10 4
12 5
26 12
16 7
7 3
22 10
4 1
5 2
1 0
30 14
35 17
31 15
8 3
23 11
32 15
24 11
2 0
11 5
13 6
33 16
14 6
18 8
20 9
27 13
29 14
6 2
25 12
15 7
9 4
17 8
21 10
19 9
40
31 15
27 13
17 8
21 10
23 11
5 2
26 12
34 16
32 15
12 5
4 1
11 5
29 14
37 18
36 17
33 16
24 11
9 4
13 6
14 6
7 3
3 1
20 9
2 0
28 13
19 9
39 19
16 7
30 14
18 8
35 17
22 10
8 3
25 12
1 0
15 7
10 4
6 2
38 18
42
18 8
14 6
17 8
24 11
1 0
11 5
21 10
26 12
20 9
12 5
4 1
25 12
2 0
28 13
34 16
19 9
40 19
13 6
37 18
36 17
5 2
15 7
8 3
6 2
39 19
32 15
33 16
38 18
9 4
29 14
10 4
30 14
31 15
22 10
27 13
41 20
23 11
35 17
3 1
16 7
7 3
42
38 18
9 4
15 7
8 3
35 17
30 14
12 5
20 9
36 17
27 13
2 0
5 2
25 12
28 13
14 6
33 16
11 5
24 11
4 1
23 11
26 12
6 2
1 0
41 20
32 15
18 8
21 10
22 10
29 14
34 16
7 3
19 9
3 1
17 8
39 19
10 4
37 18
16 7
31 15
13 6
40 19
45
11 5
12 5
31 15
8 3
21 10
1 0
5 2
38 18
36 17
7 3
9 4
4 1
2 0
20 9
16 7
32 15
17 8
44 21
39 19
35 17
24 11
15 7
18 8
41 20
43 21
28 13
10 4
34 16
19 9
40 19
42 20
6 2
30 14
3 1
25 12
27 13
22 10
37 18
14 6
33 16
26 12
13 6
29 14
23 11
46
26 12
19 9
23 11
5 2
42 20
13 6
20 9
34 16
44 21
1 0
28 13
35 17
29 14
6 2
37 18
3 1
32 15
17 8
9 4
15 7
10 4
14 6
31 15
12 5
22 10
16 7
30 14
8 3
27 13
7 3
25 12
18 8
24 11
45 22
43 21
33 16
38 18
11 5
21 10
36 17
2 0
41 20
39 19
4 1
40 19
46
43 21
20 9
39 19
13 6
6 2
17 8
35 17
1 0
11 5
12 5
14 6
8 3
3 1
26 12
18 8
23 11
40 19
41 20
33 16
36 17
45 22
10 4
28 13
21 10
37 18
31 15
9 4
29 14
5 2
15 7
2 0
34 16
38 18
27 13
4 1
7 3
16 7
19 9
24 11
44 21
25 12
32 15
30 14
42 20
22 10
47
29 14
42 20
13 6
5 2
23 11
10 4
18 8
39 19
4 1
21 10
45 22
6 2
2 0
43 21
33 16
34 16
28 13
46 22
20 9
11 5
16 7
1 0
41 20
36 17
12 5
35 17
8 3
9 4
19 9
15 7
22 10
7 3
30 14
25 12
31 15
26 12
17 8
32 15
14 6
38 18
3 1
44 21
37 18
40 19
24 11
27 13
47
11 5
33 16
36 17
22 10
12 5
10 4
5 2
29 14
27 13
3 1
34 16
42 20
21 10
41 20
25 12
38 18
2 0
19 9
9 4
6 2
28 13
4 1
26 12
8 3
32 15
15 7
24 11
43 21
37 18
16 7
13 6
46 22
18 8
40 19
23 11
20 9
30 14
45 22
31 15
17 8
1 0
14 6
44 21
35 17
39 19
7 3
47
15 7
38 18
36 17
24 11
16 7
17 8
11 5
42 20
19 9
4 1
34 16
30 14
32 15
35 17
9 4
6 2
3 1
12 5
43 21
40 19
27 13
22 10
45 22
41 20
33 16
37 18
14 6
25 12
21 10
5 2
46 22
31 15
29 14
39 19
44 21
7 3
8 3
18 8
23 11
10 4
2 0
20 9
13 6
28 13
26 12
1 0
47
15 7
1 0
11 5
6 2
29 14
36 17
45 22
2 0
31 15
12 5
42 20
3 1
19 9
44 21
25 12
23 11
8 3
10 4
24 11
27 13
40 19
21 10
32 15
14 6
39 19
28 13
35 17
33 16
30 14
22 10
9 4
26 12
5 2
41 20
20 9
37 18
4 1
34 16
13 6
46 22
18 8
17 8
43 21
16 7
38 18
7 3
47
28 13
21 10
36 17
16 7
6 2
2 0
20 9
41 20
18 8
29 14
40 19
15 7
8 3
38 18
22 10
26 12
23 11
33 16
19 9
27 13
7 3
34 16
46 22
45 22
32 15
44 21
31 15
13 6
24 11
14 6
9 4
12 5
11 5
10 4
39 19
5 2
35 17
25 12
17 8
3 1
1 0
42 20
43 21
30 14
37 18
4 1
48
22 10
21 10
2 0
26 12
4 1
16 7
30 14
1 0
33 16
46 22
47 23
20 9
6 2
31 15
15 7
11 5
14 6
5 2
12 5
39 19
17 8
29 14
19 9
10 4
41 20
27 13
28 13
34 16
38 18
3 1
9 4
44 21
40 19
13 6
7 3
25 12
23 11
42 20
36 17
35 17
37 18
32 15
43 21
18 8
24 11
45 22
8 3
49
23 11
22 10
7 3
41 20
24 11
6 2
16 7
28 13
27 13
20 9
26 12
8 3
25 12
36 17
42 20
12 5
44 21
48 23
19 9
40 19
18 8
17 8
15 7
34 16
2 0
46 22
30 14
33 16
14 6
43 21
4 1
11 5
38 18
32 15
35 17
5 2
29 14
45 22
3 1
47 23
31 15
1 0
13 6
10 4
39 19
9 4
37 18
21 10
49
39 19
18 8
33 16
31 15
26 12
6 2
38 18
48 23
40 19
2 0
46 22
23 11
5 2
12 5
3 1
1 0
29 14
4 1
19 9
27 13
44 21
34 16
41 20
9 4
17 8
11 5
28 13
47 23
22 10
35 17
37 18
7 3
14 6
21 10
45 22
13 6
25 12
8 3
15 7
32 15
24 11
42 20
36 17
20 9
16 7
30 14
43 21
10 4
49
14 6
38 18
18 8
20 9
24 11
11 5
26 12
39 19
7 3
27 13
41 20
40 19
33 16
2 0
43 21
36 17
23 11
19 9
44 21
4 1
29 14
12 5
13 6
47 23
48 23
22 10
30 14
17 8
45 22
5 2
35 17
16 7
3 1
10 4
42 20
25 12
8 3
34 16
32 15
1 0
6 2
37 18
28 13
9 4
15 7
46 22
31 15
21 10
49
21 10
32 15
24 11
25 12
47 23
48 23
36 17
29 14
7 3
1 0
34 16
22 10
44 21
38 18
12 5
23 11
43 21
8 3
35 17
39 19
2 0
26 12
28 13
46 22
14 6
3 1
33 16
27 13
16 7
41 20
17 8
31 15
6 2
30 14
13 6
40 19
5 2
9 4
42 20
4 1
15 7
10 4
18 8
37 18
45 22
11 5
19 9
20 9
50
12 5
25 12
39 19
26 12
35 17
30 14
10 4
28 13
42 20
49 24
38 18
45 22
14 6
21 10
2 0
44 21
24 11
6 2
23 11
4 1
27 13
22 10
11 5
29 14
7 3
13 6
37 18
9 4
36 17
5 2
16 7
48 23
34 16
17 8
18 8
19 9
40 19
31 15
41 20
32 15
33 16
46 22
8 3
3 1
15 7
1 0
43 21
47 23
20 9
51
47 23
4 1
8 3
23 11
13 6
12 5
17 8
45 22
32 15
28 13
29 14
20 9
1 0
3 1
10 4
35 17
9 4
21 10
5 2
46 22
44 21
34 16
41 20
42 20
6 2
14 6
31 15
36 17
30 14
38 18
25 12
26 12
37 18
39 19
43 21
15 7
19 9
49 24
22 10
24 11
33 16
27 13
2 0
50 24
48 23
18 8
11 5
16 7
40 19
7 3
52
21 10
33 16
47 23
3 1
29 14
15 7
24 11
51 25
39 19
23 11
27 13
44 21
16 7
4 1
34 16
38 18
2 0
50 24
30 14
20 9
5 2
41 20
11 5
7 3
14 6
22 10
18 8
31 15
19 9
10 4
6 2
12 5
36 17
28 13
25 12
32 15
43 21
35 17
9 4
17 8
13 6
26 12
8 3
42 20
37 18
49 24
46 22
40 19
1 0
45 22
48 23
52
30 14
37 18
17 8
7 3
46 22
25 12
45 22
51 25
11 5
43 21
12 5
6 2
19 9
22 10
48 23
42 20
4 1
31 15
47 23
24 11
1 0
49 24
5 2
15 7
26 12
38 18
29 14
21 10
28 13
34 16
41 20
16 7
35 17
39 19
10 4
27 13
13 6
40 19
2 0
50 24
44 21
32 15
8 3
18 8
3 1
33 16
36 17
20 9
14 6
9 4
23 11
53
27 13
34 16
5 2
8 3
44 21
40 19
47 23
12 5
29 14
33 16
23 11
13 6
42 20
21 10
20 9
14 6
10 4
52 25
18 8
19 9
28 13
11 5
32 15
35 17
46 22
51 25
38 18
16 7
1 0
26 12
48 23
24 11
3 1
41 20
50 24
7 3
31 15
25 12
9 4
17 8
39 19
15 7
43 21
45 22
22 10
2 0
4 1
6 2
37 18
36 17
49 24
30 14
53
36 17
45 22
26 12
48 23
46 22
40 19
8 3
21 10
29 14
38 18
41 20
17 8
24 11
22 10
18 8
20 9
9 4
42 20
52 25
28 13
35 17
16 7
51 25
33 16
19 9
27 13
30 14
39 19
14 6
31 15
10 4
7 3
32 15
44 21
25 12
2 0
12 5
47 23
50 24
5 2
23 11
37 18
34 16
6 2
13 6
1 0
3 1
49 24
43 21
15 7
11 5
4 1
54
48 23
6 2
4 1
11 5
16 7
41 20
25 12
10 4
38 18
1 0
26 12
42 20
27 13
19 9
37 18
5 2
8 3
40 19
52 25
46 22
44 21
33 16
20 9
45 22
39 19
21 10
32 15
31 15
9 4
50 24
53 26
24 11
23 11
43 21
35 17
29 14
49 24
7 3
28 13
30 14
3 1
17 8
14 6
51 25
22 10
13 6
2 0
12 5
36 17
47 23
34 16
18 8
15 7
55
16 7
47 23
51 25
28 13
10 4
15 7
31 15
2 0
18 8
32 15
34 16
45 22
42 20
14 6
46 22
35 17
48 23
19 9
50 24
22 10
21 10
52 25
27 13
26 12
25 12
41 20
24 11
5 2
54 26
17 8
53 26
8 3
40 19
23 11
43 21
39 19
1 0
37 18
11 5
4 1
20 9
13 6
6 2
44 21
9 4
12 5
30 14
36 17
33 16
29 14
7 3
3 1
38 18
49 24
55
39 19
21 10
41 20
52 25
3 1
13 6
40 19
4 1
35 17
23 11
32 15
53 26
9 4
11 5
10 4
15 7
47 23
34 16
25 12
29 14
24 11
28 13
44 21
16 7
50 24
17 8
14 6
27 13
33 16
54 26
43 21
7 3
37 18
18 8
26 12
48 23
38 18
12 5
19 9
1 0
45 22
46 22
20 9
51 25
31 15
8 3
5 2
42 20
30 14
36 17
49 24
6 2
22 10
2 0
56
11 5
10 4
12 5
50 24
36 17
46 22
1 0
55 27
41 20
9 4
38 18
30 14
25 12
7 3
16 7
20 9
13 6
40 19
42 20
35 17
53 26
27 13
23 11
49 24
19 9
52 25
26 12
24 11
39 19
8 3
45 22
43 21
18 8
15 7
22 10
32 15
2 0
29 14
54 26
5 2
51 25
21 10
17 8
33 16
14 6
28 13
6 2
48 23
3 1
34 16
31 15
37 18
47 23
4 1
44 21
56
32 15
47 23
3 1
45 22
49 24
34 16
22 10
48 23
23 11
1 0
27 13
9 4
39 19
10 4
53 26
14 6
2 0
28 13
38 18
41 20
25 12
11 5
8 3
4 1
33 16
29 14
5 2
18 8
44 21
55 27
50 24
37 18
54 26
20 9
40 19
19 9
7 3
26 12
13 6
35 17
51 25
42 20
6 2
31 15
12 5
16 7
21 10
17 8
30 14
43 21
36 17
24 11
15 7
46 22
52 25
58
10 4
19 9
26 12
49 24
57 28
33 16
54 26
18 8
32 15
14 6
11 5
43 21
38 18
36 17
44 21
46 22
28 13
56 27
37 18
25 12
16 7
6 2
13 6
51 25
50 24
39 19
29 14
40 19
42 20
31 15
9 4
34 16
4 1
3 1
27 13
17 8
15 7
35 17
20 9
23 11
53 26
1 0
45 22
41 20
30 14
48 23
21 10
2 0
52 25
7 3
8 3
5 2
47 23
24 11
12 5
55 27
22 10
58
42 20
57 28
23 11
10 4
21 10
48 23
40 19
8 3
43 21
16 7
20 9
46 22
39 19
32 15
53 26
24 11
7 3
25 12
41 20
14 6
11 5
45 22
26 12
31 15
15 7
49 24
38 18
22 10
19 9
3 1
28 13
5 2
36 17
2 0
30 14
33 16
35 17
1 0
47 23
27 13
55 27
50 24
6 2
54 26
17 8
12 5
29 14
18 8
52 25
13 6
37 18
44 21
34 16
9 4
51 25
4 1
56 27
59
19 9
6 2
45 22
21 10
15 7
30 14
27 13
58 28
39 19
55 27
29 14
40 19
37 18
50 24
26 12
47 23
51 25
4 1
2 0
24 11
3 1
34 16
53 26
46 22
54 26
13 6
44 21
36 17
5 2
17 8
52 25
20 9
57 28
12 5
25 12
23 11
11 5
8 3
42 20
49 24
7 3
56 27
18 8
9 4
22 10
10 4
1 0
33 16
43 21
14 6
32 15
31 15
35 17
28 13
48 23
38 18
16 7
41 20
59
54 26
18 8
40 19
1 0
6 2
16 7
43 21
8 3
22 10
5 2
41 20
46 22
17 8
20 9
7 3
58 28
30 14
47 23
39 19
29 14
37 18
14 6
53 26
38 18
56 27
50 24
45 22
19 9
48 23
44 21
3 1
11 5
34 16
52 25
12 5
21 10
33 16
28 13
26 12
36 17
55 27
23 11
4 1
31 15
25 12
51 25
24 11
10 4
35 17
42 20
2 0
57 28
49 24
32 15
9 4
27 13
15 7
13 6
60
27 13
1 0
24 11
40 19
4 1
45 22
25 12
14 6
35 17
23 11
26 12
20 9
43 21
39 19
42 20
15 7
54 26
5 2
6 2
8 3
44 21
38 18
30 14
29 14
36 17
51 25
58 28
13 6
48 23
10 4
56 27
16 7
49 24
32 15
50 24
52 25
22 10
18 8
57 28
34 16
46 22
3 1
41 20
19 9
55 27
12 5
53 26
28 13
7 3
17 8
47 23
2 0
37 18
31 15
59 29
11 5
9 4
21 10
33 16
60
12 5
30 14
56 27
52 25
26 12
11 5
8 3
46 22
33 16
10 4
17 8
39 19
48 23
2 0
37 18
3 1
9 4
25 12
18 8
35 17
31 15
54 26
29 14
28 13
55 27
40 19
36 17
4 1
7 3
13 6
27 13
57 28
44 21
42 20
22 10
47 23
6 2
53 26
49 24
20 9
14 6
5 2
59 29
50 24
58 28
32 15
21 10
41 20
23 11
19 9
45 22
16 7
34 16
15 7
38 18
1 0
43 21
24 11
51 25
60
31 15
19 9
9 4
57 28
25 12
43 21
47 23
58 28
15 7
4 1
53 26
45 22
17 8
7 3
55 27
6 2
30 14
39 19
59 29
33 16
5 2
29 14
20 9
12 5
10 4
24 11
51 25
44 21
32 15
50 24
54 26
34 16
56 27
46 22
40 19
8 3
14 6
11 5
38 18
48 23
21 10
37 18
1 0
35 17
41 20
22 10
27 13
28 13
16 7
23 11
13 6
26 12
42 20
3 1
18 8
52 25
49 24
36 17
2 0
61
21 10
25 12
14 6
16 7
49 24
13 6
42 20
37 18
19 9
48 23
4 1
3 1
43 21
46 22
9 4
34 16
59 29
35 17
8 3
20 9
53 26
52 25
54 26
17 8
26 12
29 14
15 7
39 19
5 2
57 28
33 16
55 27
32 15
31 15
50 24
45 22
23 11
36 17
58 28
28 13
40 19
11 5
7 3
47 23
10 4
24 11
30 14
2 0
27 13
44 21
6 2
56 27
22 10
1 0
38 18
12 5
41 20
18 8
51 25
60 29
62
22 10
28 13
12 5
34 16
23 11
16 7
25 12
58 28
4 1
60 29
15 7
1 0
11 5
36 17
45 22
33 16
54 26
55 27
40 19
32 15
19 9
17 8
10 4
20 9
8 3
44 21
21 10
7 3
18 8
43 21
59 29
2 0
39 19
5 2
35 17
31 15
50 24
51 25
13 6
26 12
42 20
37 18
48 23
38 18
9 4
49 24
56 27
57 28
61 30
53 26
14 6
27 13
29 14
47 23
41 20
3 1
46 22
6 2
52 25
24 11
30 14
65
39 19
54 26
59 29
12 5
53 26
6 2
64 31
42 20
27 13
15 7
37 18
4 1
23 11
29 14
63 31
13 6
2 0
30 14
34 16
48 23
3 1
8 3
24 11
16 7
56 27
33 16
17 8
5 2
36 17
10 4
22 10
57 28
43 21
61 30
55 27
49 24
28 13
9 4
26 12
14 6
18 8
58 28
41 20
50 24
21 10
47 23
25 12
40 19
46 22
35 17
45 22
20 9
62 30
7 3
51 25
52 25
38 18
1 0
19 9
60 29
32 15
11 5
44 21
31 15
