1
2000
1228 613
465 232
564 281
798 398
1192 595
88 43
1910 954
405 202
446 222
808 403
1610 804
1318 658
952 475
1619 809
1163 581
448 223
218 108
982 490
1058 528
1916 957
1551 775
938 468
1321 660
761 380
1121 560
1440 719
295 147
988 493
1418 708
1003 501
1517 758
1817 908
1307 653
156 77
1539 769
335 167
1232 615
1389 694
1225 612
1635 817
393 196
637 318
896 447
1125 562
646 322
831 415
793 396
781 390
1868 933
3 1
1505 752
364 181
1788 893
49 24
490 244
325 162
1905 952
1960 979
1476 737
519 259
253 126
260 129
764 381
1911 955
696 347
1674 836
1685 842
1006 502
898 448
377 188
1927 963
604 301
175 87
601 300
530 264
1130 564
439 219
332 165
1007 503
871 435
322 160
87 43
401 200
1632 815
1169 584
1547 773
544 271
467 233
1509 754
653 326
818 408
139 69
1067 533
1324 661
1000 499
1081 540
730 364
1297 648
480 239
1221 610
1716 857
369 184
129 64
668 333
1252 625
1227 613
1792 895
975 487
406 202
1962 980
1903 951
1565 782
890 444
1695 847
346 172
1215 607
1033 516
330 164
1953 976
660 329
960 479
893 446
228 113
1763 881
524 261
1452 725
151 75
1474 736
1433 716
1793 896
1882 940
980 489
1105 552
1332 665
1800 899
947 473
892 445
1974 986
553 276
750 374
1836 917
1696 847
1417 708
1673 836
1119 559
178 88
236 117
412 205
1775 887
271 135
656 327
1840 919
46 22
848 423
824 411
1242 620
1268 633
59 29
826 412
34 16
1426 712
522 260
64 31
1732 865
716 357
1451 725
246 122
194 96
1965 982
863 431
1333 666
996 497
1883 941
1711 855
1987 993
1031 515
875 437
419 209
1346 672
1595 797
931 465
477 238
1358 678
1932 965
264 131
510 254
1688 843
1277 638
1706 852
1116 557
1875 937
245 122
1637 818
31 15
1574 786
955 477
1648 823
1159 579
1066 532
337 168
486 242
1804 901
1205 602
1760 879
1710 854
1034 516
914 456
769 384
622 310
602 300
1617 808
724 361
92 45
611 305
170 84
533 266
1684 841
1701 850
1944 971
1963 981
1801 900
1831 915
641 320
1029 514
1102 550
40 19
885 442
760 379
1396 697
923 461
1640 819
822 410
1090 544
972 485
581 290
373 186
550 274
1045 522
276 137
1997 998
681 340
82 40
748 373
1838 918
1486 742
1249 624
1032 515
1209 604
977 488
33 16
631 315
821 410
1639 819
1070 534
273 136
1900 949
1149 574
1506 752
1310 654
469 234
1145 572
1148 573
1229 614
1342 670
738 368
707 353
1778 888
1368 683
1679 839
157 78
1392 695
1544 771
279 139
1541 770
1236 617
1280 639
1841 920
1210 604
1454 726
983 491
1191 595
109 54
1334 666
268 133
1670 834
418 208
1884 941
797 398
237 118
1876 937
258 128
53 26
1854 926
1694 846
466 232
491 245
75 37
1499 749
1745 872
506 252
1638 818
868 433
438 218
1086 542
706 352
1109 554
569 284
1761 880
956 477
1671 835
1798 898
1489 744
853 426
1406 702
372 185
107 53
122 60
1553 776
168 83
1195 597
1662 830
26 12
779 389
1084 541
669 334
991 495
747 373
306 152
1353 676
785 392
95 47
1306 652
1015 507
300 149
420 209
1786 892
1566 782
22 10
762 380
535 267
162 80
767 383
1894 946
1294 646
965 482
120 59
714 356
1103 551
1369 684
1504 751
27 13
1099 549
318 158
570 284
1709 854
849 424
717 358
1040 519
1849 924
1598 798
453 226
1573 786
903 451
481 240
941 470
577 288
1914 956
449 224
99 49
884 441
1477 738
131 65
962 480
942 470
1140 569
1522 760
1276 637
586 292
1537 768
326 162
1133 566
1432 715
1164 581
951 475
275 137
574 286
587 293
231 115
645 322
1740 869
1337 668
1122 560
297 148
858 428
1118 558
445 222
667 333
333 166
1995 997
676 337
612 305
138 68
1431 715
1219 609
744 371
1201 600
915 457
470 234
331 165
172 85
317 158
1600 799
985 492
543 271
1264 631
1780 889
458 228
1820 909
1523 761
1060 529
76 37
402 200
1508 753
1150 574
596 297
1785 892
704 351
1532 765
1050 524
1951 975
772 385
1261 630
229 114
752 375
1943 971
478 238
1278 638
365 182
361 180
1141 570
1129 564
613 306
241 120
880 439
207 103
1686 842
1453 726
1697 848
176 87
1329 664
184 91
1374 686
1703 851
629 314
1022 510
450 224
1937 968
1825 912
1939 969
1004 501
1552 775
1712 855
196 97
286 142
1873 936
1895 947
1077 538
639 319
18 8
1361 680
575 287
1206 602
432 215
354 176
497 248
516 257
787 393
1787 893
1935 967
529 264
436 217
1998 998
726 362
1166 582
1602 800
1773 886
1162 580
1930 964
844 421
954 476
334 166
1 0
829 414
525 262
339 169
624 311
180 89
37 18
906 452
1051 525
155 77
1765 882
1689 844
1948 973
1351 675
492 245
1503 751
609 304
12 5
1175 587
1046 522
900 449
657 328
159 79
43 21
1548 773
1080 539
250 124
678 338
1214 606
1376 687
93 46
1651 825
803 401
589 294
1790 894
80 39
200 99
1657 828
1616 807
1863 931
585 292
1096 547
846 422
1113 556
1269 634
511 255
1656 827
488 243
1377 688
444 221
811 405
1853 926
1782 890
1425 712
916 457
1104 551
1315 657
1314 656
1338 668
1747 873
1339 669
993 496
379 189
1146 572
387 193
1381 690
1938 968
1794 896
794 396
42 20
464 231
484 241
1160 579
1296 647
1976 987
1244 621
1554 776
498 248
48 23
1899 949
541 270
1367 683
311 155
957 478
718 358
1527 763
1135 567
878 438
1979 989
1300 649
1892 945
261 130
939 469
663 331
350 174
1223 611
1177 588
1056 527
100 49
110 54
126 62
1705 852
590 294
1502 750
1690 844
1491 745
1391 695
1231 615
1877 938
1170 584
474 236
1385 692
576 287
234 116
1989 994
51 25
1826 912
1636 817
1954 976
1810 904
359 179
755 377
1833 916
1753 876
1044 521
1865 932
1320 659
1707 853
395 197
598 298
729 364
1490 744
1151 575
1725 862
1594 796
594 296
855 427
720 359
1665 832
1649 824
38 18
1285 642
476 237
134 66
1202 600
386 192
1661 830
307 153
1398 698
825 412
1994 996
1608 803
1014 506
968 483
1089 544
1682 840
911 455
1271 635
327 163
994 496
186 92
473 236
1545 772
1413 706
932 465
199 99
1940 969
1557 778
1079 539
1226 612
1287 643
1328 663
1468 733
256 127
132 65
1411 705
1878 938
1409 704
1498 748
1762 880
1055 527
1039 519
998 498
244 121
928 463
283 141
662 330
1068 533
328 163
1257 628
722 360
640 319
1823 911
1020 509
1408 703
320 159
839 419
565 282
743 371
867 433
733 366
1311 655
1349 674
1772 885
1194 596
16 7
1061 530
1193 596
1768 883
1258 628
29 14
625 312
113 56
509 254
568 283
1533 766
494 246
1581 790
435 217
913 456
1519 759
434 216
1748 873
459 229
374 186
737 368
1529 764
1881 940
1971 985
1178 588
921 460
1181 590
827 413
399 199
1802 900
1874 936
1542 770
912 455
1871 935
230 114
166 82
1373 686
642 320
280 139
789 394
636 317
713 356
1357 678
274 136
5 2
1028 513
1158 578
1580 789
1528 763
682 340
1402 700
1484 741
1700 849
677 338
1942 970
1340 669
210 104
198 98
383 191
1395 697
1305 652
1708 853
626 312
462 230
1237 618
1048 523
1472 735
1749 874
1319 659
1634 816
1879 939
1978 988
872 435
1969 984
1485 742
1263 631
83 41
1666 832
758 378
1478 738
1577 788
352 175
1728 863
65 32
1463 731
786 392
501 250
1008 503
1777 888
694 346
614 306
291 145
1325 662
973 486
974 486
865 432
1964 981
1290 644
643 321
1312 655
1394 696
1165 582
471 235
851 425
1543 771
1082 540
925 462
1561 780
1281 640
1985 992
1642 820
167 83
780 389
1758 878
1019 509
32 15
526 262
1292 645
1555 777
1075 537
547 273
201 100
1628 813
353 176
894 446
1625 812
1741 870
557 278
500 249
316 157
224 111
1188 593
920 459
1291 645
1525 762
870 434
116 57
1496 747
801 400
457 228
1776 887
397 198
1401 700
1851 925
189 94
278 138
1751 875
1901 950
1692 845
384 191
1441 720
117 58
1238 618
171 85
1427 713
4 1
211 105
190 94
1085 542
1018 508
1811 905
1378 688
289 144
1764 881
1360 679
262 130
214 106
1643 821
1669 834
623 311
1074 536
347 173
1157 578
1536 767
1931 965
1603 801
89 44
1382 690
1211 605
1362 680
179 89
1848 923
1500 749
356 177
545 272
1779 889
934 466
989 494
518 258
400 199
782 390
1880 939
404 201
734 366
1387 693
582 290
592 295
814 406
845 422
866 432
1934 966
45 22
621 310
1512 755
263 131
693 346
736 367
298 148
1982 990
1869 934
1347 673
800 399
778 388
54 26
1459 729
1928 963
1668 833
523 261
1186 592
1218 608
323 161
634 316
1596 797
561 280
78 38
94 46
572 285
1518 758
342 170
1558 778
1592 795
978 488
1187 593
546 272
452 225
269 134
381 190
842 420
715 357
969 484
1083 541
1217 608
1681 840
50 24
783 391
70 34
1919 959
216 107
1030 514
86 42
1444 721
463 231
1614 806
1298 648
1562 780
556 277
150 74
407 203
217 108
154 76
1819 909
1010 504
1733 866
1585 792
1990 994
1407 703
1641 820
1154 576
204 101
1152 575
1730 864
701 350
1400 699
183 91
527 263
727 363
57 28
655 327
958 478
830 414
1604 801
901 450
441 220
1936 967
774 386
817 408
137 68
795 397
1575 787
1678 838
552 275
146 72
1835 917
1896 947
1197 598
1424 711
468 233
1384 691
809 404
723 361
181 90
619 309
392 195
1816 907
454 226
961 480
1100 549
1511 755
1739 869
1627 813
1428 713
644 321
429 214
1462 730
1247 623
91 45
540 269
1107 553
684 341
98 48
1488 743
1172 585
843 421
1076 537
1455 727
670 334
272 135
1601 800
1309 654
964 481
1445 722
688 343
1961 980
770 384
759 379
30 14
1756 877
1262 630
828 413
1120 559
112 55
1795 897
1176 587
430 214
661 330
768 383
147 73
1026 512
1095 547
1829 914
1582 790
1388 693
1612 805
1837 918
850 424
1370 684
836 417
135 67
136 67
918 458
1887 943
382 190
1042 520
647 323
1430 714
427 213
102 50
1549 774
182 90
1461 730
1101 550
654 326
997 498
1866 932
1212 605
891 445
1180 589
105 52
1977 988
1284 641
163 81
378 188
1861 930
9 4
1797 898
60 29
799 399
1626 812
555 277
368 183
1137 568
1860 929
358 178
1184 591
1622 810
1288 643
242 120
1301 650
1966 982
1005 502
847 423
834 416
1922 960
857 428
1414 706
209 104
385 192
243 121
728 363
1390 694
930 464
558 278
1915 957
1693 846
1609 804
114 56
771 385
1352 675
25 12
193 96
1563 781
584 291
1996 997
835 417
1049 524
593 296
197 98
252 125
158 78
1933 966
1494 746
1435 717
133 66
924 461
877 438
1858 928
20 9
1973 986
757 378
1059 529
142 70
1952 975
1993 996
388 193
1999 999
1434 716
1098 548
554 276
1754 876
414 206
1204 601
1676 837
691 345
1043 521
1821 910
1021 510
277 138
36 17
321 160
515 257
1534 766
1647 823
1535 767
1540 769
933 466
288 143
1241 620
862 430
1114 556
1027 513
807 403
1650 824
1009 504
1323 661
940 469
1255 627
705 352
1136 567
1259 629
1714 856
719 359
1251 625
62 30
1355 677
1047 523
571 285
1147 573
56 27
143 71
141 70
1723 861
208 103
1350 674
874 436
967 483
833 416
840 419
1675 837
1335 667
426 212
1584 791
1243 621
1631 815
84 41
1516 757
1449 724
1734 866
1265 632
971 485
1380 689
1513 756
1179 589
130 64
542 270
422 210
1750 874
1093 546
504 251
897 448
1766 882
223 111
1655 827
910 454
1479 739
329 164
1438 718
1814 906
1774 886
1393 696
944 471
235 117
81 40
1399 699
806 402
1567 783
1904 951
1200 599
341 170
1482 740
1906 952
1870 934
1588 793
854 426
1345 672
1986 992
416 207
35 17
1405 702
312 155
665 332
1016 507
1035 517
692 345
1167 583
301 150
1717 858
1759 879
302 150
101 50
67 33
887 443
315 157
861 430
775 387
1442 720
1803 901
304 151
813 406
336 167
19 9
1421 710
1054 526
472 235
899 449
1947 973
1752 875
949 474
1470 734
512 255
220 109
1025 512
742 370
1857 928
703 351
1926 962
741 370
666 332
410 204
1013 506
502 250
1344 671
1422 710
1737 868
1889 944
588 293
1322 660
1531 765
1198 598
664 331
222 110
876 437
1653 826
1605 802
1783 891
1893 946
617 308
1683 841
1815 907
1856 927
721 360
819 409
482 240
883 441
671 335
618 308
1220 609
257 128
1092 545
28 13
740 369
108 53
77 38
1917 958
205 102
1216 607
946 472
999 499
1583 791
1796 897
7 3
103 51
281 140
1920 959
1586 792
1142 570
97 48
1968 983
1447 723
1660 829
562 280
1087 543
1923 961
521 260
1791 895
79 39
8 3
735 367
1359 679
17 8
61 30
413 206
1897 948
1736 867
123 61
1664 831
1495 747
1845 922
1727 863
144 71
148 73
1189 594
1363 681
790 394
90 44
460 229
1299 649
1412 705
1248 623
1984 991
1053 526
1808 903
290 144
177 88
1041 520
1839 919
711 355
675 337
1885 942
551 275
1623 811
859 429
58 28
810 404
1273 636
169 84
495 247
215 107
376 187
1234 616
1981 990
1526 762
886 442
225 112
1757 878
437 218
1645 822
1738 868
1036 517
1941 970
922 460
1890 944
1844 921
864 431
1330 664
270 134
1174 586
1386 692
1902 950
1012 505
259 129
1466 732
303 151
72 35
539 269
1372 685
1073 536
1959 979
929 464
753 376
1597 798
1475 737
1556 777
1443 721
1203 601
1256 627
1925 962
1293 646
514 256
1521 760
937 468
1576 787
507 253
731 365
185 92
456 227
1667 833
455 227
282 140
838 418
1924 961
1743 871
766 382
1842 920
595 297
1958 978
987 493
1579 789
1173 586
1607 803
895 447
160 79
1274 636
284 141
1267 633
1481 740
1190 594
1456 727
443 221
1126 562
408 203
549 274
1448 723
41 20
1457 728
1469 734
1403 701
559 279
627 313
1168 583
1955 977
698 348
674 336
1199 599
1514 756
1967 983
1302 650
125 62
255 127
963 481
841 420
687 343
371 185
324 161
285 142
1742 870
15 7
1718 858
1644 821
725 362
1326 662
164 81
1515 757
1590 794
367 183
1250 624
1072 535
1138 568
1702 850
904 451
1847 923
85 42
1279 639
493 246
1988 993
697 348
907 453
1063 531
219 109
299 149
1128 563
652 325
106 52
319 159
221 110
1980 989
161 80
1704 851
1633 816
745 372
1862 930
792 395
1222 610
1886 942
597 298
1769 884
528 263
673 336
746 372
805 402
1852 925
536 267
1062 530
292 145
475 237
111 55
293 146
232 115
1864 931
1383 691
1153 576
1784 891
532 265
1316 657
513 256
1038 518
919 459
1423 711
1949 974
651 325
763 381
1131 565
1183 591
1611 805
1855 927
1659 829
1827 913
409 204
370 184
1439 719
1913 956
672 335
24 11
820 409
52 25
1722 860
1746 872
1812 905
1094 546
773 386
344 171
266 132
1052 525
1859 929
816 407
791 395
1272 635
732 365
1343 671
1446 722
1283 641
485 242
115 57
66 32
926 462
608 303
1155 577
398 198
1618 808
695 347
417 208
1698 848
74 36
1437 718
1371 685
44 21
635 317
1313 656
440 219
970 484
461 230
1972 985
11 5
936 467
1621 810
294 146
152 75
1834 916
309 154
638 318
390 194
927 463
203 101
699 349
708 353
1569 784
68 33
788 393
658 328
349 174
837 418
517 258
47 23
191 95
1624 811
233 116
1672 835
1420 709
313 156
487 243
1410 704
396 197
1492 745
943 471
1755 877
610 304
145 72
421 210
1260 629
340 169
188 93
69 34
712 355
96 47
1724 861
124 61
287 143
1652 825
1767 883
1970 984
63 31
616 307
1946 972
1002 500
343 171
1246 622
1336 667
879 439
1464 731
1888 943
314 156
1771 885
632 315
686 342
1850 924
1572 785
73 36
1729 864
1023 511
375 187
1354 676
905 452
548 273
174 86
680 339
1615 807
1560 779
360 179
948 473
1898 948
362 180
599 299
1680 839
1024 511
254 126
226 112
1908 953
832 415
1822 910
563 281
1809 904
1719 859
508 253
1143 571
690 344
917 458
520 259
1956 977
1891 945
118 58
1289 644
776 387
1286 642
1240 619
1921 960
1726 862
1663 831
615 307
1069 534
206 102
1404 701
945 472
128 63
14 6
630 314
1824 911
765 382
21 10
1507 753
447 223
1480 739
442 220
1713 856
606 302
751 375
23 11
567 283
739 369
149 74
1520 759
534 266
888 443
1929 964
992 495
1992 995
496 247
39 19
710 354
1975 987
1112 555
355 177
1233 616
1587 793
689 344
503 251
935 467
119 59
1830 914
815 407
1799 899
1654 826
423 211
310 154
679 339
700 349
620 309
1473 736
251 125
1846 922
1303 651
591 295
1487 743
1037 518
267 133
1235 617
1196 597
489 244
479 239
1731 865
659 329
583 291
483 241
338 168
1436 717
1088 543
566 282
415 207
1397 698
1720 859
1806 902
55 27
1691 845
600 299
1275 637
1308 653
976 487
127 63
240 119
1327 663
1419 709
984 491
351 175
649 324
1950 974
202 100
1364 681
531 265
424 211
1559 779
1805 902
1699 849
363 181
1115 557
451 225
756 377
979 489
1550 774
1571 785
239 119
856 427
1110 554
1064 531
1161 580
1106 552
702 350
648 323
1375 687
537 268
192 95
633 316
1331 665
345 172
1123 561
1497 748
1629 814
227 113
140 69
909 454
603 301
391 195
1304 651
1907 953
1254 626
1091 545
628 313
1912 955
1828 913
1182 590
1144 571
433 216
966 482
1832 915
709 354
1630 814
1224 611
784 391
578 288
1483 741
1065 532
1471 735
605 302
802 400
1458 728
650 324
1366 682
1510 754
754 376
981 490
1721 860
1295 647
1230 614
1843 921
869 434
1918 958
1111 555
1239 619
1124 561
560 279
249 124
265 132
1078 538
804 401
1156 577
1208 603
1818 908
248 123
1245 622
1134 566
1017 508
425 212
296 147
411 205
305 152
1465 732
953 476
873 436
1867 933
1460 729
1589 794
1646 822
1450 724
1213 606
238 118
1493 746
431 215
195 97
1909 954
380 189
1677 838
1770 884
908 453
889 444
1429 714
1813 906
1593 796
247 123
1620 809
990 494
777 388
607 303
1117 558
1872 935
749 374
1108 553
1807 903
1538 768
1606 802
1735 867
6 2
1266 632
1957 978
499 249
104 51
1991 995
986 492
1591 795
1253 626
1207 603
1578 788
1071 535
403 201
1171 585
1341 670
308 153
1524 761
348 173
1983 991
1365 682
1379 689
1568 783
213 106
823 411
852 425
860 429
357 178
882 440
1570 784
1781 890
683 341
881 440
1282 640
1789 894
10 4
1127 563
1687 843
812 405
1185 592
394 196
796 397
579 289
1945 972
1415 707
1467 733
580 289
1132 565
1317 658
173 86
1564 781
71 35
165 82
187 93
959 479
428 213
1348 673
1097 548
505 252
685 342
1270 634
1744 871
121 60
153 76
995 497
1416 707
212 105
1356 677
1599 799
1057 528
538 268
1001 500
1501 750
1715 857
1546 772
13 6
573 286
1613 806
1011 505
2 0
1139 569
366 182
1658 828
902 450
389 194
1530 764
950 474
