5
386
133 70
70 377
70 245
70 44
334 70
70 371
217 70
168 70
70 61
93 70
152 70
70 15
70 48
70 119
70 158
70 33
70 374
222 70
70 205
342 70
70 1
70 352
70 37
207 70
70 210
202 70
70 288
103 70
341 70
70 143
230 70
380 70
47 70
70 235
70 253
70 50
70 36
70 231
111 70
70 40
199 70
70 223
242 70
70 358
70 166
70 297
70 69
287 70
70 64
112 70
31 70
70 52
70 187
70 263
179 70
8 70
70 85
70 56
273 70
70 324
106 70
70 314
298 70
70 186
212 70
70 92
70 184
280 70
218 70
70 332
70 4
28 70
375 70
74 70
70 294
70 57
70 240
80 70
345 70
70 178
319 70
292 70
70 72
70 62
70 107
336 70
70 55
70 232
70 18
70 78
308 70
369 70
70 175
70 376
325 70
192 70
70 134
70 291
70 157
70 258
70 333
70 208
66 70
70 326
70 84
185 70
70 54
70 256
136 70
70 102
70 214
246 70
70 355
70 20
70 43
70 349
115 70
368 70
261 70
70 213
108 70
122 70
142 70
70 17
70 42
70 206
23 70
70 169
70 302
70 299
189 70
310 70
70 260
318 70
70 344
306 70
351 70
70 303
70 366
16 70
51 70
70 350
70 276
70 252
70 373
279 70
70 148
120 70
105 70
70 372
70 71
110 70
70 286
70 357
70 190
70 160
359 70
211 70
356 70
335 70
70 282
70 300
70 347
70 34
91 70
70 131
70 365
70 140
70 201
70 247
70 13
70 181
164 70
101 70
139 70
70 193
370 70
226 70
156 70
70 195
70 97
2 70
289 70
70 360
215 70
70 272
176 70
171 70
127 70
70 283
70 340
9 70
254 70
70 337
49 70
307 70
39 70
216 70
88 70
278 70
10 70
236 70
70 41
277 70
35 70
70 163
305 70
70 153
70 104
19 70
5 70
95 70
126 70
70 79
70 172
70 265
70 81
188 70
70 144
209 70
70 137
70 200
315 70
87 70
170 70
224 70
322 70
70 125
225 70
70 274
269 70
70 191
362 70
21 70
113 70
70 161
70 194
317 70
70 331
26 70
338 70
70 295
70 330
145 70
385 70
138 70
70 25
196 70
70 275
6 70
70 14
321 70
173 70
70 167
70 284
135 70
70 123
219 70
147 70
70 313
383 70
29 70
70 90
70 100
70 290
70 381
70 109
70 255
70 367
234 70
316 70
70 76
70 204
70 45
150 70
70 239
70 82
293 70
266 70
70 354
198 70
70 155
177 70
70 27
11 70
268 70
70 267
162 70
70 24
70 99
70 75
73 70
86 70
384 70
320 70
70 174
70 124
59 70
70 221
203 70
197 70
70 249
70 114
70 149
70 132
248 70
70 262
154 70
227 70
311 70
70 378
159 70
70 251
281 70
70 77
329 70
70 312
70 363
70 68
70 364
70 296
70 180
70 141
22 70
70 323
70 182
70 146
304 70
46 70
70 328
70 53
70 32
70 7
130 70
361 70
241 70
343 70
70 38
70 228
70 238
70 116
70 285
301 70
70 257
353 70
3 70
70 244
70 183
70 220
70 128
70 151
70 339
250 70
309 70
70 30
121 70
70 327
271 70
70 118
117 70
70 348
63 70
233 70
70 94
65 70
70 243
70 259
386 70
270 70
237 70
67 70
379 70
70 83
12 70
70 96
70 165
129 70
346 70
70 89
70 98
60 70
70 229
70 264
382 70
58 70
389
245 141
152 245
245 300
159 245
245 142
245 230
338 245
251 245
245 262
380 245
116 245
245 99
245 39
49 245
245 73
29 245
221 245
209 245
245 314
245 299
245 256
323 245
3 245
245 84
374 245
245 205
243 245
146 245
245 327
269 245
131 245
66 245
245 320
76 245
245 198
188 245
172 245
245 59
204 245
245 114
36 245
245 312
328 245
245 30
163 245
265 245
245 154
173 245
25 245
245 149
245 271
245 77
245 218
245 103
224 245
245 126
245 92
318 245
245 130
225 245
245 197
61 245
175 245
101 245
89 245
337 245
245 120
245 356
245 47
201 245
245 157
178 245
229 245
292 245
245 348
245 40
245 235
245 74
245 20
245 17
245 124
342 245
245 174
245 137
245 368
245 33
121 245
254 245
245 293
245 202
80 245
345 245
203 245
176 245
245 148
1 245
245 160
161 245
125 245
317 245
343 245
245 133
267 245
340 245
14 245
372 245
245 349
245 100
245 297
316 245
245 222
245 285
245 5
245 304
156 245
85 245
259 245
37 245
245 298
245 113
245 191
245 82
280 245
245 91
228 245
245 258
263 245
245 57
245 162
102 245
245 281
245 252
245 26
245 381
367 245
245 275
245 307
245 388
245 108
245 44
245 276
272 245
245 365
389 245
336 245
214 245
245 167
227 245
245 150
245 373
234 245
245 242
72 245
245 11
245 291
98 245
245 38
213 245
109 245
286 245
245 210
245 231
245 64
247 245
245 253
134 245
245 153
245 15
245 232
245 236
245 351
220 245
355 245
245 139
245 171
35 245
170 245
58 245
28 245
245 326
238 245
371 245
226 245
250 245
169 245
245 233
245 196
245 313
245 27
237 245
245 358
245 287
363 245
65 245
245 257
183 245
129 245
309 245
115 245
31 245
245 23
177 245
186 245
211 245
245 282
90 245
245 24
245 128
245 366
245 212
245 362
217 245
70 245
71 245
359 245
361 245
81 245
19 245
60 245
190 245
2 245
354 245
322 245
45 245
83 245
305 245
135 245
270 245
245 87
206 245
68 245
245 51
384 245
245 55
46 245
111 245
303 245
245 155
34 245
127 245
245 75
245 165
249 245
255 245
189 245
376 245
245 132
245 290
245 370
245 193
321 245
245 138
245 18
352 245
117 245
245 54
110 245
245 144
22 245
245 308
21 245
329 245
245 88
245 339
382 245
245 184
245 105
245 310
215 245
151 245
245 239
387 245
294 245
377 245
245 244
375 245
284 245
245 145
245 4
302 245
93 245
245 246
245 8
50 245
245 332
331 245
185 245
245 278
245 13
199 245
216 245
245 16
357 245
245 219
245 324
245 248
245 260
9 245
245 180
245 334
7 245
289 245
245 385
42 245
245 136
279 245
122 245
245 315
353 245
194 245
268 245
104 245
245 143
245 311
333 245
245 78
379 245
187 245
277 245
245 53
118 245
245 10
245 319
245 301
245 364
347 245
245 166
245 341
245 182
245 325
346 245
112 245
386 245
245 369
245 261
245 48
245 274
245 140
245 63
192 245
86 245
69 245
306 245
245 106
245 200
245 123
43 245
245 207
245 264
245 223
245 179
119 245
245 56
360 245
245 330
245 94
245 273
147 245
245 283
245 62
41 245
378 245
245 335
97 245
168 245
52 245
158 245
245 195
266 245
245 32
181 245
245 12
245 79
296 245
67 245
6 245
245 95
245 350
245 107
295 245
288 245
245 241
245 164
245 96
245 208
240 245
344 245
245 383
397
354 180
99 180
180 250
180 345
106 180
180 302
326 180
391 180
388 180
180 309
66 180
96 180
180 261
180 85
355 180
22 180
294 180
243 180
317 180
180 88
180 253
180 80
180 206
89 180
180 188
180 342
180 167
107 180
158 180
180 50
180 371
192 180
180 297
276 180
42 180
216 180
292 180
180 40
194 180
180 58
180 337
74 180
180 232
275 180
10 180
98 180
164 180
180 343
180 169
180 274
180 296
180 257
180 37
17 180
171 180
180 12
210 180
180 336
180 339
142 180
180 165
295 180
180 33
180 320
180 332
180 44
180 104
268 180
160 180
180 241
180 172
180 39
220 180
373 180
196 180
94 180
180 155
374 180
103 180
180 207
180 231
175 180
180 385
180 179
307 180
69 180
180 117
180 143
353 180
180 227
180 108
180 306
180 57
347 180
200 180
147 180
180 11
199 180
180 45
246 180
180 79
180 286
180 248
290 180
313 180
180 97
180 259
82 180
183 180
180 87
102 180
180 341
322 180
163 180
180 244
180 287
180 367
180 8
359 180
180 13
180 280
379 180
180 53
181 180
180 245
365 180
180 366
180 392
180 186
4 180
180 25
180 67
352 180
62 180
346 180
180 32
128 180
357 180
180 30
260 180
154 180
180 267
180 238
303 180
180 228
180 21
180 36
226 180
180 368
180 197
386 180
180 191
93 180
333 180
242 180
262 180
180 387
140 180
173 180
222 180
136 180
29 180
384 180
159 180
180 31
321 180
9 180
264 180
277 180
390 180
20 180
184 180
180 95
126 180
229 180
176 180
190 180
168 180
316 180
180 266
265 180
240 180
180 369
180 110
361 180
180 28
112 180
180 23
180 116
180 3
236 180
156 180
38 180
180 56
180 208
86 180
397 180
288 180
180 118
344 180
180 376
180 212
180 225
180 273
304 180
115 180
180 319
180 121
291 180
308 180
180 146
180 14
111 180
180 6
180 100
180 135
396 180
211 180
234 180
224 180
201 180
180 24
269 180
51 180
180 48
180 170
180 162
180 145
205 180
180 2
180 230
180 217
335 180
180 221
15 180
180 254
318 180
364 180
180 71
180 358
124 180
180 83
180 351
214 180
73 180
383 180
180 41
312 180
180 151
180 255
5 180
65 180
180 330
180 161
360 180
180 301
84 180
282 180
204 180
251 180
43 180
247 180
394 180
180 75
180 157
289 180
180 60
395 180
382 180
362 180
177 180
180 174
180 166
61 180
209 180
331 180
180 256
324 180
180 101
16 180
298 180
91 180
180 18
180 299
285 180
278 180
219 180
180 54
180 139
149 180
235 180
180 189
334 180
180 389
258 180
180 315
49 180
180 123
180 131
180 305
372 180
263 180
180 109
64 180
310 180
152 180
180 1
370 180
283 180
180 113
180 127
81 180
180 215
119 180
59 180
180 300
63 180
138 180
180 270
180 193
180 202
271 180
27 180
325 180
180 223
180 239
363 180
180 381
180 314
19 180
34 180
348 180
323 180
134 180
180 356
46 180
180 72
180 328
233 180
180 380
141 180
338 180
180 133
180 122
180 213
132 180
180 249
180 105
90 180
120 180
55 180
180 137
252 180
180 311
76 180
47 180
148 180
284 180
182 180
180 150
180 378
180 187
180 349
180 70
125 180
180 92
180 153
198 180
130 180
180 350
218 180
293 180
178 180
281 180
340 180
129 180
144 180
180 77
52 180
393 180
377 180
26 180
185 180
329 180
78 180
180 68
180 327
237 180
195 180
375 180
180 279
180 7
180 272
180 203
180 114
180 35
411
139 360
360 347
138 360
360 39
360 137
360 128
158 360
360 185
148 360
360 281
233 360
360 109
382 360
360 277
202 360
47 360
360 146
360 25
119 360
380 360
360 270
360 266
237 360
317 360
360 319
360 76
230 360
258 360
360 213
360 205
360 228
360 72
151 360
19 360
58 360
360 4
360 276
360 304
360 313
78 360
360 41
31 360
360 241
360 254
124 360
121 360
360 265
129 360
360 57
288 360
322 360
360 106
360 197
42 360
360 89
282 360
346 360
360 21
312 360
227 360
343 360
131 360
360 145
385 360
360 293
360 207
24 360
360 231
402 360
401 360
189 360
360 244
360 246
250 360
356 360
206 360
360 102
403 360
360 273
360 147
360 201
326 360
253 360
360 405
82 360
360 23
297 360
154 360
251 360
140 360
360 53
116 360
360 173
360 325
26 360
360 316
328 360
327 360
373 360
248 360
360 310
360 161
360 162
2 360
360 65
360 372
272 360
257 360
360 172
48 360
155 360
71 360
13 360
364 360
362 360
263 360
337 360
360 216
360 59
271 360
360 1
97 360
360 280
360 11
255 360
74 360
360 294
360 188
360 191
360 30
256 360
360 182
225 360
360 386
360 267
409 360
360 186
344 360
360 84
358 360
360 331
212 360
360 220
360 163
360 323
236 360
360 292
360 115
360 245
360 336
360 394
360 350
95 360
92 360
10 360
157 360
20 360
360 243
111 360
164 360
16 360
221 360
360 224
360 45
311 360
159 360
218 360
360 335
368 360
360 406
50 360
275 360
339 360
195 360
360 387
287 360
303 360
360 12
360 404
360 285
73 360
360 96
235 360
360 374
360 36
360 132
360 143
100 360
324 360
239 360
156 360
360 398
360 247
360 22
127 360
101 360
360 352
315 360
199 360
360 183
360 238
395 360
410 360
38 360
112 360
360 309
166 360
60 360
340 360
360 123
360 261
360 211
360 81
360 361
178 360
360 357
360 110
360 105
264 360
360 87
302 360
79 360
209 360
360 391
360 354
360 203
360 67
411 360
120 360
360 381
217 360
299 360
400 360
15 360
360 66
360 136
360 94
192 360
190 360
360 64
259 360
360 135
114 360
141 360
194 360
32 360
70 360
360 279
360 349
360 392
360 175
321 360
360 54
338 360
63 360
37 360
360 104
360 149
360 133
360 314
28 360
360 103
122 360
360 168
360 113
360 152
88 360
34 360
306 360
360 290
360 226
360 295
360 134
360 130
51 360
360 8
52 360
360 144
334 360
360 99
98 360
360 208
370 360
396 360
360 27
360 90
360 40
108 360
360 61
360 29
360 5
379 360
176 360
240 360
68 360
242 360
360 341
360 252
360 332
187 360
360 318
360 330
232 360
360 234
363 360
360 167
284 360
320 360
179 360
360 307
360 351
360 278
126 360
345 360
33 360
360 6
360 390
56 360
397 360
360 210
219 360
360 169
360 377
260 360
360 117
360 289
360 153
360 174
305 360
249 360
262 360
200 360
360 91
360 298
360 393
383 360
17 360
360 171
170 360
360 215
77 360
360 150
365 360
181 360
283 360
296 360
360 408
360 62
49 360
75 360
360 180
7 360
360 222
371 360
80 360
360 9
333 360
18 360
360 355
360 86
85 360
165 360
360 83
376 360
160 360
286 360
384 360
177 360
360 204
360 93
107 360
184 360
360 196
360 125
360 308
46 360
55 360
360 14
35 360
360 274
43 360
360 388
360 223
360 367
360 369
399 360
360 198
360 407
342 360
193 360
360 348
329 360
360 291
375 360
44 360
142 360
229 360
268 360
269 360
118 360
360 359
360 3
301 360
389 360
360 366
214 360
360 300
360 69
353 360
360 378
417
290 41
219 41
377 41
41 129
41 180
41 389
41 74
292 41
193 41
225 41
41 259
198 41
41 12
41 289
41 323
41 89
41 79
41 361
41 250
218 41
41 205
115 41
41 212
41 395
112 41
41 354
98 41
41 406
274 41
140 41
288 41
41 236
41 109
41 209
41 49
41 201
41 107
41 67
264 41
41 110
41 374
353 41
41 382
211 41
41 375
155 41
130 41
41 176
60 41
41 55
41 78
41 366
380 41
156 41
117 41
41 21
41 101
41 216
88 41
281 41
148 41
396 41
340 41
41 352
41 48
41 23
41 303
41 42
278 41
41 397
41 372
384 41
411 41
22 41
41 217
206 41
41 10
41 175
362 41
181 41
41 275
41 345
41 134
283 41
41 188
378 41
385 41
235 41
27 41
41 413
82 41
41 256
41 102
41 91
41 161
251 41
104 41
41 358
41 409
241 41
41 327
331 41
391 41
41 66
41 184
299 41
267 41
41 287
41 334
41 81
41 232
131 41
407 41
41 367
41 227
41 122
41 318
260 41
108 41
116 41
393 41
41 31
41 229
293 41
252 41
41 237
41 35
41 350
365 41
41 46
83 41
41 16
41 400
7 41
41 99
41 165
41 196
398 41
90 41
41 388
41 253
41 326
41 26
111 41
190 41
41 36
314 41
335 41
371 41
41 339
68 41
41 416
41 11
154 41
230 41
61 41
41 248
41 285
41 266
41 127
280 41
41 333
30 41
33 41
41 132
41 126
41 302
45 41
41 347
41 387
315 41
203 41
41 359
166 41
120 41
356 41
41 37
41 20
41 348
408 41
41 95
41 224
254 41
123 41
41 70
41 63
41 143
399 41
41 75
41 147
41 195
59 41
41 221
6 41
41 258
41 257
41 273
41 401
41 417
41 282
41 298
360 41
41 294
177 41
337 41
41 392
41 240
144 41
40 41
41 243
265 41
41 249
41 277
284 41
41 234
412 41
41 87
41 295
215 41
41 357
51 41
41 13
34 41
41 300
41 415
41 47
373 41
41 105
41 338
41 77
41 72
94 41
312 41
41 19
41 344
41 379
349 41
9 41
1 41
57 41
41 150
121 41
41 119
41 404
41 43
71 41
174 41
41 390
179 41
41 403
41 343
324 41
311 41
41 208
204 41
41 5
152 41
41 202
41 336
92 41
41 52
301 41
160 41
376 41
41 159
41 286
142 41
41 39
207 41
41 185
351 41
41 170
41 355
44 41
41 96
8 41
41 239
41 25
54 41
41 199
41 329
41 164
210 41
80 41
41 153
262 41
238 41
246 41
309 41
41 84
41 172
316 41
222 41
213 41
233 41
41 228
328 41
305 41
76 41
41 414
364 41
41 410
14 41
41 270
28 41
183 41
369 41
41 69
272 41
41 141
223 41
41 32
125 41
169 41
321 41
306 41
41 279
41 146
86 41
41 182
93 41
41 128
186 41
41 3
41 118
58 41
402 41
41 191
15 41
245 41
346 41
97 41
41 330
41 124
41 163
103 41
41 310
41 192
41 320
41 405
41 276
41 220
41 291
41 24
41 197
41 4
29 41
41 85
171 41
41 173
268 41
41 17
194 41
168 41
64 41
41 162
269 41
41 370
133 41
41 271
41 50
368 41
139 41
41 73
18 41
41 2
317 41
41 319
325 41
214 41
138 41
247 41
342 41
200 41
304 41
113 41
65 41
41 383
106 41
41 149
41 255
100 41
242 41
41 244
41 136
62 41
41 307
158 41
56 41
41 313
41 363
381 41
53 41
41 135
41 187
41 167
41 297
322 41
332 41
157 41
41 137
189 41
145 41
41 178
296 41
41 151
386 41
41 308
341 41
231 41
38 41
263 41
261 41
114 41
41 394
226 41
