22
75
19 1
8 19
19 60
4 19
31 19
19 63
19 47
19 43
36 19
50 19
69 19
41 19
45 19
19 26
19 65
19 59
19 9
64 19
19 13
19 42
19 25
19 29
19 23
12 19
19 52
19 18
19 30
73 19
19 56
58 19
68 19
21 19
22 19
19 61
37 19
19 10
16 19
32 19
19 17
62 19
5 19
38 19
49 19
19 67
19 39
53 19
54 19
20 19
34 19
19 57
19 44
19 35
19 72
28 19
19 75
2 19
3 19
71 19
19 11
19 15
46 19
27 19
19 48
6 19
19 40
24 19
33 19
19 7
51 19
19 14
19 55
19 66
19 70
74 19
76
56 31
59 31
74 31
24 31
31 30
31 73
31 18
38 31
31 9
31 13
76 31
31 68
21 31
31 25
15 31
49 31
31 14
31 36
2 31
31 7
22 31
43 31
52 31
31 3
6 31
31 63
31 4
60 31
31 8
34 31
19 31
31 75
40 31
37 31
31 27
58 31
42 31
31 51
31 10
57 31
31 71
55 31
72 31
31 61
33 31
31 67
31 11
39 31
50 31
31 26
62 31
31 12
20 31
69 31
31 41
45 31
64 31
53 31
31 16
31 23
31 35
54 31
31 32
66 31
31 46
48 31
29 31
70 31
5 31
31 47
31 44
17 31
31 28
65 31
31 1
77
56 23
56 65
10 56
36 56
56 58
73 56
41 56
12 56
56 33
72 56
34 56
18 56
28 56
56 69
53 56
56 64
16 56
56 17
56 32
56 25
22 56
60 56
56 74
1 56
20 56
56 51
21 56
49 56
2 56
56 57
71 56
24 56
56 38
29 56
56 35
62 56
59 56
40 56
56 3
45 56
56 77
56 46
56 42
5 56
6 56
68 56
27 56
15 56
8 56
54 56
56 66
13 56
31 56
56 39
7 56
56 75
63 56
14 56
56 61
56 48
56 55
56 9
56 19
56 37
52 56
56 26
56 43
4 56
70 56
47 56
44 56
56 76
11 56
56 30
56 67
50 56
84
63 17
16 17
82 17
79 17
29 17
17 9
17 56
40 17
32 17
17 1
43 17
4 17
10 17
21 17
17 48
22 17
34 17
17 25
68 17
17 78
17 49
42 17
20 17
17 81
7 17
54 17
17 6
23 17
17 57
59 17
33 17
17 62
53 17
51 17
45 17
17 77
12 17
26 17
46 17
17 5
17 73
17 64
83 17
8 17
17 27
17 24
17 14
17 65
11 17
17 58
17 52
37 17
17 28
35 17
17 30
17 55
17 71
74 17
17 13
47 17
17 31
17 39
17 60
15 17
17 3
17 2
18 17
17 72
17 36
17 69
17 75
17 66
50 17
61 17
17 67
38 17
44 17
70 17
80 17
17 76
19 17
84 17
17 41
85
23 70
50 70
28 70
70 66
70 14
30 70
70 71
54 70
36 70
11 70
70 67
70 4
72 70
81 70
60 70
70 59
70 74
70 2
15 70
70 52
70 8
70 49
38 70
70 79
70 68
33 70
34 70
70 47
70 53
10 70
70 42
9 70
70 46
1 70
37 70
21 70
44 70
70 64
82 70
70 20
70 80
70 73
85 70
32 70
70 5
31 70
70 75
70 43
3 70
65 70
70 45
55 70
70 39
70 41
48 70
77 70
58 70
18 70
70 78
76 70
70 13
7 70
70 84
70 62
70 63
70 25
56 70
16 70
70 24
6 70
40 70
70 12
57 70
70 51
83 70
70 17
35 70
70 27
61 70
70 19
70 22
70 29
26 70
69 70
86
61 22
30 22
22 42
22 8
22 40
17 22
22 55
22 52
22 26
53 22
22 7
18 22
22 71
22 78
22 44
22 19
22 13
22 65
82 22
74 22
22 29
22 72
48 22
14 22
73 22
22 58
22 77
47 22
22 27
22 79
22 23
22 41
22 6
22 70
50 22
22 39
22 83
22 64
1 22
10 22
22 49
22 5
22 45
22 34
22 59
75 22
80 22
84 22
22 31
22 16
43 22
69 22
24 22
22 2
22 67
51 22
22 76
22 63
22 11
22 68
22 54
22 56
46 22
22 35
22 4
22 32
22 60
85 22
62 22
28 22
22 36
22 33
22 57
20 22
22 25
15 22
22 81
21 22
38 22
9 22
22 86
22 3
22 37
22 66
12 22
87
38 14
14 9
58 14
73 14
14 36
14 83
14 60
55 14
4 14
2 14
66 14
14 6
14 7
59 14
39 14
14 65
14 78
85 14
72 14
34 14
70 14
14 76
14 16
14 18
14 48
14 82
41 14
53 14
27 14
17 14
74 14
24 14
14 45
37 14
33 14
81 14
29 14
11 14
68 14
56 14
84 14
14 43
14 46
47 14
14 80
77 14
8 14
14 49
14 13
25 14
14 10
14 51
69 14
15 14
14 87
42 14
22 14
64 14
14 30
63 14
3 14
14 44
14 23
14 57
50 14
14 32
54 14
14 61
21 14
14 67
14 5
14 62
26 14
86 14
52 14
20 14
35 14
1 14
40 14
75 14
79 14
31 14
12 14
28 14
19 14
71 14
87
16 81
16 68
43 16
16 44
87 16
21 16
78 16
16 3
77 16
16 18
6 16
16 4
16 52
54 16
19 16
29 16
14 16
16 17
65 16
47 16
9 16
24 16
50 16
16 76
1 16
51 16
16 53
58 16
42 16
16 67
16 59
16 32
11 16
16 61
16 41
85 16
16 46
16 26
16 57
7 16
16 40
48 16
66 16
16 79
16 8
23 16
80 16
16 71
16 2
16 15
16 34
56 16
72 16
73 16
62 16
25 16
16 38
16 39
86 16
16 31
84 16
64 16
37 16
16 30
16 49
16 27
83 16
69 16
55 16
36 16
16 60
16 13
75 16
5 16
82 16
16 35
10 16
16 20
16 28
16 63
12 16
74 16
16 33
45 16
70 16
16 22
87
81 67
81 73
16 81
81 74
81 47
79 81
81 14
56 81
81 35
63 81
72 81
18 81
81 3
26 81
81 71
80 81
81 15
82 81
81 7
85 81
81 10
81 9
33 81
64 81
81 29
81 28
81 60
81 70
81 58
81 57
81 41
81 46
36 81
81 50
68 81
6 81
77 81
81 66
81 13
53 81
17 81
4 81
81 22
44 81
81 52
65 81
87 81
5 81
51 81
37 81
81 23
34 81
8 81
78 81
81 42
81 32
81 75
81 61
62 81
76 81
81 21
1 81
81 69
86 81
81 25
30 81
31 81
81 45
81 24
81 55
81 20
38 81
81 59
81 54
81 84
81 39
81 83
27 81
81 12
81 40
81 43
19 81
81 11
48 81
81 2
49 81
88
75 19
19 44
37 19
19 62
19 29
3 19
19 20
7 19
11 19
19 67
85 19
5 19
57 19
19 48
19 70
19 86
19 47
19 45
19 61
28 19
19 46
14 19
84 19
4 19
19 25
19 31
74 19
55 19
58 19
50 19
15 19
6 19
83 19
19 56
19 80
19 33
68 19
53 19
19 66
19 64
19 54
19 81
19 43
19 39
19 30
19 77
82 19
19 36
17 19
19 22
19 2
41 19
19 1
19 52
19 60
19 59
9 19
63 19
19 13
19 8
19 49
21 19
19 26
19 32
19 10
27 19
19 88
73 19
19 42
76 19
40 19
19 79
19 87
18 19
72 19
19 38
19 71
65 19
19 51
16 19
19 35
19 24
12 19
78 19
69 19
19 34
23 19
91
63 34
8 63
24 63
63 80
18 63
42 63
63 87
63 46
63 4
63 89
68 63
63 11
63 23
6 63
56 63
63 37
63 5
63 16
63 19
63 83
13 63
64 63
63 79
63 44
84 63
63 3
63 7
63 81
74 63
63 55
49 63
63 21
63 12
63 25
63 36
20 63
63 88
29 63
9 63
63 14
63 78
63 90
72 63
63 31
63 53
63 62
63 67
63 35
63 48
27 63
63 73
63 10
39 63
50 63
63 75
63 85
2 63
63 26
63 60
63 51
63 91
63 38
47 63
63 77
63 76
54 63
63 71
82 63
63 57
22 63
86 63
32 63
63 28
1 63
63 70
63 45
63 17
61 63
63 65
63 52
30 63
40 63
63 69
15 63
63 41
63 33
63 43
58 63
59 63
66 63
93
36 71
36 72
63 36
64 36
28 36
42 36
36 40
36 47
36 61
14 36
36 59
36 15
36 46
36 41
6 36
36 85
55 36
36 16
36 1
30 36
36 8
67 36
12 36
32 36
36 83
87 36
36 80
36 19
81 36
70 36
36 25
36 78
36 5
53 36
36 37
89 36
86 36
36 18
51 36
36 49
36 60
68 36
36 7
36 77
36 23
76 36
36 38
36 62
65 36
36 73
36 58
9 36
36 29
36 69
56 36
36 66
74 36
4 36
36 11
10 36
36 48
36 90
36 39
36 91
35 36
36 44
75 36
2 36
54 36
36 21
36 52
36 26
36 92
27 36
36 24
34 36
13 36
36 22
43 36
20 36
36 57
3 36
84 36
17 36
36 79
33 36
31 36
36 88
45 36
36 93
36 82
36 50
94
31 20
28 20
20 55
69 20
3 20
37 20
65 20
40 20
20 33
20 90
20 24
20 25
38 20
56 20
66 20
12 20
85 20
68 20
20 71
20 29
92 20
15 20
20 49
13 20
11 20
67 20
61 20
20 18
5 20
20 58
84 20
20 41
86 20
20 60
8 20
80 20
62 20
74 20
20 64
20 93
20 10
20 87
20 51
20 75
79 20
52 20
76 20
20 45
70 20
20 7
20 57
77 20
20 89
20 53
20 36
16 20
20 21
39 20
20 82
54 20
46 20
6 20
20 14
20 44
20 72
20 94
19 20
78 20
20 26
20 63
20 22
48 20
83 20
20 4
91 20
81 20
17 20
35 20
59 20
20 88
20 1
73 20
20 2
20 47
20 9
20 27
23 20
20 34
20 30
32 20
43 20
20 50
20 42
95
35 78
61 35
21 35
95 35
52 35
35 39
35 1
35 86
66 35
35 47
35 15
46 35
35 45
35 80
35 68
35 38
79 35
35 65
35 23
35 22
35 2
35 44
54 35
53 35
59 35
63 35
35 16
35 85
35 58
3 35
35 73
43 35
35 6
71 35
8 35
50 35
81 35
28 35
7 35
26 35
32 35
37 35
35 83
35 72
27 35
42 35
51 35
35 25
35 64
35 74
35 13
35 30
35 29
35 48
35 84
60 35
35 10
35 9
57 35
40 35
35 5
17 35
55 35
35 93
35 11
41 35
70 35
24 35
91 35
75 35
35 36
35 56
62 35
34 35
76 35
35 89
35 67
14 35
35 18
92 35
35 77
4 35
49 35
90 35
88 35
35 19
35 20
35 33
82 35
69 35
87 35
31 35
12 35
94 35
95
61 3
30 3
3 9
3 78
68 3
3 19
41 3
3 22
3 44
94 3
3 71
37 3
45 3
3 84
52 3
3 72
3 17
3 1
3 63
3 20
3 55
12 3
77 3
57 3
81 3
5 3
66 3
3 7
38 3
10 3
42 3
83 3
54 3
3 15
65 3
3 47
75 3
13 3
3 24
3 36
58 3
3 56
3 53
3 21
3 32
27 3
3 90
92 3
3 76
3 95
93 3
3 35
3 6
3 73
25 3
28 3
3 79
3 59
82 3
74 3
29 3
70 3
8 3
50 3
51 3
3 18
31 3
3 80
3 43
16 3
3 60
3 14
3 89
33 3
86 3
91 3
3 85
3 88
62 3
3 67
3 23
3 69
2 3
46 3
64 3
3 39
4 3
3 34
49 3
48 3
87 3
3 26
11 3
40 3
96
15 63
63 81
63 22
82 63
1 63
83 63
63 17
55 63
63 69
63 45
14 63
63 8
4 63
63 72
66 63
68 63
63 79
63 88
44 63
63 64
13 63
63 5
63 9
59 63
63 30
63 43
63 32
63 50
42 63
26 63
63 80
56 63
74 63
87 63
84 63
63 73
63 41
78 63
63 75
63 77
58 63
95 63
71 63
89 63
46 63
49 63
63 28
96 63
76 63
63 6
37 63
52 63
63 90
54 63
63 61
63 27
86 63
85 63
63 34
63 53
70 63
25 63
63 35
31 63
48 63
19 63
63 2
63 10
36 63
18 63
63 94
16 63
93 63
63 51
63 3
12 63
67 63
7 63
63 39
65 63
63 40
63 92
23 63
91 63
20 63
63 24
63 60
11 63
63 29
47 63
57 63
63 21
33 63
63 62
63 38
96
60 21
21 79
21 17
54 21
44 21
47 21
43 21
25 21
34 21
38 21
21 78
21 74
84 21
48 21
14 21
21 83
21 22
21 61
21 85
21 65
11 21
13 21
77 21
70 21
21 18
21 7
21 64
94 21
21 42
21 55
21 90
21 27
21 82
39 21
68 21
21 81
45 21
69 21
52 21
21 40
21 8
21 16
4 21
21 91
58 21
21 41
88 21
31 21
21 62
21 80
21 92
95 21
2 21
63 21
53 21
21 20
21 33
21 66
30 21
89 21
24 21
21 50
93 21
21 3
59 21
29 21
6 21
35 21
21 19
9 21
56 21
21 10
75 21
21 23
21 28
73 21
32 21
5 21
21 67
36 21
26 21
21 49
71 21
96 21
72 21
46 21
87 21
21 57
86 21
21 15
21 76
21 51
21 37
1 21
12 21
96
7 19
7 77
26 7
1 7
7 42
7 91
7 90
7 73
3 7
11 7
92 7
7 86
7 88
34 7
71 7
7 62
7 4
53 7
7 23
7 44
7 17
7 56
37 7
89 7
7 22
10 7
75 7
7 93
7 43
41 7
79 7
7 83
57 7
7 24
72 7
7 14
6 7
59 7
76 7
7 5
64 7
7 49
95 7
69 7
47 7
65 7
82 7
85 7
20 7
70 7
7 46
7 9
7 74
7 30
7 50
7 48
7 28
7 81
7 21
7 58
7 68
7 61
7 84
87 7
7 55
36 7
7 39
7 29
32 7
78 7
7 67
7 35
7 51
18 7
7 13
33 7
7 12
7 40
25 7
15 7
7 63
7 16
27 7
8 7
7 80
52 7
7 60
7 38
7 66
7 45
94 7
31 7
2 7
96 7
7 54
98
66 54
54 88
98 54
54 68
54 28
54 85
54 4
45 54
54 41
54 78
54 31
54 77
30 54
54 12
54 24
93 54
54 29
39 54
54 9
54 48
67 54
50 54
54 18
54 14
37 54
1 54
54 20
19 54
86 54
75 54
6 54
35 54
54 3
54 53
11 54
54 47
36 54
84 54
65 54
43 54
54 49
54 70
27 54
64 54
54 81
57 54
21 54
54 10
54 7
73 54
52 54
83 54
54 22
54 96
56 54
54 16
54 8
91 54
54 79
54 25
54 87
60 54
74 54
69 54
54 59
94 54
54 33
54 40
95 54
58 54
23 54
90 54
54 71
26 54
42 54
54 5
15 54
54 80
54 46
82 54
54 38
54 2
54 92
54 89
44 54
54 13
62 54
54 51
54 63
32 54
17 54
76 54
97 54
34 54
55 54
54 61
54 72
100
48 46
20 46
53 46
46 34
46 2
46 99
46 88
93 46
86 46
49 46
38 46
46 24
14 46
1 46
46 87
46 96
46 68
46 35
56 46
9 46
92 46
5 46
98 46
46 51
46 31
46 89
46 61
46 7
46 29
64 46
46 71
15 46
6 46
67 46
46 12
46 17
27 46
47 46
30 46
46 70
46 22
46 36
46 55
46 90
62 46
50 46
46 28
46 91
46 80
95 46
57 46
46 11
46 79
46 97
63 46
46 82
33 46
85 46
46 26
46 76
100 46
54 46
46 41
46 25
46 75
78 46
46 44
10 46
46 45
46 59
42 46
83 46
23 46
13 46
46 73
46 72
84 46
46 69
37 46
39 46
19 46
46 3
74 46
46 4
46 18
32 46
43 46
94 46
52 46
46 65
46 40
58 46
46 77
8 46
46 81
60 46
46 66
46 16
46 21
101
60 35
31 60
60 12
5 60
60 27
60 17
93 60
4 60
60 81
60 9
60 51
60 55
11 60
92 60
47 60
77 60
60 71
60 48
36 60
78 60
60 23
6 60
49 60
69 60
72 60
60 13
60 96
97 60
60 98
60 80
62 60
65 60
60 74
67 60
60 41
52 60
59 60
88 60
68 60
60 15
60 30
60 53
60 95
60 66
56 60
60 19
60 8
70 60
60 20
86 60
39 60
94 60
60 44
73 60
32 60
60 3
54 60
60 7
33 60
60 76
60 90
101 60
60 28
60 10
60 46
85 60
60 29
34 60
60 87
16 60
57 60
60 40
58 60
99 60
60 14
64 60
26 60
60 21
22 60
60 2
60 91
60 24
60 89
83 60
45 60
38 60
60 84
43 60
60 1
60 100
18 60
50 60
75 60
82 60
60 25
42 60
61 60
60 37
63 60
79 60
113
20 44
34 20
20 37
20 82
58 20
20 106
20 111
99 20
27 20
2 20
20 77
68 20
80 20
20 40
25 20
20 98
11 20
20 45
91 20
75 20
72 20
42 20
13 20
6 20
24 20
87 20
20 52
20 55
43 20
20 15
20 22
20 28
84 20
39 20
20 56
20 104
21 20
20 30
20 12
20 83
1 20
20 97
20 17
20 23
20 38
20 100
20 67
96 20
20 8
20 9
61 20
20 35
109 20
103 20
16 20
51 20
46 20
20 65
66 20
20 59
113 20
60 20
74 20
20 50
108 20
54 20
20 41
18 20
20 110
20 57
20 49
92 20
94 20
20 26
20 53
76 20
4 20
90 20
20 93
95 20
85 20
7 20
79 20
88 20
20 14
19 20
20 81
20 86
20 69
31 20
20 73
107 20
20 101
20 5
10 20
63 20
33 20
47 20
20 29
70 20
20 48
20 62
78 20
20 3
20 102
20 71
64 20
20 32
20 112
89 20
36 20
20 105
