1
2000
975 351
1569 351
351 17
642 351
387 351
351 302
1873 351
351 1747
1109 351
351 1085
351 26
1615 351
1354 351
351 1300
351 1028
351 1433
1545 351
1711 351
205 351
351 1097
351 415
351 129
351 974
351 1167
351 173
351 447
1179 351
351 1738
351 758
783 351
1202 351
1162 351
1361 351
351 143
351 54
351 1292
903 351
1197 351
351 732
215 351
1060 351
760 351
351 1795
1460 351
1405 351
351 604
1832 351
351 165
203 351
351 1935
351 1045
351 1902
351 946
741 351
1118 351
1628 351
351 445
351 1176
351 1011
351 742
640 351
351 1309
351 1726
351 1958
351 1858
978 351
1426 351
375 351
351 627
1878 351
351 135
351 1215
351 311
351 141
529 351
351 1708
1766 351
351 108
1687 351
351 78
15 351
1005 351
351 585
1123 351
351 1835
351 1080
820 351
1002 351
351 1324
351 1116
351 1489
427 351
1000 351
351 1631
351 587
351 300
351 160
127 351
351 1308
351 1869
1791 351
622 351
351 1310
569 351
1024 351
1665 351
1713 351
350 351
14 351
351 500
727 351
144 351
1450 351
154 351
917 351
351 190
571 351
351 182
849 351
351 769
351 1715
118 351
351 110
879 351
351 1847
1345 351
236 351
351 1939
351 882
402 351
351 885
537 351
351 1567
1513 351
1059 351
351 1621
1912 351
351 1318
1491 351
865 351
1105 351
840 351
351 385
982 351
351 1979
351 544
351 615
351 486
351 1974
351 1946
1320 351
1952 351
351 243
837 351
747 351
1432 351
351 82
351 1657
351 771
351 1367
351 1427
1777 351
1619 351
351 218
351 715
1884 351
351 378
351 1291
656 351
675 351
1903 351
351 83
1357 351
351 6
351 1588
586 351
1204 351
67 351
351 1425
506 351
303 351
351 1364
993 351
351 424
1455 351
351 1313
351 1633
1238 351
1063 351
351 1992
351 1898
351 1371
867 351
351 827
351 1184
351 478
1528 351
351 1799
1033 351
1244 351
4 351
1397 351
351 1394
915 351
1584 351
1783 351
351 1901
1856 351
1164 351
1420 351
351 1461
351 1758
351 412
439 351
351 347
351 842
588 351
351 1679
159 351
156 351
351 1076
494 351
1695 351
351 1069
927 351
1536 351
725 351
55 351
351 536
1288 351
434 351
1158 351
423 351
351 766
351 866
351 147
351 1233
1052 351
351 907
1384 351
351 1407
351 1759
351 1966
351 18
1670 351
351 1805
1146 351
351 1152
169 351
1061 351
1381 351
351 277
351 712
1273 351
351 323
351 1270
1634 351
351 444
463 351
351 454
351 1418
1317 351
1539 351
876 351
351 1677
357 351
1107 351
611 351
351 106
1227 351
351 1661
575 351
288 351
351 1358
274 351
351 196
1027 351
1807 351
351 224
1339 351
276 351
12 351
351 887
351 448
351 992
1922 351
351 1246
1817 351
1004 351
1336 351
351 1111
351 30
351 638
505 351
351 756
351 1895
351 72
95 351
351 428
1347 351
351 1449
366 351
351 1351
989 351
351 345
943 351
1803 351
1043 351
1396 351
351 306
351 1662
351 476
1142 351
1370 351
863 351
1755 351
351 1553
351 1464
449 351
351 1573
1009 351
487 351
351 532
910 351
10 351
1221 351
351 9
1731 351
351 48
351 325
802 351
464 351
1957 351
351 966
351 1863
351 1126
351 814
829 351
472 351
272 351
351 1188
351 1467
351 1733
351 680
1220 351
351 685
960 351
1319 351
351 1870
733 351
538 351
1571 351
351 1334
242 351
351 641
351 1208
351 908
351 253
843 351
351 1255
351 1852
351 429
337 351
351 1029
297 351
351 1457
291 351
351 1342
351 617
146 351
351 1373
351 1589
519 351
1778 351
351 951
351 693
351 1899
351 710
166 351
351 200
853 351
351 254
531 351
88 351
351 1724
1140 351
351 237
351 150
811 351
148 351
139 351
351 407
351 1120
351 458
1090 351
1419 351
1700 351
20 351
1448 351
1429 351
1356 351
1087 351
351 998
351 1660
351 16
351 1099
77 351
351 280
351 773
351 618
1705 351
954 351
351 603
666 351
351 1237
1706 351
1290 351
351 39
351 488
111 351
608 351
1437 351
1980 351
351 625
351 1200
1435 351
351 713
592 351
351 1767
336 351
1092 351
210 351
369 351
352 351
351 93
511 351
1973 351
351 1231
351 180
1439 351
351 1261
1839 351
1983 351
1194 351
351 804
1050 351
351 368
1312 351
1827 351
207 351
351 1860
881 351
1763 351
351 692
245 351
1542 351
351 37
351 381
1417 351
572 351
351 862
900 351
755 351
1422 351
351 124
351 1492
229 351
396 351
1879 351
351 1883
351 1692
351 390
351 1757
740 351
351 1918
351 653
351 251
351 598
351 1074
1989 351
1112 351
351 1623
351 1236
1779 351
749 351
351 320
351 1106
351 1201
351 1265
351 643
1683 351
351 66
259 351
719 351
351 1487
351 1548
351 1509
351 1561
351 1190
351 91
351 1064
1225 351
177 351
351 1608
351 32
351 962
351 1001
351 894
351 520
351 1843
351 826
351 338
351 663
761 351
1525 351
5 351
351 1576
1825 351
351 1350
351 1330
351 669
1144 351
1400 351
730 351
1531 351
351 1812
332 351
1934 351
351 1874
137 351
318 351
234 351
351 535
351 211
351 780
351 937
1792 351
351 700
1121 351
351 1103
351 1828
351 1219
351 227
351 1323
789 351
759 351
1042 351
351 578
1943 351
351 1125
351 1038
351 151
351 767
351 1541
351 916
906 351
2 351
104 351
351 468
351 521
525 351
594 351
351 1102
351 195
1521 351
351 1914
351 630
1655 351
351 850
351 75
852 351
489 351
351 859
351 425
212 351
979 351
492 351
1181 351
257 351
351 1676
1395 351
1788 351
351 1363
1214 351
269 351
351 1383
462 351
351 1239
351 561
351 1054
351 1141
1438 351
351 969
945 351
1985 351
351 130
351 1581
351 1734
1736 351
897 351
351 1409
178 351
351 222
883 351
351 480
1837 351
1722 351
351 21
1535 351
351 1249
1526 351
1413 351
99 351
351 1277
722 351
351 348
351 1171
354 351
351 265
351 273
351 35
1577 351
847 351
1298 351
806 351
351 1563
351 1607
1240 351
351 574
426 351
351 518
1686 351
351 1328
351 941
1416 351
351 825
351 1737
283 351
984 351
1906 351
351 1335
351 170
420 351
282 351
351 409
798 351
351 559
654 351
351 295
1630 351
351 1647
1471 351
223 351
351 1716
351 659
317 351
1115 351
351 1532
351 1613
351 1469
351 112
351 1093
1307 351
816 351
351 484
1424 351
1775 351
351 706
657 351
351 1166
126 351
1355 351
1770 351
1933 351
1071 351
1506 351
262 351
1546 351
351 40
351 1217
351 65
1830 351
459 351
634 351
470 351
351 1462
1819 351
931 351
466 351
351 1829
1392 351
351 1212
731 351
351 1658
1516 351
351 1306
351 861
351 821
351 651
202 351
1936 351
786 351
351 1343
1284 351
1760 351
96 351
351 1463
351 808
351 1479
751 351
1743 351
810 351
351 1605
1259 351
351 1523
1648 351
351 714
351 1844
131 351
577 351
351 1725
547 351
339 351
351 1916
430 351
351 365
473 351
629 351
351 1717
1846 351
298 351
968 351
845 351
351 371
776 351
351 1333
351 1880
351 1170
25 351
80 351
351 1380
351 1568
351 1667
351 496
351 736
351 662
1603 351
795 351
499 351
351 1721
351 546
353 351
455 351
1072 351
600 351
351 1498
351 431
1182 351
8 351
1058 351
1128 351
255 351
452 351
351 74
351 1251
1113 351
1911 351
351 1
59 351
351 51
386 351
351 1499
351 1490
171 351
1771 351
351 1390
351 1728
1431 351
1643 351
351 691
1228 351
1010 351
351 1587
351 1025
179 351
351 1482
1232 351
351 1114
13 351
351 1762
1697 351
912 351
351 120
351 777
351 1831
1649 351
1699 351
351 193
351 674
351 563
1951 351
351 61
351 918
515 351
1645 351
1436 351
231 351
351 1399
351 1382
351 851
351 132
351 1066
351 1591
167 351
1230 351
1560 351
351 1808
933 351
893 351
351 342
351 502
1959 351
1502 351
620 351
1664 351
351 754
351 393
1443 351
419 351
351 765
351 278
351 726
1075 351
1134 351
351 1988
351 1100
1782 351
593 351
351 1338
351 1929
351 878
351 1016
351 1575
351 610
698 351
351 1585
1077 351
351 1458
1950 351
1671 351
351 839
1963 351
351 201
351 646
351 1235
875 351
351 940
351 750
1629 351
351 1931
351 1311
550 351
1078 351
351 1226
909 351
351 1857
1297 351
944 351
76 351
351 1122
351 1620
324 351
304 351
351 394
1537 351
351 1026
351 382
1714 351
1096 351
972 351
437 351
1970 351
351 1800
351 1257
351 47
204 351
351 716
351 1752
351 683
504 351
351 1470
963 351
351 1267
721 351
1154 351
351 326
351 314
351 890
443 351
1685 351
1642 351
351 1848
1269 351
351 1229
225 351
1908 351
351 1286
351 1559
456 351
351 1266
153 351
351 233
1866 351
351 1927
1178 351
41 351
351 1505
252 351
351 1768
1007 351
328 351
351 440
351 948
351 510
351 1157
403 351
720 351
351 1990
1314 351
1813 351
351 794
351 1173
351 181
140 351
991 351
1086 351
351 422
694 351
359 351
102 351
351 1110
351 533
351 477
1272 351
351 1475
1082 351
1622 351
331 351
467 351
351 293
1968 351
281 351
1891 351
351 1145
1023 351
1530 351
873 351
1508 351
790 351
1953 351
376 351
351 1896
351 1972
1153 351
774 351
329 351
679 351
351 1349
886 351
1352 351
351 216
891 351
351 738
351 249
1359 351
1305 351
988 351
1793 351
351 1602
1013 351
351 73
1663 351
351 287
485 351
373 351
417 351
1408 351
1021 351
1609 351
351 1174
351 134
351 888
351 1876
695 351
351 919
351 957
1098 351
1707 351
1865 351
1960 351
410 351
665 351
351 1997
868 351
241 351
351 1051
930 351
351 976
1136 351
1978 351
1549 351
235 351
2000 351
351 380
952 351
351 781
351 1787
351 1999
351 1942
351 58
351 1451
351 914
1484 351
351 184
351 1037
64 351
351 1423
1910 351
1709 351
351 977
351 762
411 351
869 351
418 351
351 185
351 1961
1260 351
1283 351
526 351
351 892
509 351
351 319
351 997
757 351
595 351
1894 351
1853 351
351 1962
807 351
351 934
351 1415
834 351
1646 351
351 1785
351 523
1732 351
164 351
351 364
370 351
858 351
383 351
351 1250
1243 351
351 308
453 351
1928 351
791 351
351 832
1276 351
351 1761
351 1379
351 822
351 871
1006 351
145 351
351 854
351 1822
351 1456
351 116
351 566
1727 351
351 1388
351 1453
819 351
351 307
68 351
351 1287
163 351
1018 351
351 432
351 573
1849 351
1017 351
831 351
1924 351
999 351
351 1303
351 932
351 161
1056 351
1022 351
690 351
351 1362
1366 351
351 1798
351 1151
312 351
872 351
351 1486
351 217
264 351
351 616
152 351
1512 351
1263 351
117 351
351 1483
351 62
351 100
778 351
351 1068
351 85
351 664
351 1641
351 1610
351 717
398 351
351 1594
495 351
351 176
351 446
351 1739
1820 351
351 905
744 351
351 344
1315 351
836 351
351 1627
1019 351
1127 351
351 589
1262 351
1784 351
351 1909
351 1864
1504 351
1376 351
351 823
800 351
1881 351
351 1753
1274 351
351 1886
351 1517
1826 351
351 1540
1740 351
1501 351
351 1816
1940 351
87 351
1497 351
1996 351
351 735
351 967
292 351
351 334
162 351
351 406
1993 351
351 1806
341 351
351 645
56 351
71 351
315 351
548 351
351 1639
1365 351
684 351
351 835
214 351
327 351
928 351
1378 351
623 351
830 351
565 351
351 220
1842 351
1915 351
351 90
351 584
351 1119
1524 351
1932 351
351 263
351 1650
351 1672
1586 351
351 189
351 1867
351 703
1744 351
1938 351
351 667
1745 351
351 158
209 351
1892 351
351 1570
1325 351
351 542
351 498
351 1428
351 1242
168 351
351 1101
1368 351
351 889
351 728
351 310
1281 351
1730 351
351 1741
1108 351
351 1551
351 1751
351 1094
351 1391
351 1465
351 1917
351 902
678 351
1474 351
351 591
1344 351
994 351
576 351
351 1268
351 1070
1618 351
435 351
351 1088
351 244
1163 351
1674 351
1095 351
351 1047
351 1196
1698 351
250 351
256 351
1207 351
1331 351
351 1890
1859 351
351 1802
687 351
239 351
1850 351
351 1148
1452 351
351 564
38 351
351 475
1611 351
351 1091
1635 351
351 601
351 911
1403 351
351 1147
309 351
1555 351
351 1750
568 351
351 1599
1967 351
351 321
841 351
1720 351
442 351
351 1159
351 1868
1712 351
1321 351
351 1986
1919 351
351 1529
1177 351
1604 351
351 1653
351 1316
351 848
1821 351
1823 351
351 266
501 351
351 1294
351 1794
1764 351
351 1205
107 351
351 913
351 128
351 296
1925 351
258 351
926 351
351 1234
1332 351
351 79
351 1193
33 351
351 1838
1904 351
514 351
356 351
688 351
351 94
1271 351
961 351
351 1773
1089 351
361 351
815 351
990 351
1969 351
351 1547
451 351
351 3
351 44
119 351
1669 351
351 637
351 1701
351 752
351 1557
351 628
351 63
351 528
351 461
351 1566
330 351
351 801
351 183
351 1596
1346 351
1245 351
351 1304
351 1083
105 351
1640 351
351 1421
1187 351
606 351
351 1595
322 351
351 194
1191 351
1389 351
351 1031
517 351
351 844
351 1601
351 513
271 351
950 351
1590 351
351 1796
1746 351
632 351
614 351
351 1387
213 351
351 805
1137 351
351 1624
351 219
1552 351
351 45
818 351
351 1172
351 142
1135 351
351 1488
351 938
351 1183
1160 351
772 351
1673 351
358 351
450 351
709 351
936 351
351 1468
351 788
351 723
351 1296
874 351
351 1965
351 1012
1289 351
351 1081
1851 351
1564 351
351 97
351 797
803 351
351 113
351 1600
1824 351
351 1175
351 388
351 81
351 1494
1748 351
351 1030
351 1041
351 261
351 855
351 1921
351 1888
351 739
351 49
351 1477
351 567
351 624
673 351
1580 351
884 351
351 996
351 1558
351 1444
985 351
1776 351
351 1790
22 351
340 351
1742 351
174 351
351 52
1466 351
351 649
1814 351
582 351
351 1582
351 935
351 1495
1161 351
351 405
351 904
1406 351
351 1749
351 1976
351 392
1789 351
351 34
579 351
1900 351
351 1067
351 507
351 1678
541 351
351 1046
351 1280
351 471
275 351
351 1941
1369 351
351 1327
351 1404
343 351
351 1348
1840 351
1008 351
351 400
351 23
351 1975
351 86
351 699
351 1592
351 768
1810 351
1473 351
351 1049
351 809
1855 351
351 1735
1445 351
351 1772
284 351
1503 351
399 351
351 136
351 1203
1729 351
351 661
351 384
612 351
351 964
351 583
1478 351
351 1956
707 351
939 351
92 351
351 1393
351 1696
1402 351
965 351
351 1534
1447 351
351 711
351 465
351 1385
351 29
724 351
351 648
787 351
697 351
351 1675
351 335
351 1877
155 351
785 351
230 351
1053 351
351 362
351 286
1574 351
351 1040
351 650
1044 351
351 899
351 524
351 413
351 69
351 267
351 1597
1774 351
351 1515
857 351
1117 351
557 351
605 351
351 1192
351 704
351 1606
351 416
556 351
351 554
351 922
351 971
351 270
351 1836
1199 351
764 351
351 1907
1543 351
813 351
351 1809
351 1981
671 351
351 1612
668 351
351 479
901 351
351 607
838 351
351 1786
701 351
351 31
351 1165
351 551
580 351
351 1493
157 351
351 367
1206 351
351 833
351 1636
1862 351
1769 351
351 1035
351 238
351 1481
351 705
351 920
351 46
351 1189
493 351
817 351
43 351
351 718
351 199
351 1514
351 1256
1703 351
433 351
351 1476
351 929
1572 351
613 351
351 949
570 351
1079 351
1984 351
351 50
1905 351
942 351
305 351
351 1279
351 1519
1937 351
351 677
351 970
351 1682
1991 351
351 1169
351 101
313 351
1926 351
1702 351
351 24
441 351
1500 351
351 260
1781 351
351 793
351 206
351 562
670 351
1538 351
351 1507
351 1138
351 372
545 351
351 763
351 1583
351 1511
351 1034
1247 351
846 351
351 1131
1765 351
351 633
953 351
355 351
1668 351
351 553
460 351
658 351
672 351
436 351
1480 351
221 351
351 870
558 351
351 1554
555 351
351 1522
351 346
351 1411
896 351
351 1887
980 351
351 1180
351 682
1579 351
590 351
351 824
1149 351
1224 351
351 770
351 860
696 351
1446 351
389 351
351 1954
123 351
351 1039
351 1656
351 397
527 351
351 1210
351 1845
1442 351
351 1057
508 351
351 1550
864 351
351 1401
1329 351
351 895
1015 351
609 351
351 753
351 1797
351 534
351 1459
351 1510
84 351
743 351
351 133
351 299
599 351
1882 351
279 351
1130 351
1955 351
351 89
1337 351
246 351
351 481
898 351
351 1372
351 232
351 1659
1818 351
351 198
57 351
351 784
351 746
351 729
597 351
1195 351
351 1593
351 1964
187 351
351 1132
351 404
60 351
351 1815
351 1637
469 351
351 631
490 351
981 351
351 1544
983 351
351 1718
1834 351
351 796
351 1185
995 351
497 351
351 1875
530 351
1301 351
351 1430
172 351
351 1666
248 351
828 351
602 351
351 745
351 621
351 1651
351 395
877 351
351 1410
1282 351
192 351
351 349
351 1299
351 581
351 377
1143 351
285 351
351 121
351 1854
924 351
114 351
1258 351
351 1223
301 351
351 1485
1801 351
351 1617
268 351
351 103
1680 351
351 1982
351 70
1693 351
1252 351
351 125
351 737
1533 351
351 240
351 1253
351 973
1995 351
702 351
351 408
351 1871
1598 351
351 522
351 1412
552 351
351 660
1885 351
1872 351
560 351
1014 351
351 596
1374 351
779 351
351 391
351 1684
543 351
351 438
1353 351
351 1691
921 351
1275 351
414 351
1841 351
351 7
1949 351
1518 351
351 1704
351 539
98 351
708 351
775 351
1218 351
351 1472
351 1654
351 1293
351 987
1754 351
1155 351
351 1264
351 483
351 1055
1556 351
1861 351
351 512
1062 351
115 351
1375 351
401 351
351 1168
351 1222
351 1133
351 1156
1987 351
1578 351
351 333
351 676
351 1690
1398 351
1897 351
351 1124
955 351
351 1139
1994 351
175 351
1638 351
636 351
1998 351
1804 351
635 351
1944 351
782 351
644 351
1186 351
351 1625
351 27
923 351
812 351
1104 351
351 42
351 652
351 1756
149 351
626 351
1780 351
351 1340
289 351
351 421
351 986
351 1003
351 681
351 186
351 122
351 11
351 1913
1386 351
351 208
351 1689
351 1520
1562 351
1326 351
351 1632
880 351
351 1211
351 925
351 1073
138 351
1616 351
1681 351
351 947
619 351
351 1216
655 351
1626 351
639 351
1945 351
351 1377
351 1644
1948 351
1441 351
351 799
351 1036
1084 351
1065 351
351 516
1213 351
1248 351
351 1527
689 351
351 491
351 1209
351 53
351 482
351 109
351 360
351 1360
1440 351
351 226
351 1947
1694 351
351 1652
1811 351
351 316
1278 351
351 1719
351 856
540 351
1565 351
351 1414
351 294
351 374
351 1295
734 351
351 1150
351 959
1971 351
1930 351
1977 351
197 351
1923 351
351 363
748 351
351 1833
191 351
1710 351
1434 351
188 351
1048 351
351 1889
351 503
351 686
351 1454
1302 351
1285 351
647 351
351 247
1496 351
1341 351
351 228
351 1129
1241 351
549 351
351 28
351 1322
956 351
351 36
351 19
351 379
351 1198
351 1723
792 351
351 290
351 1688
958 351
1032 351
1020 351
351 457
351 474
351 1920
351 1254
1614 351
351 1893
