2
1000
771 285
899 597
381 121
369 553
457 225
852 952
528 131
104 627
523 870
137 717
837 297
720 429
525 375
568 772
893 292
429 829
52 384
172 996
158 670
574 172
466 119
122 158
657 541
140 517
192 757
588 579
435 978
365 819
29 485
361 995
142 166
437 534
881 548
362 826
462 11
942 179
239 233
809 385
247 679
576 59
993 487
851 455
62 933
869 879
146 912
52 9
582 707
937 975
326 139
931 363
149 986
601 719
878 611
312 342
527 911
345 133
514 811
468 604
63 151
406 949
84 616
655 813
882 83
155 24
257 475
906 535
396 447
528 908
921 763
685 742
463 432
286 921
226 951
393 37
241 898
845 45
895 546
893 114
769 978
382 663
365 597
243 111
29 650
542 754
753 279
172 940
220 824
501 230
641 62
598 929
25 619
5 1
407 403
732 617
328 323
367 618
944 733
895 189
466 263
530 80
288 15
736 226
522 419
803 194
11 687
278 376
267 74
321 990
947 332
719 506
522 478
296 632
309 956
926 940
943 426
826 396
95 468
546 745
459 443
291 675
316 738
183 749
994 349
698 376
151 94
618 617
755 537
295 732
272 592
864 217
509 219
873 141
839 530
953 282
703 207
603 971
776 284
711 314
965 718
232 124
171 778
598 647
162 329
661 889
822 957
229 131
757 173
199 205
317 820
47 995
86 972
467 996
386 373
525 254
159 606
586 735
351 151
283 709
889 788
72 726
355 109
34 406
860 796
669 710
499 58
662 713
607 406
201 531
439 650
250 756
198 806
1000 333
7 723
156 39
655 576
663 853
301 371
623 178
433 818
598 76
730 725
633 211
550 597
787 790
319 481
386 515
836 415
216 194
423 996
986 6
289 628
973 945
769 454
734 834
663 265
800 944
850 671
597 916
53 763
68 163
431 111
977 266
413 611
938 765
64 278
521 100
528 66
407 531
721 708
26 313
128 907
439 562
752 13
50 846
686 109
507 100
507 245
609 294
857 387
742 628
228 296
908 474
479 754
844 504
80 965
268 597
703 19
712 827
822 777
545 102
641 324
471 66
681 211
921 697
384 288
539 581
273 170
297 337
966 264
764 417
909 488
883 41
27 535
223 212
4 400
121 380
715 31
935 665
560 326
885 988
977 608
320 233
672 36
747 869
167 876
85 295
558 861
328 405
452 131
549 596
848 874
604 246
516 472
771 430
82 120
367 156
874 651
547 138
120 781
356 566
201 137
741 949
494 937
985 846
383 164
919 579
229 136
768 435
640 727
524 48
511 968
602 166
673 366
199 330
557 179
832 137
855 785
214 652
499 458
139 330
988 225
553 202
640 931
603 695
852 888
997 316
261 939
781 859
807 646
125 30
595 563
554 575
881 89
730 376
766 555
465 436
117 455
742 716
604 615
52 818
193 869
320 468
939 670
108 996
448 877
867 781
723 65
690 348
114 347
786 213
631 46
539 184
795 417
221 297
879 331
925 737
643 338
315 659
251 646
424 630
275 310
18 344
9 32
657 410
838 868
813 880
135 773
41 385
650 977
627 783
570 686
843 141
530 905
961 572
161 724
520 504
85 109
538 477
73 248
892 113
948 844
678 212
637 842
540 993
372 474
948 773
370 541
954 768
968 4
80 473
832 653
144 518
443 237
901 821
600 537
792 788
897 194
194 518
824 695
14 367
741 90
958 353
935 980
575 877
200 690
371 706
463 473
88 910
523 441
143 422
152 900
403 527
834 946
42 756
550 175
133 754
357 676
503 499
923 857
864 37
584 531
26 495
907 704
728 633
659 317
318 388
166 552
309 656
611 323
813 888
408 146
576 284
734 689
322 387
493 544
695 911
485 987
921 904
229 526
525 866
344 782
81 794
984 635
470 156
739 91
399 462
583 851
819 970
402 311
794 305
7 300
913 29
534 471
99 461
13 400
72 502
255 859
660 568
501 336
115 285
253 334
863 23
593 550
517 919
377 992
134 209
298 779
418 93
890 949
980 138
436 70
922 912
195 163
117 173
395 830
626 725
695 148
387 224
538 691
611 10
231 847
300 856
924 706
770 968
669 908
32 101
126 977
31 345
398 550
30 687
608 419
667 283
448 176
744 788
443 989
66 584
67 601
47 593
248 154
389 127
82 180
982 1000
209 507
361 308
501 934
489 621
525 11
87 885
392 428
608 124
334 204
329 91
394 46
908 295
449 218
15 979
598 542
754 153
861 694
402 57
414 609
885 360
265 731
704 16
190 963
146 340
480 802
556 683
656 794
529 354
15 564
167 129
567 791
829 569
671 350
953 795
713 572
450 746
902 17
177 747
775 599
508 820
451 374
12 676
950 876
130 681
145 63
320 69
304 676
303 80
128 582
790 529
823 991
510 607
22 347
664 316
173 231
757 853
564 654
964 191
399 163
613 673
717 397
712 214
564 260
912 886
479 712
215 150
130 78
580 360
887 573
453 655
226 490
588 9
47 563
231 644
679 35
35 501
741 87
566 506
28 656
302 937
651 632
863 416
252 904
143 548
666 347
337 532
281 844
139 505
826 573
6 248
990 884
118 920
776 236
177 342
252 684
751 959
337 235
401 327
674 774
442 844
909 589
469 263
954 132
36 261
530 464
377 664
835 696
646 484
733 204
277 294
315 614
96 748
736 726
97 906
568 918
873 980
963 185
101 945
159 534
203 671
899 409
80 693
678 877
571 96
279 936
529 8
645 412
256 878
649 439
589 144
542 210
992 936
841 428
946 253
433 389
227 56
188 626
772 84
41 758
456 166
283 33
781 723
9 294
1000 742
840 870
190 486
975 562
750 864
166 445
280 859
187 120
395 411
930 168
266 346
205 275
188 652
380 762
784 822
214 514
335 669
877 658
750 498
79 435
211 424
296 591
515 621
369 110
737 961
923 132
996 735
121 675
553 651
686 438
826 680
72 487
203 578
66 492
915 585
168 262
157 676
339 446
384 325
815 846
273 3
385 240
427 23
624 359
206 219
622 196
539 802
452 537
555 714
120 440
637 942
733 552
158 735
415 686
932 143
442 769
312 576
353 410
323 410
759 186
152 798
208 612
973 785
507 234
839 324
404 619
166 1
47 89
751 822
934 648
319 412
155 567
167 523
8 605
382 56
500 960
490 976
796 509
45 380
361 729
915 352
165 684
575 32
401 73
391 959
673 207
352 496
926 218
867 531
368 957
688 895
695 772
914 635
998 681
383 962
587 455
23 584
575 291
192 865
172 306
68 774
694 658
819 677
95 290
769 692
234 172
221 998
9 812
639 755
515 983
808 615
144 395
789 151
215 241
624 71
790 359
461 276
404 960
917 845
840 742
924 638
316 413
574 974
644 49
824 817
896 826
569 783
500 697
705 123
433 779
116 305
797 293
181 779
991 785
638 858
451 402
693 771
891 984
378 38
998 558
305 3
812 874
351 390
804 596
959 756
761 116
947 2
96 334
103 793
389 450
461 913
592 620
981 419
475 530
106 35
637 271
471 816
577 10
99 55
452 350
545 636
775 621
408 339
290 75
688 882
878 668
774 946
43 111
134 791
659 4
465 392
307 19
483 195
738 862
244 443
223 562
958 604
581 853
274 188
700 487
482 740
786 686
519 339
258 247
378 511
128 165
336 48
112 699
711 880
689 102
325 872
183 114
551 667
366 700
297 984
609 800
920 597
259 739
497 634
660 197
215 821
622 237
63 105
208 776
171 940
465 411
209 801
950 680
388 583
767 60
412 523
549 283
163 825
505 175
53 994
298 943
464 93
642 938
913 621
469 643
837 2
807 349
481 222
793 18
460 324
556 600
44 59
698 788
631 401
74 1000
536 206
492 780
15 54
806 831
394 990
864 164
871 854
183 849
543 407
924 135
196 682
949 795
96 561
704 249
544 206
640 824
520 903
765 268
882 562
868 813
61 377
161 311
828 481
833 450
341 564
533 739
338 565
40 459
10 844
965 990
624 152
196 805
69 425
497 964
702 796
213 794
853 161
902 925
148 86
419 966
663 826
894 770
610 688
565 958
169 572
738 875
871 699
503 219
366 299
588 476
270 82
657 116
851 482
37 379
815 88
559 889
282 799
242 114
927 398
512 24
188 244
361 719
243 876
169 949
98 523
444 590
141 92
420 382
624 577
499 664
272 312
279 364
727 174
147 166
928 450
625 567
558 497
987 886
967 71
262 713
57 665
26 159
609 871
17 714
424 134
240 441
789 120
477 22
559 691
698 756
722 942
502 356
643 810
21 617
238 191
425 915
173 358
268 336
514 864
591 941
760 335
262 444
692 249
491 583
241 20
866 767
166 513
99 51
835 888
293 165
376 690
121 999
469 629
804 477
982 814
933 533
928 829
510 748
421 559
371 412
343 50
235 708
486 837
937 182
434 323
77 532
701 771
178 770
12 310
265 508
202 594
269 629
150 930
287 955
160 421
222 670
759 215
153 97
230 287
107 767
267 705
559 219
763 103
637 975
969 225
892 872
618 401
407 331
659 343
842 516
123 909
831 34
595 367
743 18
1000
322 360
14 75
897 869
564 363
829 965
984 589
783 785
439 45
863 15
2 493
507 486
133 515
552 27
429 391
250 851
884 464
907 586
798 472
69 601
489 562
362 432
889 119
219 778
425 256
952 796
795 803
225 574
784 817
932 39
347 40
84 186
441 345
175 955
633 834
656 473
189 434
102 652
144 357
890 540
114 945
146 742
553 842
714 141
959 623
533 161
781 700
769 37
49 148
861 812
185 721
813 384
816 873
217 169
746 398
339 89
982 688
537 38
760 10
620 964
429 902
716 425
634 765
340 897
723 156
613 563
782 882
590 271
91 467
86 397
891 774
73 892
898 105
362 581
208 916
924 395
111 351
752 810
216 10
253 321
83 605
117 971
107 596
248 16
636 271
738 854
377 870
678 195
993 635
711 522
267 251
299 21
407 205
825 132
500 835
655 195
98 588
52 650
112 725
190 484
46 208
393 124
234 518
242 179
975 733
185 9
866 110
143 670
726 17
763 660
513 191
293 336
716 399
831 662
976 262
343 883
755 289
405 524
885 438
756 145
276 93
929 712
708 732
576 209
66 827
590 258
985 319
26 266
872 319
155 998
311 264
764 197
674 194
63 163
893 423
828 422
126 481
604 864
629 314
733 286
7 490
489 724
354 571
142 836
745 451
287 428
818 591
342 357
475 283
374 240
211 358
149 522
956 584
645 580
547 694
183 150
225 930
473 273
811 555
324 302
494 77
206 33
601 104
82 754
364 671
65 471
396 430
66 11
525 731
532 474
581 469
438 237
920 483
592 966
245 747
727 304
361 973
956 670
923 789
814 555
859 372
520 825
975 65
757 37
638 32
511 140
661 761
539 942
722 651
454 353
966 667
684 855
94 797
643 280
675 233
334 330
980 315
269 470
139 88
101 213
184 490
838 840
47 594
482 212
501 641
685 877
741 766
499 887
788 847
934 235
159 648
622 866
169 249
227 860
364 120
466 968
207 472
420 768
571 278
320 674
444 608
227 70
279 994
603 198
852 786
303 632
858 787
305 1
308 981
593 977
313 411
737 857
876 967
358 388
556 763
409 167
25 850
59 736
602 888
206 853
639 297
851 329
124 223
52 149
394 285
755 681
644 534
216 786
224 799
915 415
989 625
378 221
117 777
541 54
844 826
691 936
871 46
649 477
888 720
622 254
948 823
818 154
452 807
445 387
617 514
894 550
533 366
303 178
935 306
40 243
104 153
545 743
272 241
331 991
868 324
437 386
470 542
469 829
943 177
949 211
503 819
702 199
631 63
268 749
679 3
839 797
24 634
460 243
8 349
125 365
875 338
166 890
1000 913
4 107
900 647
508 708
28 86
887 585
318 222
723 789
157 369
896 414
301 662
595 128
388 621
750 549
449 282
412 181
734 969
443 115
612 917
458 302
534 562
55 529
957 405
380 192
675 927
418 990
265 408
444 977
654 695
448 482
21 920
858 436
773 162
813 289
895 82
983 316
31 250
769 23
843 961
49 524
915 849
626 844
713 751
64 660
109 116
560 558
274 918
588 448
650 160
681 296
386 22
936 658
69 611
861 396
13 564
272 896
17 134
190 686
349 836
50 323
16 892
198 718
521 172
572 76
597 189
192 332
171 740
940 459
481 121
612 682
804 116
963 815
422 520
969 914
974 921
385 337
624 68
659 912
298 791
707 659
96 823
991 709
449 87
595 397
379 326
161 122
988 178
67 731
131 370
428 12
695 605
750 965
381 948
270 155
788 367
230 142
442 47
60 215
230 874
722 635
613 445
30 740
931 292
531 419
535 275
809 284
223 517
453 976
173 53
599 776
173 519
446 735
992 248
334 152
961 512
2 680
294 480
20 758
288 541
684 305
71 926
872 64
607 29
832 19
653 780
18 93
801 41
402 619
537 290
418 72
400 576
68 657
493 696
667 277
348 456
774 760
54 879
299 56
496 85
573 514
288 963
99 937
550 566
380 856
74 657
530 569
841 510
391 421
179 746
295 831
597 885
123 286
385 569
672 509
51 652
604 15
856 682
748 252
907 44
114 804
393 90
247 759
463 860
61 502
421 648
496 426
911 180
43 350
637 539
919 664
954 995
699 213
928 821
838 521
646 787
281 594
257 941
354 683
587 341
879 150
568 371
577 909
865 182
640 3
246 523
749 795
172 721
220 754
371 972
782 793
958 561
943 685
978 560
311 201
624 847
256 78
820 365
656 215
548 494
999 946
495 9
474 609
717 351
51 25
91 203
899 175
867 328
118 814
373 984
793 34
335 462
842 701
557 132
255 996
431 370
737 980
348 610
905 488
125 645
665 848
310 382
166 156
598 901
833 944
756 824
392 854
507 724
103 30
236 585
139 505
538 450
549 13
540 933
639 881
865 122
57 513
834 260
430 435
315 783
642 97
487 415
346 999
160 263
735 582
698 77
210 345
687 229
609 214
191 165
734 742
113 112
947 799
320 629
951 655
20 346
928 140
282 828
402 499
95 141
914 811
488 747
242 959
905 41
646 713
50 406
873 845
764 889
411 374
467 767
109 853
985 777
187 544
978 491
347 773
483 111
492 744
506 986
43 177
570 837
300 238
770 762
135 375
717 535
387 583
718 575
80 840
100 134
395 824
329 464
413 274
545 728
466 817
447 145
36 240
58 638
416 970
993 960
292 882
527 528
427 567
479 578
699 22
437 727
263 989
668 589
768 938
244 95
987 707
12 863
812 106
126 857
73 926
651 200
196 705
899 696
559 207
730 668
376 846
952 495
859 280
363 563
308 268
298 325
637 580
904 277
6 528
687 296
944 744
519 485
772 568
663 76
281 457
950 460
802 344
808 356
355 45
4 455
922 97
790 753
275 927
554 162
835 690
152 326
574 403
502 870
903 290
424 802
407 137
260 157
81 435
321 631
202 614
164 710
355 792
67 697
417 904
692 468
106 264
971 255
7 611
228 353
443 23
946 691
578 307
546 390
249 317
536 304
930 532
119 819
503 542
102 261
427 935
26 314
526 154
133 147
231 62
565 780
306 285
103 433
267 903
759 709
680 201
180 579
408 692
878 551
235 239
632 368
527 379
276 955
75 725
570 757
498 781
845 341
945 689
39 738
526 934
440 908
846 924
57 849
273 599
600 954
42 71
278 335
546 950
784 822
979 911
237 128
700 236
962 307
610 478
732 56
921 310
94 403
78 979
367 461
767 711
284 523
939 666
79 798
251 745
412 174
108 252
809 492
559 579
92 577
218 583
333 510
808 295
561 511
356 293
184 878
910 705
115 110
886 880
504 728
628 442
378 643
35 779
301 996
758 14
29 231
127 187
416 167
884 450
615 336
762 168
864 72
287 515
640 939
800 918
19 694
893 74
816 743
465 312
433 214
693 452
434 194
983 193
108 712
1 232
316 485
894 512
352 222
900 641
32 761
538 748
447 168
476 751
919 327
369 70
146 933
42 665
714 881
778 805
170 361
101 925
131 909
683 35
653 877
671 970
123 669
582 309
729 942
715 916
389 822
553 839
138 830
843 992
424 446
401 368
543 258
596 400
491 84
967 165
552 940
516 957
151 982
188 794
766 869
44 850
135 997
344 170
618 573
392 153
931 229
518 953
36 48
951 531
752 981
99 938
706 163
197 224
55 372
741 426
406 350
504 974
701 698
703 706
806 257
614 702
279 328
471 359
383 565
176 810
339 151
584 313
801 331
925 628
246 937
477 147
602 988
497 332
96 973
806 608
715 913
468 138
342 558
204 606
420 458
912 902
196 666
516 987
876 497
676 221
627 618
630 1000
874 636
176 359
587 498
144 517
366 536
669 259
848 81
771 83
381 543
557 33
245 200
28 606
432 958
719 34
333 441
862 439
776 136
476 529
85 739
226 414
923 547
736 238
455 239
262 419
506 61
730 509
484 875
312 89
409 693
8 556
544 841
647 792
377 291
352 592
431 548
627 616
649 375
664 598
209 5
729 719
130 323
193 603
11 18
254 259
31 226
129 136
294 337
410 480
998 968
676 986
815 891
454 389
832 500
922 821
383 232
457 376
949 317
990 253
143 186
826 593
120 620
630 855
436 453
679 113
508 895
417 775
686 343
790 199
309 202
158 456
394 644
868 24
218 690
234 837
410 785
463 62
360 265
739 129
203 59
247 677
703 338
607 291
159 79
53 567
5 60
487 261
6 572
530 615
803 127
972 105
765 398
663 830
805 459
148 995
654 677
475 461
566 266
98 244
92 633
118 183
181 586
616 619
38 233
219 465
658 423
228 486
673 962
322 212
554 87
217 827
399 525
947 626
908 779
886 591
210 241
88 80
300 775
997 188
673 753
164 964
710 297
462 330
941 174
867 100
833 551
880 451
404 205
617 770
678 623
932 220
340 910
625 600
852 917
800 726
807 901
327 27
478 820
661 642
688 898
794 283
404 994
791 440
48 883
90 121
906 960
401 130
413 871
772 771
269 384
479 697
204 689
953 137
382 390
704 505
862 373
672 270
501 704
906 621
720 182
158 929
318 325
58 796
