24
68
66 7
7 42
29 1
7 18
7 45
21 7
7 57
7 54
36 7
4 7
7 49
7 68
7 28
62 7
7 63
1 16
7 9
7 38
7 33
55 7
7 53
7 50
61 7
51 7
7 65
8 7
7 35
37 7
7 26
32 1
7 23
7 67
15 7
25 7
7 10
7 11
59 7
7 3
46 7
12 7
30 7
58 7
7 40
43 7
5 7
31 7
48 7
7 19
7 56
17 7
1 44
7 27
39 7
47 7
7 6
1 7
7 52
7 60
41 7
7 14
7 2
20 7
34 7
7 22
7 64
24 7
13 7
73
20 61
67 50
25 56
58 33
73 60
13 40
38 7
28 31
69 4
1 65
54 55
14 21
3 70
29 10
27 7
64 36
32 48
23 37
55 39
16 17
66 40
49 68
18 60
47 8
6 26
59 1
5 2
22 37
30 41
19 34
9 16
62 45
32 51
42 25
12 41
49 31
4 30
47 29
50 24
15 64
27 73
5 11
36 24
14 43
39 45
71 68
62 46
26 19
43 56
10 51
52 21
73 57
42 72
16 52
22 6
15 61
8 18
3 17
66 35
2 63
72 71
58 63
28 33
65 34
69 11
59 12
20 13
35 48
70 53
46 57
44 53
44 46
73
44 37
16 15
39 37
20 49
37 24
16 56
23 64
66 16
3 16
49 25
37 60
23 40
16 33
36 16
34 16
37 4
23 16
18 37
49 17
16 70
7 37
61 49
73 23
19 16
37 22
37 65
16 43
16 50
49 9
23 27
49 51
23 28
69 37
29 49
41 37
37 1
13 23
37 23
37 21
53 37
48 49
49 63
49 58
67 16
31 16
47 23
12 23
59 37
23 68
23 32
37 8
52 49
23 57
37 38
46 49
42 47
23 10
49 6
49 30
49 72
35 16
11 23
37 62
23 54
16 71
16 5
23 49
49 14
16 2
16 45
55 49
49 26
74
12 55
48 22
39 71
39 70
62 23
60 56
7 43
1 18
52 33
19 32
37 66
70 65
5 29
8 9
52 2
36 42
31 12
61 26
73 58
19 17
59 5
3 51
6 59
2 48
35 72
69 65
67 71
24 28
9 64
11 66
49 34
64 60
21 10
49 40
37 24
45 30
58 69
68 47
47 40
54 8
16 10
36 43
22 25
13 56
41 6
15 53
21 53
44 29
55 45
13 57
38 51
34 46
11 61
67 1
27 20
15 54
62 4
31 32
73 63
23 50
27 3
57 18
42 74
35 30
33 44
20 72
41 68
16 4
7 50
63 17
74 14
38 25
28 46
76
34 38
34 12
34 23
66 34
34 44
19 34
29 34
17 34
34 14
68 34
34 64
27 34
65 34
40 34
61 34
34 41
21 34
55 34
34 22
45 34
72 34
34 33
34 3
34 49
71 34
42 34
35 34
26 34
6 34
20 34
34 70
18 34
34 76
34 51
34 24
34 56
52 34
9 34
58 34
34 10
34 13
34 53
30 34
16 34
34 50
5 34
34 39
15 34
48 34
34 11
67 34
34 59
34 63
75 34
1 34
34 46
69 34
57 34
47 34
34 54
4 34
62 34
31 34
74 34
34 37
25 34
34 43
28 34
32 34
34 60
34 8
2 34
34 73
36 34
34 7
77
38 53
67 23
64 42
59 27
70 4
22 62
2 19
41 5
55 65
11 40
4 8
53 18
25 72
45 42
50 73
66 48
41 21
6 71
39 61
9 31
13 9
75 56
24 46
10 34
43 7
15 43
41 17
53 24
25 28
54 48
30 20
28 10
20 14
50 63
43 52
56 3
30 57
39 57
29 1
11 33
29 16
39 5
52 6
67 16
46 17
6 69
1 76
62 36
35 37
27 22
65 49
29 47
56 27
74 44
12 8
46 32
76 51
26 1
60 22
45 10
77 31
19 55
40 74
19 50
71 25
67 36
44 75
20 70
9 48
7 37
49 42
48 51
18 33
58 25
77 50
68 75
80
73 64
73 9
73 5
70 73
73 24
73 54
73 62
14 73
73 10
73 7
41 73
25 73
73 12
73 43
73 29
59 73
51 73
73 40
73 77
65 73
44 73
73 22
47 73
8 73
73 31
4 73
32 73
73 15
73 45
18 73
73 78
73 1
42 73
36 73
73 28
73 60
3 73
73 63
73 46
68 73
73 80
67 73
2 73
73 20
57 73
6 73
73 16
39 73
73 21
58 73
73 52
73 75
74 73
35 73
73 69
13 73
38 73
73 17
56 73
33 73
55 73
73 50
11 73
73 76
73 37
53 73
73 66
73 23
73 79
19 73
73 61
73 27
73 48
49 73
73 30
73 71
72 73
73 34
73 26
81
49 43
20 75
14 75
75 48
74 75
75 19
6 49
10 75
49 73
49 36
40 75
69 49
3 49
66 49
75 21
55 49
68 49
47 49
75 23
49 60
46 49
75 4
32 49
49 53
75 72
11 49
49 15
52 49
50 49
31 49
13 49
56 75
49 5
54 49
75 24
44 75
78 75
65 49
81 75
28 49
59 75
22 49
26 49
75 34
35 49
70 75
49 75
75 16
49 41
75 61
49 76
49 58
57 49
1 49
49 30
49 42
25 75
8 75
17 49
62 49
49 37
49 79
75 33
38 49
18 49
80 49
27 49
49 64
49 7
75 71
75 77
45 75
49 12
75 9
39 49
75 67
29 75
49 63
49 2
51 49
82
37 70
42 3
1 75
36 35
33 77
56 26
26 60
31 9
40 59
75 58
40 33
67 7
55 33
47 70
33 21
24 44
57 9
23 56
70 73
28 43
10 50
13 34
59 65
19 47
27 29
46 33
52 9
71 44
72 5
43 64
12 9
47 43
40 9
30 34
44 48
10 17
8 19
22 59
19 20
75 63
70 39
42 49
34 40
2 70
47 42
26 54
43 25
11 43
40 67
75 41
15 34
10 51
32 56
6 26
7 5
78 44
69 19
27 7
53 5
68 27
60 10
27 79
60 67
44 60
14 10
35 61
38 59
74 19
35 7
35 18
16 26
35 80
34 66
59 4
7 75
42 62
5 45
82 42
81 5
47 60
76 27
82
75 28
28 72
40 81
40 34
40 52
40 55
35 40
40 77
51 40
28 49
69 40
1 40
28 74
12 40
70 40
73 40
20 40
40 59
40 62
44 28
40 36
13 40
23 40
40 5
58 40
28 43
29 28
40 53
28 2
28 31
3 28
28 9
11 40
8 40
24 40
47 28
28 38
39 28
65 40
16 40
6 28
67 40
28 46
19 40
40 30
41 40
28 48
28 40
45 40
50 28
7 40
14 40
40 80
63 40
17 40
28 61
78 40
56 40
64 40
37 40
28 27
40 68
33 40
40 82
40 10
25 40
40 71
40 42
79 40
40 4
40 54
40 57
28 66
28 76
40 21
32 40
40 15
18 40
40 60
26 40
22 40
82
54 11
2 39
68 62
14 5
26 37
34 41
9 5
53 39
29 20
24 80
61 75
44 24
13 19
11 76
27 48
54 17
36 47
13 41
27 6
4 35
10 66
45 44
43 36
17 57
21 26
16 79
3 25
18 28
81 55
66 46
68 25
23 3
47 78
82 22
78 56
33 37
30 76
60 52
20 69
59 64
9 12
29 31
50 77
45 48
7 53
58 12
78 42
38 65
32 23
35 71
58 15
69 55
25 73
80 40
46 81
70 9
50 74
64 2
57 60
51 74
34 26
38 56
16 22
40 36
10 52
6 61
8 72
49 38
67 1
15 75
30 72
63 35
49 7
32 82
77 16
33 67
62 14
4 19
31 59
51 71
1 28
83
50 82
56 50
50 62
10 50
50 24
13 50
50 28
5 50
43 50
3 50
50 16
50 66
12 50
45 50
50 40
50 52
50 19
50 69
72 50
50 77
50 18
50 73
50 60
50 29
79 50
71 50
23 50
67 50
50 64
53 50
80 50
68 50
65 50
50 8
50 15
50 44
70 50
50 46
50 61
50 30
20 50
50 74
11 50
17 50
49 50
50 47
50 35
50 26
50 48
50 39
54 50
9 50
50 59
34 50
31 50
50 25
50 32
14 50
50 78
50 58
50 1
50 76
50 42
36 50
50 41
50 51
57 50
50 21
6 50
37 50
38 50
55 50
50 75
83 50
2 50
33 50
27 50
50 4
63 50
50 7
50 81
22 50
86
17 14
17 29
58 17
30 6
66 30
46 17
15 17
30 17
42 17
17 27
83 17
18 30
30 33
17 73
31 30
78 30
30 45
30 12
20 17
55 17
17 28
48 17
2 17
17 22
17 81
17 32
17 3
49 17
17 71
30 85
17 57
50 17
17 41
63 30
17 51
17 23
7 30
72 17
17 43
17 52
62 17
17 13
17 40
4 30
17 10
17 19
30 11
74 17
17 86
30 69
17 79
17 61
17 75
30 21
80 17
17 25
17 56
59 17
30 35
30 9
47 17
17 26
82 17
77 30
1 30
17 64
17 67
17 34
30 44
17 39
53 17
30 5
68 17
16 17
65 17
54 17
36 17
37 17
17 76
60 17
30 38
84 17
17 8
17 70
17 24
86
44 51
2 51
51 58
47 51
61 51
63 51
17 51
18 51
31 51
51 5
51 16
51 21
51 24
25 51
51 27
32 51
83 51
51 46
65 51
42 51
72 51
86 51
51 40
14 51
48 51
78 51
22 51
51 62
51 71
3 51
77 51
51 80
54 51
51 68
45 51
51 9
51 52
11 51
51 6
73 51
51 34
51 79
59 51
51 55
51 67
51 35
84 51
13 51
51 29
10 51
51 8
51 15
51 76
56 51
74 51
51 38
51 70
51 4
51 85
81 51
51 60
23 51
37 51
51 19
1 51
53 51
75 51
51 69
51 41
30 51
20 51
50 51
51 64
51 82
49 51
51 66
26 51
39 51
51 7
51 12
51 28
36 51
51 57
43 51
33 51
87
47 53
9 59
33 42
65 56
57 23
41 17
1 72
10 74
29 6
69 85
3 24
76 85
28 84
19 21
40 79
9 61
1 12
12 52
45 15
67 36
30 60
7 87
62 5
82 60
76 54
81 83
6 20
22 84
37 53
39 58
50 15
44 13
46 45
32 23
31 9
80 24
8 55
2 70
34 35
18 25
26 17
29 22
42 27
64 30
43 74
72 57
47 56
65 59
9 80
4 25
81 77
58 64
2 73
71 33
63 77
63 28
82 86
16 40
86 38
19 46
27 87
66 78
62 68
7 13
49 71
52 44
34 11
48 39
36 14
21 55
41 83
14 4
78 11
3 16
5 20
75 26
54 10
48 32
35 67
38 70
8 68
51 69
18 79
75 49
51 50
73 37
87
15 78
5 72
10 52
65 71
30 77
82 37
29 77
42 33
73 80
38 28
13 87
85 76
47 17
75 23
16 51
56 22
47 31
34 86
5 71
29 62
39 48
84 60
64 14
19 69
46 55
82 43
50 86
62 39
49 24
22 23
14 38
36 78
59 58
61 54
35 10
32 70
74 13
35 45
9 2
26 33
1 17
6 32
15 11
18 27
7 48
63 44
51 30
16 31
8 21
57 66
65 27
46 53
6 79
8 66
34 41
25 43
69 58
61 70
26 20
36 49
11 85
67 12
3 18
67 42
21 60
81 50
80 87
7 20
68 24
68 75
72 45
76 73
56 52
44 53
74 83
2 79
25 64
81 28
37 9
57 83
12 59
3 54
84 4
19 55
40 1
41 40
87
13 61
10 25
35 43
69 17
77 55
28 9
65 50
23 18
31 78
28 67
56 44
26 63
20 48
59 86
44 49
59 34
67 71
61 32
19 50
73 77
73 80
9 72
46 39
33 30
49 66
69 12
42 7
58 81
6 24
40 11
76 36
22 86
13 46
54 14
57 37
10 76
2 82
55 51
41 62
52 15
8 18
48 52
45 41
63 20
4 29
47 38
56 21
75 34
25 65
82 36
60 16
74 62
51 43
70 53
54 35
31 75
64 87
22 24
83 27
71 80
45 87
78 32
74 79
85 66
72 83
19 64
40 12
1 47
53 5
23 26
68 84
14 81
7 1
85 29
3 58
5 68
33 79
2 42
21 8
84 15
30 57
39 3
70 27
6 38
16 11
37 60
88
16 65
23 49
37 67
71 21
38 73
25 76
24 67
26 50
9 13
20 11
62 31
25 22
62 9
48 59
57 2
43 11
68 39
70 39
58 84
8 74
22 27
61 4
75 59
28 56
37 40
6 86
20 49
83 12
60 32
85 69
64 12
53 14
31 18
7 42
14 54
45 77
69 15
4 87
72 47
61 10
17 29
41 81
34 45
66 46
70 47
44 30
52 53
35 79
8 64
28 48
16 46
78 35
84 3
55 2
5 78
7 65
56 6
57 73
77 82
43 50
21 19
63 33
80 51
40 26
81 72
54 74
19 86
38 52
79 23
66 10
30 85
63 5
3 41
1 88
76 71
17 88
36 68
42 60
33 18
13 44
24 83
34 36
15 58
75 82
51 29
32 55
1 27
88
79 24
10 20
68 31
54 40
69 57
38 8
52 36
22 30
67 86
39 41
61 14
7 5
37 42
12 55
24 56
43 87
88 44
83 65
13 72
17 80
78 77
70 6
11 4
14 43
22 3
75 18
84 62
5 41
58 19
85 82
66 3
6 32
19 2
47 53
78 61
35 54
51 37
34 53
28 1
75 13
25 50
67 29
75 81
71 44
7 60
62 8
27 35
72 69
9 49
4 60
23 57
58 45
4 26
76 47
26 10
23 77
15 31
15 76
29 9
33 74
65 66
34 32
52 80
49 28
82 84
88 50
55 63
21 25
16 86
83 42
21 74
39 36
48 81
2 79
85 59
64 27
20 46
38 56
12 46
87 40
16 48
68 1
30 71
73 59
64 73
45 63
17 33
89
50 60
60 34
60 20
60 32
60 16
8 60
72 60
60 7
36 60
60 29
60 2
60 79
60 1
60 73
10 60
69 60
60 27
60 52
19 60
60 78
6 60
60 59
35 60
71 60
84 60
60 4
17 60
44 60
86 60
60 31
25 60
60 64
60 55
60 48
60 53
60 65
60 33
60 66
40 60
70 60
5 60
60 41
60 24
63 60
28 60
57 60
60 75
12 60
60 13
60 80
67 60
60 77
60 56
60 47
60 49
60 87
76 60
26 60
60 42
23 60
60 83
11 60
60 3
60 18
60 85
46 60
60 15
61 60
21 60
60 39
22 60
30 60
60 88
38 60
58 60
45 60
60 68
81 60
60 89
9 60
60 74
82 60
60 37
51 60
60 62
54 60
14 60
43 60
90
16 12
25 19
64 17
46 31
24 87
37 78
26 25
88 6
8 56
57 1
65 13
26 64
90 60
39 40
2 7
18 42
45 68
20 36
1 65
34 35
4 90
85 83
14 50
77 70
21 11
4 44
13 5
53 39
62 50
41 57
66 43
86 49
38 15
68 48
80 51
54 42
71 87
52 33
12 40
59 30
56 72
55 28
7 45
75 89
62 24
27 44
69 31
8 63
28 21
67 58
38 66
81 9
36 59
16 89
23 18
46 74
43 82
47 55
52 60
9 5
3 51
76 10
72 53
23 69
67 76
75 33
2 63
54 30
79 34
47 84
61 35
22 27
61 81
29 3
78 70
6 73
58 11
22 85
88 14
80 32
32 74
49 15
41 73
82 77
79 10
48 37
71 17
19 29
20 86
92
67 34
52 56
82 63
41 89
89 65
11 1
92 26
21 42
54 29
36 63
59 15
1 52
89 32
9 64
38 21
9 24
78 38
32 86
9 86
54 46
68 38
75 9
23 72
38 19
32 71
1 74
57 26
63 85
9 44
12 32
26 83
34 47
34 43
21 81
4 38
63 88
38 87
21 35
54 33
63 26
21 39
23 22
63 5
63 60
59 21
76 54
18 9
48 1
28 7
89 54
10 89
59 51
38 62
59 34
23 40
53 79
17 79
79 5
20 63
23 50
90 54
38 30
89 69
73 38
23 26
54 49
5 2
45 32
34 13
86 37
52 91
1 7
31 38
84 54
52 54
79 58
77 26
16 86
55 79
59 80
79 25
26 27
23 34
26 6
7 38
66 26
14 21
70 89
23 3
54 8
23 61
94
22 2
39 45
83 40
50 40
72 89
65 85
81 78
48 35
82 47
29 20
43 59
48 6
83 65
21 66
8 19
48 77
20 24
26 59
37 60
35 38
5 1
22 43
66 91
34 16
18 66
39 30
42 45
13 66
55 88
82 84
48 83
65 92
13 1
12 3
20 9
57 72
92 93
24 91
75 23
74 76
70 54
54 53
46 83
74 44
68 27
80 71
49 89
51 33
87 65
25 56
80 64
92 41
56 63
36 31
55 86
6 71
43 4
12 67
68 52
88 6
89 58
77 75
90 49
94 63
15 13
79 28
11 81
82 4
81 56
78 73
85 8
61 52
6 62
28 47
83 90
93 52
67 74
12 59
7 50
55 73
10 49
79 24
59 53
37 80
32 28
9 39
73 69
36 28
62 16
51 19
29 16
17 6
45 14
95
71 50
71 10
71 48
71 54
24 71
15 71
23 71
71 45
71 69
44 71
71 84
71 31
71 9
5 71
73 71
22 71
71 89
42 71
71 87
71 67
72 71
59 71
71 91
74 71
71 33
58 71
71 28
71 27
11 71
71 3
80 71
61 71
37 71
71 81
26 71
55 71
79 71
94 71
71 63
4 71
71 40
88 71
71 76
43 71
71 83
47 71
71 86
71 12
71 2
71 65
71 35
66 71
75 71
30 71
20 71
25 71
57 71
71 32
60 71
38 71
70 71
49 71
71 93
13 71
71 85
71 14
71 6
71 53
19 71
1 71
71 51
71 78
71 29
62 71
17 71
46 71
68 71
77 71
56 71
36 71
71 41
34 71
71 64
71 21
8 71
92 71
71 7
39 71
95 71
71 18
71 90
71 52
16 71
82 71
