1
1000
861 604
762 930
45 87
505 556
341 943
207 147
809 890
817 496
667 276
531 553
32 420
46 889
808 286
271 905
858 638
609 574
114 44
581 609
796 110
768 136
954 437
311 918
850 5
771 339
806 587
758 502
740 585
738 256
167 774
589 282
668 96
826 799
934 509
563 814
15 491
708 172
519 130
27 927
489 699
955 387
316 606
413 8
926 171
756 879
83 55
158 943
432 642
211 47
736 373
184 258
186 85
796 624
614 968
240 616
392 927
829 462
897 997
301 304
967 148
417 508
848 639
721 989
346 324
260 463
429 123
59 321
834 464
347 572
751 966
863 741
29 946
891 481
498 209
257 419
312 298
679 868
920 47
104 187
703 90
957 357
739 5
835 814
773 928
633 936
761 637
600 149
730 616
470 573
684 124
748 354
553 434
345 528
63 881
406 151
966 645
84 485
907 906
243 496
910 422
561 247
561 844
263 246
322 727
160 229
715 683
577 836
459 811
156 668
101 139
334 556
763 107
820 362
765 732
219 946
626 597
477 813
877 955
655 640
112 746
838 740
217 532
296 824
352 615
819 610
705 822
206 968
722 437
847 454
448 549
125 905
384 401
820 424
238 677
111 669
938 881
336 790
701 589
183 232
748 278
707 960
730 217
563 499
917 300
411 207
267 922
164 894
931 295
192 460
416 827
697 395
582 390
435 867
507 249
422 35
637 981
548 859
112 761
7 724
271 658
524 647
564 848
228 446
283 750
583 2
729 778
915 828
201 979
82 146
309 536
315 965
964 745
810 853
623 400
260 240
855 175
284 566
419 440
31 731
364 159
591 391
986 158
315 755
302 681
800 51
894 613
249 265
500 555
375 516
185 392
258 49
290 914
543 714
17 568
910 863
456 526
521 205
624 769
179 277
788 899
925 281
86 363
13 614
992 962
353 967
155 823
111 318
332 93
584 804
61 617
994 794
216 445
231 188
812 333
974 91
334 341
244 867
789 414
366 406
192 675
280 598
593 253
399 256
958 405
205 674
491 999
773 711
527 686
664 847
939 219
69 34
175 170
300 918
675 976
989 849
138 48
904 241
279 378
872 578
374 644
233 65
499 959
252 680
401 221
673 293
878 900
100 157
837 583
239 323
404 930
606 824
127 831
952 980
692 999
97 908
533 619
210 792
686 109
64 821
919 377
801 485
963 529
960 106
99 944
565 698
528 186
628 954
695 400
644 426
122 546
304 438
882 447
285 676
345 59
227 3
969 167
169 510
501 554
288 279
360 576
18 818
253 562
428 484
178 864
529 839
66 488
850 273
689 512
703 993
364 936
720 467
433 331
391 280
353 372
206 875
40 153
634 588
480 41
504 404
385 786
821 517
108 414
277 570
1000 36
695 775
245 670
346 540
865 648
941 829
468 448
135 136
49 896
530 120
539 763
973 693
540 486
403 381
638 713
661 628
479 451
530 443
65 459
410 607
872 220
370 473
933 515
793 322
336 944
835 862
154 985
456 655
127 972
587 313
28 255
646 912
833 860
963 108
119 402
222 469
664 884
457 780
106 380
359 92
295 510
718 251
226 602
204 57
990 441
281 98
397 98
618 919
920 14
308 785
621 89
283 898
857 104
541 996
371 398
526 775
746 361
198 599
937 760
928 551
25 917
933 152
586 18
22 177
799 24
619 592
242 231
701 461
753 595
983 855
837 221
43 290
407 856
427 289
96 544
693 303
113 142
604 388
466 452
807 810
659 110
816 264
969 311
953 174
462 365
465 756
880 868
415 871
89 537
245 862
711 196
896 840
83 344
274 329
326 722
935 798
389 742
887 813
457 970
843 724
449 660
8 932
886 723
423 727
934 276
961 973
696 43
571 997
369 164
483 845
888 402
349 733
262 24
818 562
754 379
506 688
758 77
950 351
632 842
299 895
424 168
507 841
64 335
35 72
906 723
993 178
580 125
833 597
942 67
163 198
14 603
483 965
488 478
707 931
445 792
601 165
338 515
909 428
782 518
699 953
135 579
307 700
20 911
403 776
895 105
947 358
517 109
310 533
348 325
557 202
576 521
957 611
594 62
731 242
590 250
430 236
479 441
95 786
194 984
617 301
514 680
1000 584
550 649
200 172
454 3
282 361
368 830
117 116
458 45
2 634
783 651
913 373
935 40
420 126
145 569
791 215
482 39
25 44
853 114
885 523
359 880
790 924
567 316
908 255
522 56
251 902
460 750
149 73
652 535
718 694
636 501
513 196
74 396
268 272
942 945
39 914
222 876
981 752
757 816
489 575
532 907
518 330
692 891
101 67
620 442
802 58
159 210
160 265
948 389
393 649
347 541
819 734
596 310
747 412
415 560
128 474
181 671
409 602
858 465
492 625
618 325
306 841
512 717
709 509
825 552
28 213
360 33
66 590
259 291
362 62
54 783
181 321
235 487
601 578
594 176
971 426
513 832
497 337
678 546
412 416
133 698
30 239
648 148
524 838
399 380
225 685
789 342
161 17
494 689
864 58
287 329
787 176
285 622
744 343
155 869
289 302
794 737
152 598
107 473
244 704
893 356
405 916
636 223
464 57
572 976
886 503
803 50
542 938
791 511
237 88
476 439
297 735
876 444
900 100
678 580
447 194
551 157
131 6
226 956
811 932
408 778
418 716
88 505
712 203
975 350
901 754
195 860
293 581
70 714
662 898
940 184
828 235
451 988
739 37
534 921
639 224
497 180
784 767
812 843
174 922
431 396
691 994
393 442
183 331
640 23
866 369
741 12
76 407
126 102
844 658
613 523
749 115
704 78
51 552
227 142
371 793
268 570
545 72
327 591
267 204
103 19
987 234
956 324
16 897
303 33
941 209
333 772
870 313
16 38
495 78
629 326
924 817
978 440
11 190
766 367
842 29
856 565
982 1
53 709
397 520
700 915
504 743
383 916
319 463
383 807
663 883
558 923
627 607
666 368
187 413
9 766
115 320
964 984
68 60
84 520
453 631
621 470
156 940
806 340
861 42
286 690
779 6
535 620
661 137
475 681
323 203
971 166
622 10
288 603
190 68
795 725
450 716
229 849
469 366
885 500
453 982
410 985
508 728
851 780
610 169
646 266
672 767
534 734
671 274
19 20
654 129
81 873
80 103
779 60
569 381
765 42
140 344
571 669
287 7
836 150
710 808
874 771
189 254
643 654
882 193
998 306
307 596
421 272
685 549
163 350
805 386
118 579
751 560
892 13
887 913
815 254
113 161
71 593
478 38
11 980
370 762
220 729
538 41
387 992
179 278
236 173
105 208
545 132
904 455
55 339
46 641
95 869
144 468
266 547
525 641
395 490
752 736
647 153
21 745
490 388
317 247
332 273
744 141
292 493
299 294
795 185
830 367
233 215
636 52
625 937
340 903
615 122
800 53
471 356
769 434
903 212
878 776
171 694
166 212
961 275
234 952
182 150
696 319
516 386
983 575
269 630
866 797
559 627
888 651
191 379
32 544
292 845
871 697
770 656
554 398
94 495
757 797
652 298
305 70
770 687
237 343
531 261
852 798
394 781
840 458
77 132
133 643
348 21
720 102
743 145
854 312
650 87
425 15
948 151
338 230
608 827
831 449
69 91
735 873
852 195
986 224
772 318
355 653
382 846
949 802
710 774
626 218
737 117
879 959
753 539
455 977
708 926
665 608
121 859
261 429
246 537
666 899
691 36
991 555
355 476
747 857
352 674
548 635
568 706
252 925
317 839
48 733
418 577
309 958
486 673
911 851
335 785
657 788
238 705
99 991
248 702
687 612
177 436
645 600
559 97
494 874
947 385
683 642
188 525
877 144
128 950
365 141
432 305
662 623
702 411
902 257
390 822
269 430
979 119
629 467
214 646
314 801
592 975
865 374
140 987
588 124
854 121
327 37
914 173
358 351
308 123
519 134
446 542
377 663
803 423
31 502
706 809
199 213
764 71
354 139
939 883
784 712
376 633
760 92
557 475
586 75
679 85
193 656
328 567
921 890
665 357
614 27
825 50
659 929
635 732
328 74
143 281
782 466
650 168
690 1
725 472
998 522
417 995
660 564
684 715
81 990
12 225
787 34
134 297
243 214
56 713
138 165
759 487
199 435
977 599
116 182
73 484
384 682
605 682
945 431
79 726
82 805
790 189
22 823
472 550
677 480
263 566
923 768
688 61
120 86
536 30
717 450
728 63
582 884
409 349
197 929
342 10
294 230
996 375
826 482
425 9
894 118
645 777
284 889
452 962
471 755
875 363
94 218
493 573
595 259
438 477
320 394
372 162
846 52
26 216
180 378
951 197
547 241
834 653
439 632
79 248
832 154
223 511
631 870
506 262
978 427
408 232
721 585
719 90
76 75
23 492
421 4
558 611
275 93
191 612
433 764
988 146
250 781
296 481
436 742
543 676
54 667
657 337
461 498
901 777
228 314
670 137
202 949
759 270
893 995
804 376
738 972
719 630
330 672
147 474
200 80
270 129
4 527
892 131
26 538
143 951
291 605
726 574
974 3
444 970
211 170
749 503
