2
1000
128 51
426 142
178 154
839 324
988 613
556 78
690 722
866 661
334 785
765 483
377 804
890 951
152 341
907 292
181 641
861 594
327 656
797 59
529 925
605 496
466 75
32 448
498 582
681 204
148 362
565 961
31 984
685 143
716 983
872 409
824 814
751 173
470 174
957 566
453 688
211 569
438 639
20 303
244 161
515 476
456 480
133 884
53 435
41 704
902 855
584 602
571 98
323 593
254 411
363 386
175 893
768 845
418 183
263 609
81 928
997 2
993 776
194 353
486 516
235 291
309 859
90 817
654 87
236 327
83 536
164 901
985 385
754 343
601 254
504 972
960 176
761 81
34 994
22 658
399 790
264 968
290 24
850 998
218 726
463 959
189 951
952 316
415 170
363 864
294 116
229 514
868 504
735 737
819 873
96 158
193 359
953 430
76 999
671 931
471 670
313 396
906 528
877 397
174 746
805 861
45 568
611 680
279 923
613 74
847 626
462 711
349 220
968 503
921 810
880 798
169 29
812 901
676 953
733 621
923 660
262 19
398 38
234 816
403 693
389 966
89 411
704 359
844 485
245 917
33 450
595 83
894 145
515 484
444 633
155 651
926 638
287 896
256 1
458 837
452 455
377 191
596 980
552 55
140 892
555 551
808 665
543 788
36 139
923 535
281 510
782 536
412 863
792 345
746 172
559 734
902 867
883 757
894 908
682 425
423 293
572 392
563 514
241 644
549 483
617 187
419 918
121 925
154 920
10 500
573 825
862 448
374 769
891 106
31 893
476 298
986 573
405 672
832 657
784 367
30 677
457 127
532 705
835 325
751 481
472 984
239 322
195 572
557 342
492 251
518 652
898 13
624 373
332 486
657 451
464 41
646 53
289 741
541 430
730 757
838 820
666 755
114 473
118 655
785 112
684 561
594 772
133 113
261 862
558 197
739 377
915 470
468 124
213 491
219 677
252 877
775 976
691 732
353 467
859 18
228 160
992 760
852 600
680 729
676 154
882 535
747 726
791 900
759 93
63 697
327 666
731 938
430 642
364 909
524 407
514 918
653 466
897 817
876 459
947 941
562 813
871 478
12 616
849 256
453 802
77 338
711 896
782 312
202 497
68 117
469 580
720 881
487 366
141 891
921 727
35 512
589 714
559 972
791 710
577 452
397 909
582 786
433 349
17 584
878 848
92 543
521 447
376 836
153 103
163 638
622 815
873 755
413 497
531 196
740 930
605 112
811 303
521 382
706 946
847 357
135 596
555 53
454 51
297 129
7 270
497 356
697 164
208 274
997 100
695 510
114 794
917 421
748 363
828 432
924 715
209 927
36 899
262 144
446 105
305 461
3 510
450 989
945 422
551 715
331 642
570 620
995 394
583 958
442 708
475 504
234 333
876 903
456 887
894 190
889 645
760 270
415 315
904 413
339 633
465 58
180 104
93 166
852 6
424 26
42 803
670 798
846 581
423 286
506 697
301 578
456 984
188 294
921 945
500 586
343 34
454 161
199 355
731 600
24 346
147 186
743 104
191 881
542 247
17 541
373 148
28 2
3 194
596 611
47 401
238 574
91 724
830 629
423 479
470 787
547 280
5 866
869 207
478 179
210 442
547 822
136 628
179 615
122 573
650 535
588 307
73 692
361 769
231 751
373 329
88 488
765 580
637 904
758 799
184 686
499 400
700 710
503 267
341 78
933 265
367 398
399 28
817 565
519 744
467 831
121 144
457 704
995 508
368 554
13 860
879 506
15 852
183 436
643 815
928 72
957 534
768 963
936 624
383 147
647 192
275 360
441 372
297 335
895 896
415 789
292 64
216 68
505 922
982 45
105 885
745 929
821 354
214 824
839 280
544 927
94 419
692 942
234 991
107 975
615 418
199 288
813 344
304 45
60 321
770 624
483 795
211 796
546 385
24 118
847 721
198 812
642 812
567 365
525 206
412 950
749 875
631 905
322 981
316 527
679 214
969 42
676 977
511 307
727 203
745 200
532 86
380 429
550 971
640 228
954 103
846 784
859 269
230 266
372 553
648 348
578 268
409 793
824 410
530 912
414 169
65 257
742 77
617 934
438 523
953 130
479 76
59 23
191 257
913 725
648 654
679 780
305 441
401 779
345 909
712 487
554 3
885 888
886 828
52 655
126 988
413 647
183 1000
933 967
136 548
140 198
649 973
246 176
484 52
446 767
388 706
2 288
841 807
594 757
57 458
679 122
764 735
965 881
161 940
324 14
837 509
150 815
949 576
853 997
749 310
922 968
607 300
220 101
107 874
837 226
303 418
54 221
561 130
699 758
579 727
515 892
490 137
905 43
742 449
477 100
991 671
763 754
60 745
317 550
836 204
955 159
331 460
253 233
631 570
856 948
399 247
424 319
884 252
649 353
987 774
474 389
669 371
109 217
27 89
194 310
681 242
305 696
779 452
74 64
780 276
625 449
352 531
970 175
463 752
460 206
306 775
567 44
414 589
232 529
199 132
276 674
723 543
67 40
217 4
779 961
431 146
542 6
396 488
302 703
935 597
492 144
527 391
246 925
769 38
960 247
310 952
349 115
686 44
91 71
438 829
669 386
827 222
841 943
337 599
814 810
125 995
791 215
445 341
777 945
490 12
529 946
96 486
381 376
636 651
800 960
583 370
632 230
733 150
383 947
343 912
264 875
221 392
213 105
845 593
318 851
62 675
288 354
752 794
627 150
781 977
380 716
246 637
357 952
856 972
538 205
627 790
426 465
409 181
167 401
260 495
722 406
444 260
204 52
522 998
410 14
687 882
693 914
459 146
971 176
902 763
637 329
99 836
60 766
575 876
392 450
315 691
739 62
54 275
81 241
612 554
785 790
56 576
987 762
465 482
793 95
667 715
397 459
70 722
671 224
314 300
919 142
893 542
73 959
665 334
771 93
412 157
57 999
63 453
163 294
162 547
841 232
559 337
947 974
990 798
139 752
34 46
492 590
252 255
95 634
581 386
123 133
446 566
567 966
130 300
472 272
389 854
956 879
848 756
964 641
681 156
677 402
443 262
537 661
285 146
41 818
103 127
80 993
4 959
287 168
939 605
414 629
657 829
42 863
179 927
424 278
331 445
793 289
319 700
571 181
76 315
442 38
261 701
101 347
840 253
359 111
691 806
716 541
197 282
261 437
970 253
69 289
448 592
378 570
478 738
578 139
918 870
214 895
905 308
705 598
383 175
476 365
8 629
9 856
36 340
580 185
379 171
675 784
557 85
271 725
606 571
731 662
678 635
255 136
528 404
593 79
924 937
755 484
410 892
243 678
269 208
110 213
946 499
137 670
705 405
865 493
63 256
774 5
231 740
725 122
564 449
758 458
441 445
324 5
865 658
16 78
678 734
165 638
682 958
337 901
51 540
158 426
369 993
970 851
591 561
511 460
238 966
652 494
114 131
675 86
61 924
129 951
55 326
911 380
317 863
608 645
794 835
164 870
742 317
299 472
910 140
62 877
13 232
633 533
50 48
258 667
666 197
583 750
834 692
49 527
104 112
829 650
844 96
664 434
551 365
604 853
129 614
12 618
95 416
264 991
350 819
759 652
108 207
686 351
283 263
858 661
998 387
419 393
584 944
517 648
269 581
613 211
983 21
838 502
617 804
673 977
39 685
539 819
709 222
961 875
765 88
685 64
614 739
879 358
22 298
479 645
107 734
917 406
910 800
152 37
334 263
763 500
833 101
345 212
238 201
987 501
457 6
740 843
328 885
511 171
717 853
248 182
221 982
647 336
800 86
223 148
749 360
220 870
142 823
50 127
84 471
615 598
411 655
872 439
992 550
828 44
611 599
320 669
138 152
83 102
91 316
439 532
865 587
772 190
560 922
788 599
982 651
744 658
775 319
15 466
296 200
835 619
703 488
174 839
124 916
589 520
534 528
526 979
405 650
67 710
672 845
463 439
254 694
767 735
525 82
97 67
169 654
709 895
499 719
503 311
933 369
955 804
396 177
54 158
760 557
958 627
200 702
736 861
59 255
753 354
398 125
467 225
68 866
513 706
683 292
693 125
402 848
471 249
407 227
585 372
842 746
364 783
698 87
772 598
801 664
205 663
417 89
260 330
983 428
862 904
367 754
733 630
809 241
250 703
28 700
205 873
667 603
788 322
506 813
273 744
668 208
522 31
978 525
121 801
198 360
711 689
774 487
884 230
275 999
100 295
526 73
11 120
390 147
190 407
988 151
55 17
665 375
838 522
851 545
810 454
846 137
759 992
929 298
35 440
206 726
531 801
962 649
444 761
29 14
395 270
291 780
149 597
534 521
237 182
623 844
385 709
768 277
565 582
420 287
57 231
276 119
707 50
490 576
659 882
74 29
329 369
773 641
932 257
610 297
761 814
826 217
280 35
291 408
971 566
728 682
228 555
526 240
384 782
572 713
664 718
767 891
207 15
929 631
614 536
507 680
427 222
672 402
124 600
284 87
171 134
88 872
25 955
22 406
118 11
957 163
489 11
77 857
182 4
307 778
996 912
259 928
364 66
357 597
1000
122 155
233 122
122 79
947 122
122 695
122 799
822 122
122 169
122 872
122 20
122 650
640 122
122 112
693 122
214 122
122 595
122 415
122 542
267 122
206 122
122 671
662 122
733 122
200 122
122 848
122 292
180 122
247 122
899 122
122 295
150 122
944 122
122 965
122 277
198 122
839 122
930 122
826 122
921 122
122 762
509 122
122 142
384 122
453 122
795 122
122 163
122 651
768 122
122 78
135 122
115 122
122 684
122 57
353 122
122 465
315 122
122 89
122 548
122 543
477 122
122 448
122 868
35 122
906 122
875 122
122 170
181 122
122 860
122 996
122 506
52 122
122 557
581 122
122 718
329 122
122 576
324 122
598 122
462 122
122 578
122 160
128 122
122 630
638 122
122 834
122 754
194 122
256 122
486 122
122 545
122 867
952 122
798 122
122 683
603 122
7 122
909 122
730 122
122 806
279 122
98 122
122 639
585 122
861 122
1 122
122 130
122 901
863 122
577 122
53 122
712 122
122 72
606 122
122 197
122 420
122 902
122 914
122 27
954 122
122 691
122 740
122 330
122 929
122 391
313 122
122 517
231 122
122 466
122 263
122 65
728 122
60 122
919 122
122 38
738 122
945 122
446 122
122 179
122 935
122 227
674 122
8 122
122 735
122 439
502 122
122 382
122 828
438 122
192 122
122 395
122 900
122 862
122 943
122 770
774 122
174 122
167 122
727 122
815 122
122 940
854 122
122 515
122 953
147 122
195 122
122 713
122 297
193 122
494 122
122 19
122 399
122 547
122 260
122 402
122 633
122 272
47 122
524 122
758 122
122 843
290 122
122 441
122 963
584 122
430 122
122 63
962 122
122 412
122 982
13 122
473 122
122 846
209 122
422 122
591 122
122 881
626 122
590 122
955 122
682 122
678 122
217 122
122 5
139 122
122 129
122 374
36 122
122 592
959 122
122 92
122 117
510 122
122 565
281 122
176 122
149 122
122 761
122 721
972 122
122 775
122 199
563 122
122 647
743 122
122 29
122 346
122 138
916 122
122 857
246 122
122 186
429 122
122 507
646 122
109 122
851 122
105 122
26 122
122 841
971 122
122 830
122 750
122 705
122 474
122 568
62 122
154 122
116 122
253 122
491 122
46 122
122 1000
88 122
122 132
892 122
122 601
336 122
122 118
763 122
593 122
122 363
566 122
898 122
122 924
889 122
686 122
122 427
122 877
122 312
784 122
871 122
659 122
122 151
122 335
122 40
122 536
122 367
122 365
122 588
375 122
122 475
122 484
122 783
934 122
122 998
230 122
405 122
122 499
476 122
122 55
202 122
122 172
343 122
122 823
122 81
156 122
122 337
122 70
122 184
122 948
122 512
122 820
123 122
122 707
122 45
358 122
225 122
122 159
825 122
859 122
122 546
122 927
122 416
975 122
915 122
122 71
122 808
122 364
122 257
122 269
80 122
122 232
144 122
122 720
122 388
122 805
932 122
122 622
122 265
303 122
974 122
455 122
122 266
645 122
95 122
394 122
42 122
122 523
122 564
623 122
122 25
296 122
12 122
122 804
756 122
122 319
122 393
122 143
501 122
555 122
122 361
122 301
122 175
122 654
883 122
122 321
182 122
243 122
122 309
469 122
508 122
219 122
122 487
722 122
582 122
122 731
456 122
122 949
587 122
423 122
122 811
821 122
122 111
122 87
66 122
122 864
122 571
122 30
122 489
122 102
122 697
122 997
122 442
122 788
503 122
122 865
122 882
122 620
122 896
122 818
145 122
122 562
831 122
211 122
122 492
540 122
816 122
4 122
122 250
122 809
122 893
894 122
122 572
34 122
119 122
122 314
122 221
999 122
122 204
891 122
550 122
241 122
471 122
454 122
874 122
122 483
404 122
122 710
342 122
134 122
928 122
122 850
122 493
481 122
589 122
122 558
122 596
904 122
122 729
122 533
122 970
122 432
158 122
122 235
37 122
11 122
824 122
188 122
108 122
122 445
122 366
48 122
925 122
122 378
625 122
122 658
326 122
122 203
122 905
173 122
122 941
122 922
122 879
122 624
122 964
122 153
122 340
122 736
414 122
122 103
122 239
913 122
333 122
907 122
885 122
844 122
107 122
351 122
122 419
920 122
122 505
122 741
400 122
122 317
152 122
532 122
54 122
122 196
679 122
122 526
122 99
887 122
122 608
122 918
356 122
122 282
122 447
122 966
122 472
122 814
122 417
122 504
652 122
122 44
122 521
926 122
122 849
122 126
122 205
938 122
531 122
122 946
122 648
122 305
764 122
237 122
122 381
858 122
813 122
637 122
122 609
122 987
496 122
122 538
178 122
917 122
122 458
306 122
923 122
444 122
440 122
122 77
628 122
747 122
460 122
832 122
866 122
122 725
579 122
86 122
122 377
122 304
122 39
122 675
122 478
122 986
122 271
146 122
122 76
122 790
958 122
981 122
168 122
122 560
435 122
122 908
122 240
737 122
122 236
122 696
708 122
668 122
122 551
122 552
604 122
379 122
122 273
226 122
122 380
122 961
122 3
514 122
739 122
122 341
122 451
931 122
122 665
468 122
21 122
122 586
122 994
210 122
122 141
436 122
605 122
270 122
122 161
810 122
988 122
676 122
911 122
936 122
252 122
74 122
995 122
275 122
573 122
525 122
287 122
122 690
97 122
238 122
122 597
131 122
122 242
122 299
122 459
711 122
22 122
122 870
122 189
807 122
283 122
218 122
122 127
49 122
122 28
122 431
852 122
765 122
968 122
122 248
122 114
392 122
166 122
122 328
749 122
140 122
122 569
122 661
122 300
122 251
338 122
245 122
122 755
122 258
878 122
122 280
122 787
122 32
791 122
122 801
122 354
617 122
709 122
812 122
255 122
220 122
122 345
122 162
187 122
122 413
122 359
549 122
122 535
122 649
122 666
397 122
122 837
403 122
408 122
537 122
122 869
122 714
376 122
10 122
450 122
614 122
772 122
406 122
960 122
122 278
122 570
122 681
122 157
234 122
485 122
122 274
122 323
120 122
396 122
122 554
122 855
122 480
122 702
122 519
383 122
122 522
122 426
122 190
680 122
264 122
122 369
677 122
122 372
122 110
873 122
610 122
244 122
122 228
122 14
352 122
122 600
122 567
122 983
122 262
122 534
700 122
122 717
122 443
122 778
122 688
229 122
776 122
122 207
122 334
122 732
122 937
726 122
122 318
122 259
122 942
698 122
122 61
185 122
122 838
122 482
339 122
122 216
355 122
122 704
122 973
122 835
122 888
122 215
122 389
636 122
332 122
122 464
122 890
122 284
298 122
793 122
122 641
308 122
122 136
122 819
122 133
989 122
122 434
461 122
643 122
829 122
101 122
122 757
122 561
122 967
122 94
599 122
122 716
122 779
418 122
122 786
479 122
425 122
316 122
121 122
463 122
122 347
836 122
84 122
122 401
288 122
302 122
616 122
291 122
50 122
122 171
490 122
122 331
254 122
122 618
122 386
122 212
122 660
122 773
520 122
903 122
122 2
362 122
122 67
122 840
16 122
817 122
122 980
122 51
939 122
390 122
833 122
122 950
122 719
452 122
122 956
122 33
781 122
672 122
122 724
122 93
607 122
122 969
249 122
845 122
122 449
122 322
122 752
23 122
457 122
222 122
122 104
100 122
467 122
15 122
82 122
122 664
632 122
261 122
122 137
122 373
122 553
122 782
957 122
122 800
122 985
122 653
122 529
122 991
847 122
122 602
348 122
213 122
294 122
421 122
122 977
122 611
497 122
122 976
689 122
124 122
612 122
122 990
122 528
320 122
122 516
122 619
122 912
122 387
164 122
511 122
122 530
41 122
191 122
360 122
122 748
122 370
122 631
411 122
122 627
692 122
122 745
122 789
694 122
122 574
122 56
31 122
122 886
83 122
122 663
201 122
122 876
541 122
884 122
307 122
513 122
803 122
344 122
177 122
122 285
122 657
122 527
122 669
122 951
122 500
69 122
122 751
122 777
122 744
148 122
122 183
310 122
993 122
59 122
122 75
746 122
122 498
122 357
122 518
122 797
122 910
122 91
122 580
495 122
122 106
575 122
794 122
424 122
437 122
122 984
122 165
122 642
122 767
122 559
780 122
349 122
122 18
122 723
6 122
122 539
715 122
122 223
122 58
311 122
771 122
43 122
122 802
827 122
398 122
979 122
122 286
856 122
673 122
122 769
853 122
371 122
556 122
122 792
122 785
122 327
621 122
734 122
122 268
122 350
122 208
122 68
122 655
742 122
122 96
122 470
122 766
90 122
122 667
122 895
122 428
122 613
122 64
122 635
122 583
122 701
122 289
670 122
122 325
685 122
122 992
122 9
656 122
644 122
122 880
122 760
122 410
122 703
122 368
753 122
978 122
122 699
407 122
17 122
796 122
615 122
224 122
276 122
122 634
122 544
409 122
122 293
687 122
385 122
629 122
122 897
125 122
433 122
122 706
122 594
113 122
122 73
122 488
759 122
933 122
842 122
122 24
85 122
