28
57
41 37
48 4
53 42
10 46
2 28
14 7
15 55
54 42
45 15
33 51
53 31
48 57
37 12
56 25
2 37
51 5
26 13
28 1
36 37
10 54
34 9
39 20
13 27
27 23
17 32
33 26
11 9
52 47
29 26
35 18
15 11
1 19
24 50
44 30
35 6
19 17
3 30
48 38
8 31
42 22
5 49
24 55
4 35
44 56
5 50
20 16
9 20
43 17
6 17
21 8
35 40
23 3
10 47
57 25
52 16
14 41
58
35 36
12 44
44 2
53 44
36 50
29 44
27 44
44 32
43 44
8 44
57 44
21 44
24 36
28 44
44 45
42 44
11 44
23 44
56 44
19 44
44 6
44 31
46 44
5 36
44 37
40 44
44 3
39 44
44 48
44 1
36 25
55 44
36 33
44 7
41 36
44 49
26 44
44 58
44 13
20 44
54 44
44 22
44 9
38 44
17 36
52 44
10 44
47 44
44 14
44 51
36 18
4 44
30 44
36 15
34 44
44 16
44 36
59
22 45
19 22
22 47
22 42
22 26
22 16
22 1
22 23
22 7
22 53
35 22
32 22
50 22
38 22
22 43
33 22
22 46
22 41
59 22
22 27
24 22
18 22
6 22
11 22
56 22
52 22
44 22
22 57
29 22
22 10
21 22
9 22
55 22
5 22
36 22
22 13
22 15
34 22
22 37
12 22
22 4
28 22
22 31
22 58
22 40
3 22
22 17
2 22
22 39
8 22
22 14
22 49
48 22
22 30
22 54
22 25
51 22
20 22
63
21 49
32 49
57 49
26 49
49 18
49 44
40 49
20 49
43 49
49 54
9 49
27 49
49 46
49 16
14 49
49 30
36 49
49 62
12 49
55 49
34 49
49 24
49 31
49 25
10 49
49 13
49 33
60 49
49 47
56 49
51 49
49 23
19 49
4 49
41 49
50 49
49 45
49 59
49 37
29 49
49 8
38 49
49 2
58 49
17 49
22 49
49 28
49 35
49 7
63 49
53 49
42 49
49 6
49 52
5 49
3 49
48 49
49 39
61 49
11 49
1 49
15 49
63
34 41
62 16
29 58
30 38
21 23
2 41
10 12
1 9
52 43
27 5
56 28
5 2
20 11
16 14
61 13
53 63
19 41
13 50
29 22
60 3
60 25
46 8
61 36
51 55
17 57
10 61
38 49
38 1
18 38
50 45
28 22
39 54
7 60
1 15
20 58
61 47
12 39
40 48
28 7
48 45
26 54
63 6
45 37
20 31
23 29
51 7
59 5
33 63
57 24
17 14
52 44
24 27
32 4
53 8
44 26
19 35
1 32
42 9
38 22
46 26
9 45
57 52
64
63 7
63 20
50 37
6 17
10 42
16 52
23 35
8 35
4 22
22 41
41 38
54 59
60 14
30 60
24 36
1 34
33 9
1 13
39 21
5 43
17 40
29 27
23 2
55 47
31 15
47 6
51 64
21 59
44 43
32 50
56 37
32 36
44 42
19 11
15 45
2 12
64 19
55 18
58 49
53 24
11 9
57 56
53 48
52 31
39 49
62 25
13 16
12 28
45 48
30 3
7 54
26 33
29 57
10 58
20 40
14 8
46 51
3 25
38 27
18 61
62 46
61 4
34 28
66
58 66
22 42
60 55
42 53
43 66
55 16
5 3
3 50
3 66
3 52
55 63
55 26
55 29
3 30
13 3
1 66
66 32
33 66
64 55
19 66
61 55
55 66
66 11
59 55
42 24
55 25
3 65
42 35
37 55
66 7
3 39
42 56
42 14
8 3
66 20
47 55
48 66
44 55
66 31
28 55
66 4
23 3
46 66
34 3
45 3
3 12
54 3
66 17
15 55
55 49
10 3
21 3
3 40
62 55
3 57
66 42
3 9
38 66
55 2
55 36
18 66
51 3
27 3
55 41
55 6
69
54 1
43 44
53 49
37 3
57 55
21 1
50 7
12 54
38 19
52 43
31 32
2 7
19 66
48 16
59 46
39 59
36 48
49 30
23 55
22 56
27 6
30 58
66 39
48 35
62 46
62 24
27 54
4 10
38 53
25 4
2 64
69 35
58 29
57 13
49 56
24 11
33 14
40 4
6 5
43 9
26 39
34 37
40 43
55 44
8 21
19 18
47 68
40 19
60 62
59 35
65 38
20 45
21 42
8 67
61 24
33 3
49 7
21 46
28 66
44 37
54 15
63 8
23 17
69 68
51 25
22 45
31 44
57 41
69
48 59
50 43
66 4
64 56
39 18
50 41
42 14
65 61
15 13
40 8
32 47
22 18
6 37
3 33
36 64
66 12
67 44
31 16
1 49
24 23
58 27
38 69
26 9
10 33
31 28
14 61
53 7
60 20
30 45
51 11
39 11
34 7
16 25
19 45
63 41
10 52
26 54
9 6
46 51
56 68
17 30
19 43
42 55
20 4
49 38
65 3
22 2
21 29
68 1
17 53
67 27
52 29
57 62
57 25
69 58
44 40
55 34
36 63
32 2
8 46
35 21
24 60
28 5
23 59
47 37
62 12
35 48
54 13
69
59 58
3 39
9 37
41 48
69 60
6 37
21 14
62 2
63 35
44 56
7 58
61 30
30 45
13 61
63 31
34 3
20 52
41 19
24 66
46 4
15 40
26 5
47 60
16 64
12 53
51 49
50 49
54 32
67 8
11 10
67 28
1 45
60 42
55 12
53 29
43 10
51 65
35 17
17 40
36 28
2 18
21 52
13 50
60 64
34 20
38 43
59 25
27 7
65 11
9 56
2 57
36 4
47 5
22 32
19 8
1 31
68 33
39 44
33 26
29 42
54 62
68 57
14 23
23 25
6 48
69 27
24 22
38 46
70
22 15
12 49
43 19
13 69
5 24
47 58
11 3
59 13
8 57
25 56
43 57
28 26
18 39
20 17
61 29
52 50
7 10
37 38
70 49
34 33
66 54
48 35
1 63
7 27
21 40
25 42
65 62
38 35
30 61
54 18
60 14
55 36
19 45
39 3
33 16
42 30
67 2
65 60
1 17
22 46
44 16
9 53
24 69
11 32
37 51
12 14
9 63
31 66
53 27
58 50
56 28
29 23
62 59
44 6
34 5
31 20
48 26
64 67
8 41
64 23
45 4
41 10
52 46
51 32
4 15
2 70
21 55
36 47
68 6
70
11 10
34 11
9 11
57 11
24 11
11 56
11 36
8 11
67 11
11 66
31 11
37 11
20 11
19 11
69 11
11 29
33 11
11 49
11 70
11 55
65 11
11 58
5 11
14 11
11 16
11 22
11 60
11 21
13 11
11 30
11 45
51 11
62 11
11 39
11 35
11 26
59 11
11 4
11 25
11 40
11 6
11 12
11 2
15 11
11 41
7 11
47 11
17 11
27 11
11 18
11 42
46 11
11 68
61 11
48 11
11 28
52 11
53 11
11 38
11 23
3 11
63 11
11 50
11 32
11 1
11 44
43 11
11 54
64 11
71
36 17
13 65
63 8
50 1
55 8
39 27
54 36
69 21
70 46
22 2
32 39
32 14
71 18
24 29
15 43
4 42
49 48
35 56
41 14
13 70
66 59
25 1
5 52
60 23
43 53
47 35
40 5
44 68
17 19
10 48
46 9
18 61
12 25
24 33
41 59
51 26
22 38
15 30
34 27
58 57
51 57
61 66
69 12
55 67
65 45
20 63
34 29
16 52
58 60
50 10
42 49
31 62
7 33
26 20
3 28
56 36
62 37
21 38
6 54
62 28
53 7
64 40
71 6
29 11
4 34
19 44
23 16
9 31
3 30
54 67
71
63 6
12 68
1 66
22 71
68 58
70 28
47 21
68 40
71 13
3 70
61 30
23 53
60 44
30 40
43 64
35 69
37 44
54 44
65 1
50 20
43 14
4 19
18 7
15 5
38 30
48 9
67 16
55 6
47 1
49 43
2 50
2 35
10 45
51 65
7 13
1 57
52 1
22 33
34 59
1 17
3 68
22 41
42 31
4 6
62 16
27 47
15 37
9 25
33 66
31 71
36 51
36 11
43 53
61 22
32 66
49 26
20 43
68 39
39 10
17 29
6 16
22 4
8 44
5 63
9 27
36 64
5 59
56 1
37 46
24 43
71
23 52
25 28
28 31
4 41
28 24
28 18
64 61
32 41
15 19
47 43
59 4
61 4
39 22
3 35
5 4
4 38
4 71
66 57
67 14
6 3
4 29
15 33
42 67
20 49
50 57
52 51
9 57
41 15
15 17
57 40
57 37
47 15
15 58
23 60
22 10
56 61
14 8
3 63
2 52
67 36
22 51
57 53
48 61
41 13
26 20
28 20
51 46
41 68
1 3
11 57
23 65
16 15
61 21
15 55
15 44
54 22
47 3
7 47
61 57
20 23
67 57
28 14
41 12
30 15
69 67
20 70
62 23
52 45
15 34
27 41
71
45 44
42 44
44 4
44 66
12 44
44 18
52 44
44 43
9 44
44 40
44 37
53 44
44 57
44 65
51 44
54 44
44 46
38 44
49 44
29 44
30 44
44 20
44 22
44 64
68 44
44 1
44 62
44 13
47 44
55 44
44 48
44 60
44 63
58 44
44 14
44 11
7 44
44 59
2 44
25 44
19 44
61 44
28 44
44 56
44 8
27 44
44 34
44 41
44 3
26 44
44 21
44 10
31 44
44 5
44 23
39 44
44 16
69 44
17 44
24 44
44 15
35 44
32 44
44 71
33 44
6 44
44 70
50 44
36 44
67 44
72
28 32
65 34
25 39
37 16
25 4
62 18
59 58
3 38
10 49
57 51
17 19
36 52
6 48
21 2
46 41
33 37
7 60
55 47
47 61
5 23
65 7
61 67
69 70
35 53
52 37
29 69
4 49
45 62
10 15
43 26
6 49
22 1
50 38
60 61
1 11
66 31
62 14
38 71
64 51
46 45
31 11
42 37
65 13
22 72
52 46
44 35
47 71
19 44
2 37
6 16
20 52
8 4
68 55
35 43
59 37
56 25
21 64
27 32
5 21
9 3
66 4
24 70
45 30
29 4
21 12
34 6
27 62
63 31
54 47
18 35
40 58
74
5 43
33 67
25 74
13 27
7 2
40 7
48 11
4 47
17 64
41 62
68 36
51 6
30 73
23 47
66 13
11 24
1 34
7 22
33 32
72 10
49 39
48 59
16 6
35 42
25 27
24 33
38 64
63 69
44 10
35 19
66 22
64 51
56 18
31 65
35 44
36 8
71 2
44 68
70 26
45 31
14 16
49 66
61 16
34 45
67 6
50 49
72 57
64 31
47 52
38 2
65 57
20 9
3 26
15 28
41 63
56 66
18 46
52 12
55 46
71 53
56 60
10 73
21 39
58 64
11 54
10 29
9 37
54 43
3 48
4 33
48 69
53 28
37 29
75
58 3
34 1
66 67
19 60
42 38
49 74
25 35
23 65
3 61
57 75
61 73
67 6
4 52
49 48
39 5
38 7
44 26
28 36
63 44
13 35
31 61
7 24
68 31
57 45
65 30
38 13
64 9
45 56
41 26
25 54
55 35
16 37
71 27
44 70
1 62
8 1
23 69
15 26
23 20
10 68
10 37
43 51
2 5
27 28
46 11
3 4
72 67
10 50
5 12
72 43
74 75
60 36
69 25
47 34
14 64
5 17
22 26
67 11
44 27
39 30
64 1
5 32
67 59
53 60
53 45
18 35
7 37
52 43
45 40
35 29
48 9
21 11
34 5
25 33
75
68 1
13 49
20 22
54 17
39 47
16 1
59 33
64 37
69 46
53 56
15 46
63 2
50 67
64 30
66 67
42 65
62 11
75 17
59 49
60 54
54 10
9 3
8 52
51 63
49 71
22 38
73 62
63 21
55 39
72 7
72 5
48 52
41 6
68 51
12 25
25 42
28 61
66 32
51 35
52 71
66 53
43 71
26 29
10 23
41 11
16 4
38 44
34 60
9 39
38 18
40 72
7 67
70 44
47 36
27 42
19 26
28 10
44 2
34 22
55 7
57 1
14 35
38 58
38 11
35 25
26 62
47 37
7 31
56 45
52 24
46 7
8 60
46 49
74 41
75
25 14
45 21
5 22
47 27
58 62
68 34
10 7
60 37
16 22
2 67
51 44
50 20
48 30
50 45
17 13
72 30
74 41
4 46
29 15
71 62
67 66
70 68
34 60
59 41
19 3
33 74
24 14
48 2
31 59
42 75
16 43
28 61
70 26
23 36
51 18
28 26
31 11
38 20
13 27
52 19
61 40
47 42
65 56
6 8
64 65
73 55
66 63
38 69
52 72
37 35
49 55
29 58
43 39
36 56
6 39
12 54
57 73
40 11
15 44
35 1
17 23
5 25
21 1
4 54
32 18
53 7
53 49
9 71
46 75
3 69
9 8
32 12
64 57
33 24
75
18 6
52 37
28 8
68 7
5 28
65 14
57 54
53 35
24 15
58 32
11 52
72 4
16 31
20 47
70 40
50 62
55 41
46 38
53 29
71 45
12 73
48 30
56 40
34 30
51 19
1 66
31 10
7 28
18 12
9 21
58 24
67 23
13 17
25 11
8 67
46 35
75 26
27 38
10 60
26 49
55 1
19 43
57 21
56 3
72 62
48 51
34 27
20 58
74 37
74 32
42 36
43 70
61 6
23 71
39 55
2 3
17 33
36 69
3 14
44 48
47 59
25 5
61 29
33 2
64 73
63 68
60 75
4 41
63 22
54 22
15 66
39 49
50 65
64 42
77
13 59
48 22
50 9
45 32
28 12
4 46
3 43
63 77
71 36
29 24
61 25
18 73
67 55
44 39
56 64
41 3
38 26
69 65
39 40
29 62
66 37
69 34
51 7
49 7
11 42
58 15
44 46
37 1
72 26
65 50
68 33
35 66
43 47
31 4
75 19
30 77
23 12
16 53
41 15
52 24
58 20
76 30
40 56
8 36
35 19
71 21
61 74
68 32
34 47
45 5
9 54
14 63
73 17
2 27
8 54
42 60
59 23
67 16
75 33
60 55
18 28
70 10
57 48
27 22
2 52
64 17
38 1
72 10
49 57
51 25
74 21
53 76
62 14
13 70
5 6
31 11
78
17 36
15 46
10 49
1 3
21 22
37 6
50 43
23 55
69 24
42 31
9 28
72 53
1 66
59 46
60 77
44 20
64 14
48 63
42 2
47 52
2 22
33 24
19 9
48 7
18 39
56 62
71 4
14 59
62 15
26 54
16 34
21 68
4 73
41 60
68 51
76 70
32 57
64 6
63 5
8 58
78 40
5 20
78 65
30 32
36 61
43 74
33 31
67 27
75 44
19 70
28 53
16 73
55 50
45 71
34 54
7 38
56 38
12 3
75 30
23 47
57 8
35 72
58 76
45 35
11 37
52 27
26 40
51 13
18 17
11 61
41 29
69 66
29 39
13 10
65 67
25 77
12 74
79
7 37
6 2
49 36
75 17
3 52
35 21
64 34
42 45
42 61
16 32
52 16
6 39
8 56
4 56
64 77
14 41
28 66
28 57
19 36
55 33
57 68
22 11
72 21
24 26
44 48
65 15
79 54
7 29
44 50
51 34
58 18
10 66
19 10
40 76
27 2
69 58
23 13
15 67
47 43
73 59
71 40
27 78
74 54
78 31
11 42
31 63
35 25
17 60
51 62
77 23
70 5
50 35
12 65
30 53
45 46
70 32
26 46
43 32
5 1
14 60
6 61
29 24
55 13
39 62
1 48
41 76
75 47
18 53
37 38
79 73
9 3
20 8
67 20
30 59
9 22
71 68
33 74
25 4
80
54 73
78 69
7 27
73 24
64 41
61 79
11 60
70 7
33 62
53 63
26 18
58 77
9 80
60 77
47 26
43 23
21 78
75 3
44 14
55 4
24 67
30 35
38 55
53 31
79 56
52 59
19 5
72 28
3 6
41 4
71 20
5 51
76 13
2 54
49 37
22 11
21 58
72 43
40 30
50 8
57 45
36 9
8 75
42 56
70 39
29 40
14 59
69 17
49 15
35 66
80 23
1 52
48 17
2 62
46 61
32 47
65 66
18 12
12 27
39 34
22 45
48 19
28 74
46 36
71 76
25 68
33 50
10 74
13 10
15 6
42 31
44 16
51 29
63 16
38 20
65 1
25 57
64 67
37 34
83
9 52
76 64
10 25
8 6
19 24
81 28
18 49
18 41
7 42
66 16
7 26
68 57
21 22
55 68
11 68
23 71
9 2
10 52
51 34
11 3
35 31
30 38
72 6
75 32
46 49
5 54
29 79
23 77
19 14
37 61
60 57
1 7
5 72
24 26
7 45
50 75
60 83
24 43
33 14
65 54
29 57
74 16
38 68
25 67
63 59
36 16
58 37
52 16
76 21
58 80
24 15
53 64
19 78
69 15
83 47
39 41
46 10
4 57
68 19
71 16
14 13
39 38
31 77
47 37
20 63
10 81
12 74
70 75
48 4
56 22
62 32
8 40
17 35
48 44
82 81
8 48
74 32
59 73
82 21
66 27
20 45
34 7
96
30 32
78 17
12 79
21 56
86 85
2 22
6 5
23 24
32 16
28 79
77 24
2 74
60 66
78 18
56 75
44 56
32 62
2 62
66 88
40 2
86 20
62 78
31 81
41 66
3 79
86 92
48 32
90 79
66 45
39 79
73 11
10 78
66 36
82 31
32 33
68 24
78 91
55 32
24 93
2 94
73 51
79 59
79 58
62 15
4 78
35 15
73 7
56 70
62 73
73 64
57 2
56 1
73 27
49 31
49 56
69 86
49 66
6 95
2 46
80 32
6 63
73 47
15 83
96 56
15 25
15 72
37 78
29 15
19 15
52 31
38 15
65 73
31 87
24 84
6 53
43 24
50 86
66 8
79 49
89 2
6 34
24 49
61 66
6 14
6 42
49 62
56 76
86 67
49 6
24 9
54 31
26 78
86 49
86 71
32 13
