2
1000
905 792
930 278
996 340
463 299
949 970
95 217
96 819
580 264
135 744
138 830
749 304
48 818
879 92
523 129
354 685
235 495
775 991
341 401
582 456
289 351
948 272
994 457
68 490
849 151
117 803
142 478
756 898
626 532
391 809
609 297
692 155
806 178
973 869
819 132
761 446
301 767
487 184
223 307
133 683
550 947
952 522
542 687
885 583
268 897
651 842
410 411
514 309
174 990
322 717
990 240
639 914
44 655
175 354
501 386
207 443
259 966
19 615
283 609
340 21
928 349
769 280
789 66
659 130
609 101
824 350
166 451
185 323
482 786
904 108
87 855
570 423
938 551
144 984
900 405
745 134
606 557
760 332
239 763
789 135
629 892
26 131
446 897
493 410
58 989
220 779
19 594
693 743
358 234
5 735
206 580
247 330
210 162
971 248
933 441
732 220
28 125
324 513
806 796
103 232
855 791
413 735
134 140
918 3
665 212
38 530
895 219
157 339
427 734
822 980
671 122
404 316
8 687
631 802
951 663
782 999
525 840
882 32
216 848
750 463
773 846
85 651
487 171
76 396
356 46
563 748
177 554
592 304
149 905
513 599
673 88
838 43
746 734
831 579
807 855
574 418
156 313
512 809
994 186
319 425
173 584
459 475
233 630
610 483
833 803
797 228
835 547
349 671
101 657
866 595
535 783
167 634
688 83
633 748
474 51
776 727
821 623
694 107
95 254
402 376
204 733
364 6
555 2
622 198
604 607
170 711
577 424
170 288
716 295
820 533
631 74
266 620
902 762
591 233
477 764
571 46
595 677
713 485
863 218
915 855
947 401
223 918
472 307
992 263
774 531
936 587
635 780
192 726
256 571
796 795
624 911
719 843
752 643
772 827
175 506
797 922
725 300
645 553
467 669
429 892
203 261
419 221
509 974
652 585
187 988
479 165
194 890
405 219
493 315
532 451
794 26
38 718
543 836
156 576
662 675
703 513
713 878
742 896
55 725
872 68
413 446
231 628
80 755
891 798
903 974
491 425
668 881
31 609
766 916
894 706
327 385
633 546
400 591
129 202
225 647
720 310
712 385
593 400
498 151
447 30
601 586
521 638
889 746
665 562
119 484
786 514
364 921
448 418
714 721
938 359
433 27
758 767
850 109
953 655
486 222
508 978
556 928
356 378
78 607
379 491
61 313
57 772
973 806
189 974
245 284
627 405
209 83
734 8
557 649
69 757
143 691
199 706
448 765
568 432
800 23
958 954
358 476
520 480
877 218
226 497
959 281
921 352
66 60
377 32
222 788
78 667
411 540
445 97
33 294
173 768
515 549
93 663
680 374
402 201
214 398
888 473
259 847
489 244
245 230
185 531
525 543
100 509
588 147
893 613
557 403
224 363
15 953
622 714
768 17
392 81
970 476
82 998
321 428
71 158
620 89
878 440
801 399
667 256
417 939
968 945
55 924
469 495
329 890
357 608
783 589
459 57
705 306
843 922
353 933
909 311
292 619
649 642
682 406
600 518
480 371
225 879
387 51
167 893
268 448
638 729
376 311
954 522
560 138
956 829
500 904
154 904
106 171
755 52
315 757
203 856
908 680
638 793
71 366
53 319
41 715
568 859
13 838
344 42
338 147
939 303
229 776
293 105
575 802
345 401
342 797
526 799
447 605
666 813
442 899
435 198
317 978
287 535
345 77
163 473
499 192
675 250
407 706
262 5
270 360
637 95
45 11
343 695
389 885
983 571
960 787
881 840
944 876
821 396
959 398
782 282
897 241
246 779
826 739
722 328
736 240
394 113
124 249
733 105
9 653
744 847
958 481
633 260
412 621
497 28
29 149
70 135
913 480
459 809
126 537
913 40
455 167
319 740
575 409
647 443
63 346
560 380
582 454
274 72
593 2
849 996
976 558
577 880
372 367
321 539
677 611
22 510
812 645
942 44
193 592
942 898
422 828
336 726
87 710
555 438
891 728
600 601
921 211
737 853
935 891
633 578
50 583
581 89
34 841
865 694
38 331
155 971
697 720
770 288
584 829
670 332
607 868
518 310
276 94
605 422
666 988
997 213
381 337
12 1000
920 918
422 854
939 955
249 358
564 66
900 836
782 257
676 569
603 513
218 136
618 683
67 804
141 301
470 881
79 984
474 273
957 596
758 11
745 940
551 825
862 519
243 971
280 753
86 990
616 513
160 434
375 394
429 339
723 912
62 780
702 632
644 328
602 977
434 279
658 469
308 442
925 468
887 264
489 620
118 584
742 887
489 747
300 93
123 278
590 672
468 139
736 416
127 763
567 950
590 484
631 845
461 618
732 502
291 721
844 392
44 679
699 723
738 986
130 608
320 87
418 433
290 46
734 875
177 109
103 333
104 295
941 720
628 867
665 35
18 813
207 672
253 562
816 880
553 825
508 817
902 582
450 9
586 872
90 776
347 958
883 989
121 229
205 334
137 781
991 333
175 924
721 790
980 153
388 810
720 236
796 797
29 741
318 419
236 834
176 82
408 205
780 618
209 82
16 319
819 468
848 695
399 13
805 214
656 810
909 179
929 296
185 321
330 277
817 412
565 910
917 369
415 328
404 464
634 447
545 811
642 805
29 889
612 98
883 980
382 552
3 365
483 686
165 815
439 183
793 717
130 467
683 36
864 985
895 61
737 933
568 172
31 25
545 382
511 633
390 122
854 116
785 634
739 379
77 383
354 863
286 305
161 803
295 244
857 623
786 204
247 972
129 651
113 466
952 814
965 408
873 959
810 624
426 940
330 49
471 946
304 632
147 470
852 846
547 654
834 181
439 949
717 526
370 367
169 350
253 426
610 60
251 287
932 732
515 517
374 436
287 21
23 700
111 488
348 994
8 503
993 111
460 744
321 923
183 384
265 604
124 766
985 420
635 182
1 699
210 34
851 652
715 816
152 734
5 926
682 639
306 975
718 579
648 492
967 379
12 936
729 631
452 806
650 514
463 803
111 423
990 870
935 931
929 182
530 107
68 661
450 527
947 966
804 314
404 150
951 360
143 510
814 643
570 884
252 154
189 451
334 554
640 533
752 992
362 435
243 899
123 972
270 162
484 261
708 989
112 375
809 195
180 988
960 59
449 106
102 976
73 360
258 968
446 646
774 962
834 569
529 432
908 94
976 964
257 144
617 676
669 496
303 33
528 81
710 712
556 995
756 670
319 431
148 204
931 597
252 844
573 959
397 383
669 937
800 265
999 811
377 64
755 469
696 83
707 286
305 490
375 598
626 346
918 784
485 263
857 306
653 687
887 227
759 969
534 772
96 79
716 822
860 833
473 926
537 444
906 267
416 731
691 547
55 701
757 369
861 355
915 486
359 743
368 773
788 54
123 832
1 367
48 510
128 348
191 879
417 361
213 871
602 768
95 614
916 501
246 140
76 976
613 43
524 702
572 364
563 110
55 778
929 440
497 641
860 157
842 188
326 885
943 977
312 273
284 707
382 203
987 365
743 242
728 523
788 115
611 648
24 526
293 501
192 930
450 636
587 528
517 576
664 409
808 491
410 907
200 485
279 56
387 274
381 477
286 395
498 126
107 285
698 404
773 276
998 809
568 956
330 839
201 361
732 26
696 719
4 525
711 682
625 964
47 617
866 352
619 136
559 513
377 538
739 804
943 533
312 751
255 612
88 494
818 612
430 417
830 721
566 567
353 298
43 548
120 630
58 230
581 59
150 950
507 5
298 347
20 6
373 206
905 163
892 678
865 648
98 837
159 415
624 80
288 871
343 24
837 383
927 280
722 616
964 208
603 516
122 453
652 997
75 349
483 326
801 824
815 973
344 111
977 99
403 434
823 223
539 366
379 979
139 674
619 294
589 678
517 660
346 650
91 489
690 433
540 193
20 356
88 854
49 579
817 730
965 969
380 664
453 355
969 445
15 516
437 692
594 656
913 771
934 926
465 624
393 437
414 418
546 625
922 65
987 197
858 127
224 700
723 874
438 71
449 614
910 596
852 563
544 562
457 133
238 29
536 543
919 814
910 529
901 28
762 47
630 11
203 961
495 960
723 34
628 890
122 689
809 215
336 10
835 420
842 229
95 325
505 676
890 335
344 957
327 335
597 777
541 163
147 363
421 863
145 751
302 129
169 407
273 7
978 937
278 269
179 374
301 108
314 348
477 534
724 672
946 18
863 271
639 145
37 655
615 944
415 479
881 164
351 674
478 566
487 901
527 131
250 781
458 483
987 109
894 142
657 962
858 174
442 332
652 168
103 861
471 864
524 88
31 777
1000 896
583 114
370 226
217 862
453 462
884 279
190 286
237 882
662 906
608 480
712 84
362 754
681 853
754 913
307 561
239 906
272 416
466 289
995 272
959 472
886 924
704 337
917 137
64 750
945 373
788 640
97 968
608 196
319 963
90 988
419 738
50 444
231 652
817 14
280 318
812 336
519 316
982 523
306 848
112 72
876 704
743 738
96 39
437 769
146 539
853 690
915 504
684 796
237 212
41 384
100 454
349 275
92 621
170 709
775 577
981 970
1000
201 622
213 622
172 667
172 79
622 694
172 202
363 622
172 356
172 467
622 338
622 895
172 746
608 172
370 172
172 906
78 172
172 826
353 622
622 881
172 48
622 504
172 457
909 172
468 622
143 622
622 129
125 172
172 566
622 996
622 207
984 172
622 341
172 990
810 172
172 23
172 187
172 71
5 172
172 960
930 172
829 622
968 172
783 172
172 86
621 172
172 2
622 244
172 255
172 714
915 622
646 172
528 622
172 251
871 622
622 205
172 582
265 172
130 172
172 354
114 622
527 172
172 377
172 498
135 172
384 172
172 228
652 622
319 622
753 172
172 366
982 172
283 172
918 622
172 666
172 27
12 172
622 323
39 172
209 172
172 220
172 846
622 50
172 505
172 928
216 172
416 622
172 434
172 686
172 698
172 413
805 172
206 172
172 641
465 172
172 963
763 172
172 858
172 761
172 524
622 466
911 622
172 67
767 622
622 922
172 243
622 163
563 172
367 172
293 172
298 172
526 172
172 404
622 482
172 880
172 891
172 653
622 577
37 172
172 494
574 172
282 622
684 622
172 264
461 172
172 360
172 19
312 622
180 172
622 864
389 172
172 239
358 172
172 77
72 172
172 253
622 748
172 937
107 172
827 172
172 525
622 989
4 622
185 172
172 199
650 172
479 172
632 622
172 523
172 409
617 622
622 854
247 172
172 160
172 1000
398 172
537 172
172 902
622 920
272 622
6 622
627 622
386 172
699 622
172 943
296 172
437 172
132 172
622 663
703 172
673 172
596 622
307 172
734 172
297 172
13 172
172 178
74 172
391 172
478 172
507 622
884 172
622 639
172 474
493 172
200 172
492 622
134 172
622 952
622 739
141 622
172 98
172 248
172 445
152 622
172 456
921 622
799 172
172 70
622 758
88 172
622 40
439 622
172 777
745 172
517 172
462 622
44 172
257 172
172 730
543 622
622 382
622 681
36 172
336 172
172 657
172 38
172 515
622 254
772 622
172 598
752 622
108 172
172 376
172 875
622 472
172 679
368 172
172 25
979 172
622 8
172 620
832 172
985 172
172 250
622 174
622 275
172 388
622 848
602 622
676 172
530 172
712 172
654 172
172 764
622 553
172 614
622 470
172 636
172 54
172 750
622 894
172 933
622 980
946 172
325 172
361 172
905 172
60 172
172 256
820 172
172 961
622 728
151 172
622 51
172 280
172 992
622 29
581 172
172 234
732 622
172 484
226 622
622 941
529 172
172 287
431 172
172 604
172 237
172 584
172 664
217 172
707 622
706 172
172 874
94 172
693 622
331 172
533 172
172 373
622 768
61 172
622 150
172 630
232 622
172 43
172 816
471 172
172 709
172 333
501 172
233 622
92 622
172 635
973 622
172 334
622 488
16 172
270 172
622 727
812 172
934 172
622 350
113 172
295 622
390 172
172 340
172 188
622 32
172 957
497 622
426 622
622 993
593 622
813 172
172 904
622 508
172 863
172 756
172 886
14 172
172 450
120 172
619 172
172 879
380 622
392 622
344 172
415 622
542 172
1 622
172 717
486 172
172 302
721 172
622 192
322 172
172 442
172 91
622 668
622 887
229 172
22 172
622 231
622 936
861 172
172 917
172 387
622 419
53 172
172 221
172 483
172 423
172 785
776 172
172 236
901 172
857 172
782 622
622 516
172 939
172 274
677 622
726 172
172 35
924 172
622 271
609 622
172 618
172 519
622 590
172 41
189 172
696 172
172 967
622 754
622 329
172 87
784 172
115 172
580 172
172 485
172 137
622 417
622 644
172 711
172 974
7 172
172 665
770 622
172 268
172 246
161 172
622 724
610 172
347 622
600 622
688 622
622 571
223 172
489 172
198 172
172 102
172 964
622 788
105 172
172 59
414 622
755 622
172 131
622 171
172 797
907 622
824 172
357 622
47 172
80 172
655 172
172 833
438 172
172 355
273 622
26 622
327 172
622 374
64 172
622 97
172 230
545 172
172 375
305 172
795 622
802 172
172 544
343 172
172 286
830 172
622 300
591 172
983 172
622 736
913 172
806 622
339 172
172 896
212 172
172 950
172 52
172 158
172 147
731 622
328 622
242 622
622 811
172 729
172 558
10 172
149 172
794 172
867 172
172 579
822 172
172 587
172 951
172 572
622 279
622 304
556 172
83 622
798 622
622 541
834 172
959 172
172 146
647 622
622 613
172 162
622 790
172 167
878 622
172 689
63 622
324 622
622 460
877 172
362 172
172 862
622 284
420 172
172 839
622 561
81 172
487 622
661 172
622 215
172 882
309 622
172 970
859 622
172 695
622 316
172 66
172 547
843 622
345 622
172 662
110 172
172 932
172 177
172 842
645 172
738 622
427 172
172 93
774 172
172 68
172 708
672 172
622 405
815 172
611 622
172 109
172 998
172 977
235 172
622 780
675 172
402 172
172 219
454 172
172 443
898 172
172 262
172 595
172 170
172 733
172 208
792 172
433 172
649 622
622 562
818 622
670 172
172 976
760 172
172 539
500 172
622 172
435 172
808 172
919 172
172 692
17 622
172 682
622 240
172 897
172 42
172 612
31 172
172 975
73 172
172 715
292 172
622 352
166 622
172 289
656 622
565 622
172 940
622 929
181 172
622 603
903 622
172 550
978 172
96 172
622 99
737 622
172 605
82 622
521 622
172 807
424 622
966 622
622 364
429 172
769 172
306 172
172 196
172 186
9 172
238 172
576 172
172 633
3 622
172 118
459 172
172 643
687 172
622 628
172 512
685 622
20 172
622 642
945 622
622 142
30 622
138 172
969 172
172 872
315 622
172 626
622 981
172 749
536 172
18 622
225 172
622 954
441 172
277 172
172 193
172 401
926 172
172 55
148 622
172 502
622 197
705 172
276 172
622 194
683 622
303 622
172 159
594 172
747 172
172 866
817 172
464 622
172 481
172 69
378 172
172 403
172 947
870 172
172 249
172 775
172 718
971 622
923 622
84 172
261 172
172 690
622 555
172 551
860 622
997 172
172 837
838 172
622 809
172 11
172 986
172 900
622 412
592 172
62 172
622 953
622 176
622 796
172 844
172 899
49 622
172 678
622 294
828 172
24 622
432 622
372 172
622 342
622 781
622 506
164 172
622 599
765 172
622 111
831 622
172 269
651 172
713 622
560 622
622 112
172 301
172 310
172 318
956 172
823 622
475 172
535 622
172 76
263 622
622 762
622 458
172 28
406 172
172 183
622 702
622 195
285 622
583 622
172 89
640 172
172 893
447 172
172 396
660 172
624 172
771 172
121 172
172 116
21 622
172 451
172 154
172 379
172 57
34 172
868 172
622 589
337 172
172 722
168 172
697 622
172 436
172 349
65 172
927 172
172 935
452 622
622 740
511 622
622 266
659 172
773 622
554 622
172 503
567 622
496 172
987 172
119 172
622 991
172 835
469 172
778 172
700 172
172 742
145 172
172 914
606 622
999 172
622 942
622 480
218 172
153 172
791 622
531 172
422 172
622 314
622 165
622 779
393 172
317 622
622 330
103 172
965 172
510 172
172 383
172 106
172 803
622 259
520 622
281 172
637 172
994 172
925 172
172 735
425 172
622 680
972 622
172 139
332 622
15 622
477 172
648 622
622 476
622 346
90 172
172 473
33 172
172 509
204 172
172 359
622 557
258 172
622 573
172 701
931 622
622 222
399 172
313 622
172 211
408 172
407 172
888 622
172 397
172 534
172 623
622 210
723 622
172 912
938 172
85 172
290 622
538 622
136 172
172 751
446 622
172 575
622 869
622 885
203 172
622 308
172 430
513 172
674 172
958 172
395 622
172 101
128 622
819 622
144 172
719 172
622 615
759 622
850 172
172 658
607 622
855 172
172 948
741 172
578 172
311 172
852 172
944 172
172 127
836 172
821 622
172 786
400 622
691 172
743 172
224 172
669 172
622 725
172 804
172 182
847 172
622 910
622 411
840 172
175 172
172 955
172 278
172 428
622 704
172 892
172 564
172 908
597 172
622 348
444 172
172 568
418 172
172 671
172 856
499 172
369 172
172 490
172 995
851 172
172 169
720 172
394 622
622 800
172 841
172 949
622 787
622 299
622 173
371 622
172 625
58 172
825 172
766 172
172 104
172 793
514 172
385 622
381 172
172 140
622 124
172 156
335 622
172 845
172 320
172 291
172 548
876 622
227 172
622 744
214 172
172 549
495 172
172 288
789 172
157 172
622 569
172 853
622 873
172 56
540 622
172 716
172 889
241 172
172 546
622 421
172 191
622 552
962 172
622 849
814 172
449 622
351 622
518 172
252 622
172 133
588 172
622 453
321 172
601 172
757 622
267 172
172 988
179 172
532 172
622 710
95 622
890 172
622 440
100 622
172 616
629 172
260 622
622 522
326 622
634 622
172 122
622 491
172 75
172 455
622 801
172 463
622 570
46 622
126 172
410 172
172 365
172 448
172 184
559 622
883 172
172 45
155 172
631 622
172 916
117 172
585 622
123 172
638 172
622 190
172 865
245 172
586 172
