20
100
2 83 79 11 7 9 33 64 1 73 54 2 85 79 50 40 35 16 23 94 87 47 79 63 41 62 92 27 51 78 83 18 46 15 82 20 84 41 79 61 24 72 16 17 17 71 89 98 32 43 70 18 29 80 25 84 83 84 84 6 12 87 41 50 48 17 1 8 24 84 97 66 11 74 75 20 16 94 7 40 91 62 46 33 90 26 38 83 82 54 10 80 85 14 78 63 96 50 49 36 
100
53 50 79 37 42 67 25 60 53 47 3 32 79 83 52 70 74 51 58 72 19 33 86 7 39 74 52 57 18 96 66 95 100 54 11 29 33 17 55 93 77 11 8 10 6 19 55 28 59 72 36 5 22 42 51 87 18 32 40 36 69 75 11 60 14 22 73 29 21 97 19 89 97 31 33 27 92 95 32 93 7 15 55 54 95 34 49 43 69 26 86 14 57 50 56 9 7 43 77 20 
100
54 21 81 78 84 16 26 37 38 61 78 60 99 47 68 85 64 37 61 29 69 47 82 64 11 99 79 27 71 13 5 84 41 84 44 55 4 13 99 18 60 62 93 26 87 76 80 27 4 26 6 27 51 3 99 79 17 11 90 12 34 65 79 60 47 25 53 80 94 37 16 88 84 45 15 51 32 93 44 24 39 86 93 6 92 94 10 71 86 37 59 14 36 10 80 55 21 43 10 7 
100
42 95 77 81 64 9 73 48 3 19 21 80 68 89 57 38 90 80 77 97 30 8 20 45 60 94 42 84 14 22 37 12 89 99 72 45 56 51 22 92 65 89 46 93 13 14 99 32 91 13 45 70 47 70 66 13 27 24 88 26 79 39 83 44 95 69 72 94 4 25 89 70 42 49 38 26 29 53 60 93 71 91 56 82 7 35 98 32 59 17 11 27 4 85 87 27 43 16 38 100 
100
65 7 2 4 63 5 66 10 19 71 96 31 86 1 24 69 41 17 20 51 96 78 55 49 54 39 69 99 23 20 40 11 12 59 71 73 11 68 29 51 98 1 33 8 66 58 83 82 96 98 10 72 92 42 62 31 16 51 43 56 68 44 84 22 40 3 32 43 18 28 1 80 72 24 25 84 9 96 45 63 95 83 33 74 16 55 49 46 1 96 66 7 11 63 29 88 28 61 17 98 
100
80 95 98 12 18 76 61 39 53 27 70 3 16 80 42 37 44 64 45 28 55 35 85 49 22 77 93 15 49 49 44 43 53 12 89 25 91 61 19 18 20 85 99 40 69 79 33 40 64 38 88 70 93 55 9 10 46 42 89 8 25 91 77 32 48 58 5 48 49 41 4 91 15 2 66 80 1 23 40 92 24 37 4 66 54 7 31 30 72 42 82 60 89 6 22 29 53 82 38 7 
100
31 1 79 31 37 95 90 15 29 65 21 18 98 99 98 93 72 37 82 73 45 57 53 1 27 76 65 4 15 3 11 94 63 30 48 94 59 96 21 44 77 95 87 36 53 75 2 96 50 84 7 23 98 27 96 6 77 34 46 99 39 3 91 29 61 18 94 94 71 35 75 85 44 37 96 82 21 82 70 45 80 86 45 39 70 59 98 22 56 20 8 92 90 57 9 43 26 89 70 97 
100
68 12 82 94 18 2 8 15 5 39 11 24 62 15 56 33 43 4 66 87 89 15 20 12 73 91 3 5 92 71 58 93 81 80 55 60 15 19 39 18 36 63 55 11 49 65 100 94 87 66 75 63 98 17 18 32 59 73 9 84 75 56 67 54 6 32 26 95 45 42 81 12 52 34 96 86 98 28 100 79 19 53 100 20 16 85 64 82 64 33 23 62 10 88 36 22 55 25 78 45 
100
69 57 11 10 16 25 55 61 70 69 78 48 34 87 7 52 5 75 99 21 89 4 56 77 17 45 55 85 56 71 87 2 10 48 97 14 18 29 45 19 5 44 32 61 75 43 92 62 37 24 17 3 81 85 57 59 81 97 79 71 22 90 85 30 65 63 15 37 58 95 38 30 91 20 81 86 11 83 62 31 86 16 33 17 44 73 83 8 21 11 96 95 7 20 21 50 38 53 23 52 
100
40 94 82 34 28 14 19 2 3 13 55 24 17 34 84 9 52 19 49 56 9 65 67 78 10 26 66 50 2 14 3 53 68 51 14 17 2 13 40 32 69 15 5 42 96 34 57 33 44 88 80 43 27 63 18 69 90 82 51 52 71 8 94 96 37 78 37 5 100 78 96 8 81 64 77 60 26 45 91 33 89 71 18 10 50 30 14 9 44 81 29 16 65 20 98 39 8 2 71 51 
100
53 50 66 30 47 50 33 39 49 19 41 97 28 61 10 37 99 3 23 100 91 68 84 35 22 25 17 84 41 49 87 79 55 92 13 77 16 53 32 85 11 99 2 73 44 11 35 24 71 78 40 98 58 8 24 40 85 47 30 20 41 7 48 30 32 89 45 81 71 24 1 52 36 43 78 19 2 31 5 55 14 72 92 9 63 41 65 6 82 14 46 1 31 97 31 45 86 82 47 71 
100
80 100 26 5 15 76 80 80 92 52 62 42 61 19 35 14 6 49 55 83 9 52 100 73 60 21 17 76 11 26 1 29 25 61 41 12 73 12 96 26 50 28 32 3 92 43 17 14 37 73 54 50 88 59 23 1 3 91 81 15 31 26 25 43 31 29 28 29 62 66 90 42 45 26 65 72 39 51 75 55 18 76 65 25 21 12 41 26 64 91 84 16 3 42 91 28 97 16 19 2 
100
70 12 77 61 34 57 19 55 26 2 94 99 69 91 25 46 29 8 15 61 4 53 23 11 100 33 40 74 99 25 45 49 97 27 4 63 8 50 9 100 52 91 74 92 83 48 16 47 65 51 78 24 62 53 62 100 46 50 98 7 17 66 35 33 86 5 94 52 6 87 1 81 5 50 72 76 11 26 38 19 44 72 10 9 88 99 69 22 63 68 83 11 29 93 9 98 75 14 23 48 
100
30 21 24 86 76 90 86 3 20 39 79 43 71 53 22 2 56 21 80 72 11 95 53 27 64 12 15 8 100 42 46 89 78 14 85 30 58 27 74 49 93 84 97 10 51 55 9 57 3 78 87 61 50 78 89 7 90 26 58 61 76 46 75 14 98 69 89 37 91 32 63 7 11 71 78 54 51 73 98 29 49 86 95 21 92 95 18 72 16 64 37 81 43 19 12 82 73 82 48 21 
100
98 3 97 44 41 9 26 92 5 30 36 15 39 98 21 42 81 64 21 79 44 41 39 75 7 92 35 7 35 84 24 94 44 85 51 32 25 19 83 72 50 13 37 85 15 46 73 82 41 17 75 90 7 43 55 67 86 72 51 54 11 34 75 99 11 52 57 2 44 46 34 24 41 87 29 67 45 50 31 1 48 24 63 69 75 3 54 69 7 11 15 1 42 78 13 78 18 48 2 29 
100
25 31 23 44 73 90 76 38 79 100 37 86 51 23 72 7 19 88 4 89 72 79 93 75 7 47 68 81 4 86 68 71 1 55 10 72 33 10 45 30 43 7 68 76 86 100 51 79 68 44 8 78 29 28 93 2 82 77 4 80 61 35 2 7 61 54 21 34 38 60 31 25 80 62 19 92 97 62 22 55 66 100 64 24 2 55 53 32 41 60 88 32 99 80 62 100 88 8 68 53 
100
64 96 73 89 9 16 22 34 1 4 15 75 15 23 60 13 22 13 89 57 55 40 99 91 9 58 69 74 61 51 10 35 24 4 14 3 28 87 72 73 30 37 60 23 61 15 73 30 68 9 46 28 76 21 100 92 39 76 24 5 93 77 94 88 36 74 17 45 72 22 6 41 11 38 3 91 15 93 39 92 20 21 3 45 51 1 48 63 50 37 65 20 10 99 66 92 26 7 6 17 
100
92 75 26 59 100 48 35 7 1 49 74 29 70 42 57 51 88 5 92 73 32 13 32 54 79 66 30 46 49 22 14 5 45 15 6 87 42 40 5 27 34 71 17 35 81 79 81 96 26 81 44 68 91 21 96 18 80 58 52 54 96 7 99 95 73 56 97 71 93 48 46 22 68 58 20 6 27 100 14 99 86 29 95 88 94 6 52 55 82 4 3 58 83 74 92 43 47 54 96 4 
100
21 73 93 10 27 95 76 99 10 16 13 82 15 18 43 81 68 73 59 75 77 54 7 56 57 77 49 66 4 35 87 9 94 5 40 29 21 66 88 75 88 20 98 53 87 83 46 74 98 24 15 100 69 77 50 33 13 82 95 96 15 55 35 50 50 62 3 6 65 42 83 78 90 96 22 32 88 77 33 88 63 40 100 95 57 12 70 80 20 92 25 35 79 67 87 25 99 32 100 27 
100
18 29 94 17 28 49 84 1 100 77 29 80 1 69 75 40 58 47 33 6 94 80 82 73 76 9 38 95 18 80 44 29 53 51 37 87 82 21 34 4 42 44 44 76 96 9 52 58 33 12 81 84 61 77 59 92 7 71 22 98 96 92 89 52 85 72 17 13 50 22 15 2 24 57 52 57 99 47 67 74 93 38 85 7 28 55 50 66 55 18 72 24 86 86 62 97 62 17 86 30 
