10
200
166 74 135 143 133 41 168 153 78 72 24 26 95 92 150 82 5 9 49 97 132 99 148 46 41 104 173 16 134 156 180 95 93 176 168 145 2 73 58 138 45 29 146 185 106 62 164 40 123 177 9 155 167 83 89 117 72 38 79 48 35 166 41 129 160 75 130 164 185 113 5 97 200 51 143 38 113 144 162 15 123 163 167 152 128 191 129 114 136 14 124 140 151 180 136 113 178 19 111 5 12 191 69 135 92 9 120 107 50 140 165 57 12 187 157 72 177 76 100 41 56 189 16 180 24 194 144 10 47 102 136 143 192 184 161 104 134 114 18 117 141 168 71 46 97 63 2 82 139 146 123 125 22 39 120 185 11 134 175 83 44 45 39 85 2 4 159 131 104 145 119 186 22 40 100 132 47 16 66 118 28 179 183 100 168 182 59 24 2 190 196 36 188 78 6 14 163 2 18 91 
200
88 129 68 37 72 116 87 108 5 122 141 176 194 99 179 17 75 52 90 138 199 188 29 92 50 175 148 104 102 117 109 144 67 108 169 108 93 149 71 37 191 29 21 2 142 152 13 33 64 94 79 10 76 150 150 51 6 101 106 43 112 76 133 129 105 141 95 166 175 196 88 71 149 8 53 183 190 138 35 124 106 17 4 162 116 36 125 112 178 123 75 150 1 187 52 11 196 165 139 58 68 15 27 97 190 123 187 131 77 25 115 192 88 160 24 65 81 72 56 157 189 198 132 127 133 18 109 3 57 44 19 10 108 152 43 36 7 65 87 114 114 166 161 75 158 197 55 156 78 165 39 144 114 38 154 8 48 99 103 80 46 85 2 61 187 40 186 183 30 8 40 121 199 70 12 165 154 56 68 101 112 93 94 192 117 178 173 185 170 129 47 121 117 192 55 60 174 6 114 157 
200
143 29 89 63 67 59 98 89 134 40 54 198 60 18 157 78 156 196 147 195 66 104 12 114 2 44 147 69 125 143 23 78 20 74 164 128 41 101 105 23 4 184 57 38 18 196 191 125 106 173 55 92 143 52 89 181 164 171 96 81 171 158 54 57 1 164 102 170 95 131 73 124 124 167 88 181 1 151 45 149 198 19 51 152 122 163 195 155 136 106 148 147 140 178 112 120 32 27 104 13 63 34 175 62 124 96 115 66 34 38 33 117 120 36 88 25 67 110 131 189 58 194 173 7 165 83 129 33 56 128 131 14 115 103 88 185 133 167 154 185 134 56 187 112 161 147 2 183 16 25 195 130 175 22 132 137 91 138 199 111 125 138 200 8 66 71 58 177 156 25 101 157 128 9 4 112 117 189 11 143 32 4 61 31 44 68 57 44 182 174 18 172 143 5 40 144 31 162 193 17 
200
91 7 127 57 80 195 54 27 113 151 139 55 76 102 187 133 133 54 28 127 150 78 58 16 63 58 108 86 97 67 104 46 140 173 41 116 40 61 29 150 83 77 78 128 33 7 144 142 100 195 181 70 174 108 159 184 110 25 159 185 160 90 26 156 133 90 160 169 7 32 42 118 137 123 191 105 166 161 52 173 170 64 103 46 117 11 123 101 88 124 192 189 31 102 67 178 110 38 3 71 17 55 114 102 188 59 110 179 11 7 123 75 80 48 99 99 141 52 41 196 122 195 99 1 105 177 12 135 106 95 135 21 81 88 100 188 132 186 90 195 143 33 79 54 100 34 110 186 118 129 175 194 20 96 177 149 190 59 130 10 114 142 98 32 30 159 82 118 171 120 101 24 131 128 170 170 82 184 53 119 121 56 135 170 162 13 103 23 70 193 73 22 1 36 132 195 139 150 199 49 
200
120 19 84 112 36 155 155 163 100 158 47 147 143 79 63 13 41 17 16 133 11 187 74 144 101 77 111 8 38 75 38 78 168 149 7 72 38 5 181 136 132 182 137 75 78 37 161 38 101 11 174 79 128 44 14 137 92 84 80 200 73 119 156 68 197 60 188 28 54 53 49 50 148 8 179 80 110 63 28 179 20 37 184 56 115 156 90 119 107 194 8 162 136 154 55 98 19 5 196 119 95 50 119 147 63 124 136 181 89 197 180 162 132 10 13 96 187 127 178 11 160 189 13 179 16 14 44 101 53 26 87 187 35 20 164 26 155 31 72 166 195 120 15 147 122 180 148 55 77 128 29 195 168 23 15 97 160 183 68 164 112 41 8 188 187 75 128 199 113 35 108 139 38 41 116 30 75 120 175 27 44 150 119 36 46 183 79 109 194 38 96 33 1 147 166 79 28 23 48 13 
200
35 182 192 122 125 106 164 52 43 199 152 71 4 129 58 110 73 133 96 168 91 12 36 159 200 10 70 73 171 161 196 63 8 151 123 19 40 106 164 98 183 102 141 85 74 74 52 16 85 118 155 100 151 45 179 164 151 120 111 168 53 137 73 194 121 24 55 172 28 77 146 198 167 16 60 79 30 33 106 81 109 21 78 166 119 116 75 2 171 173 124 121 90 12 188 20 72 153 112 126 135 169 1 49 152 20 157 70 87 146 190 188 163 176 49 156 55 144 56 163 39 133 148 90 181 99 59 60 93 142 128 28 1 133 170 48 21 67 184 138 143 3 33 188 8 118 154 2 87 161 182 59 105 56 179 115 117 68 2 3 22 110 11 61 16 30 20 115 42 111 192 6 70 95 7 159 82 99 128 50 36 75 168 90 73 144 25 91 35 137 125 110 14 65 194 14 159 141 171 193 
200
7 91 193 193 76 79 53 112 189 118 70 191 188 147 17 80 58 95 62 111 74 103 190 159 85 116 168 16 185 51 24 164 153 105 98 120 69 64 43 68 199 21 30 186 70 180 153 178 16 28 35 194 104 76 29 69 197 57 109 118 139 37 188 71 109 169 118 110 97 111 10 85 185 199 10 129 174 27 84 105 73 162 58 115 190 170 139 160 175 174 45 181 154 155 106 182 52 193 165 172 184 96 72 28 177 169 181 115 30 181 72 108 113 153 185 78 18 46 185 20 30 48 190 37 90 52 163 125 174 129 154 168 139 127 119 126 38 139 76 14 57 84 186 13 151 41 34 67 140 4 15 7 148 97 60 128 119 193 86 20 49 108 1 154 187 33 144 139 76 176 66 153 128 6 50 199 10 39 176 63 162 200 53 118 125 37 154 129 28 143 7 96 160 124 123 27 165 101 1 163 
200
61 175 169 109 183 140 24 137 194 9 85 73 60 168 53 86 37 155 17 156 65 73 75 196 42 39 170 53 191 189 196 177 62 102 111 112 31 47 177 189 51 22 160 120 130 173 40 92 80 41 59 11 100 183 162 178 69 47 44 118 18 124 80 183 193 22 164 133 124 149 105 150 45 70 72 33 151 162 103 180 52 193 131 189 172 191 5 134 22 1 137 24 86 159 58 136 103 134 119 137 145 75 32 200 36 52 106 151 189 86 173 35 149 84 174 128 144 46 98 42 83 117 161 71 142 174 191 126 106 173 200 92 35 70 74 104 173 61 139 180 112 176 44 74 70 198 3 72 176 94 88 142 119 186 164 197 69 165 39 107 117 164 5 163 45 170 72 35 143 80 75 21 161 191 164 99 177 167 70 95 96 97 93 135 127 78 151 87 142 197 22 123 186 132 164 31 175 90 76 135 
200
191 115 91 124 181 75 130 194 97 156 9 147 77 88 73 192 103 142 183 67 82 89 191 46 165 129 4 108 121 73 71 97 93 25 9 157 13 13 87 132 21 69 147 145 77 178 127 180 79 80 103 16 130 75 65 32 29 195 154 46 54 17 140 39 17 166 148 175 138 170 72 93 172 92 74 61 118 71 47 194 99 133 9 52 142 52 97 96 125 18 159 35 187 18 180 79 82 181 194 101 199 46 28 49 64 103 111 160 24 161 83 108 161 3 121 107 177 199 168 184 63 28 6 38 5 28 3 48 30 61 99 69 176 78 71 165 72 57 170 51 21 147 127 33 73 192 173 143 79 93 105 159 69 86 61 74 27 97 90 142 155 54 104 76 66 96 67 190 13 61 134 50 57 48 19 145 26 14 86 169 172 196 127 151 97 156 75 34 18 41 17 193 160 199 12 84 110 155 158 53 
200
188 62 107 74 35 58 76 108 100 41 195 11 44 87 186 28 44 130 53 7 146 118 106 75 134 80 99 86 55 55 81 182 126 9 153 50 159 84 98 163 188 82 39 38 98 83 42 81 178 171 192 54 58 164 30 81 145 175 197 135 185 167 79 189 122 115 95 96 82 93 183 114 133 50 147 139 111 91 25 67 162 103 131 46 64 10 73 192 114 169 9 27 9 188 156 153 15 49 23 76 146 165 189 147 188 141 50 42 81 149 156 187 76 146 150 127 152 183 85 149 182 33 80 3 137 198 112 6 189 95 149 143 200 17 165 55 25 178 198 35 184 118 31 106 173 82 172 175 97 3 79 115 72 68 87 159 61 76 65 118 35 132 97 62 146 148 15 178 55 52 108 37 168 27 193 125 118 115 137 131 91 34 98 8 96 2 99 143 137 5 2 187 141 141 192 123 9 28 138 111 
