25
10 10 4 3
1 4 10 9 6 3 4 7 2 4 
10 10 1 6
9 5 7 3 6 6 1 9 10 1 
10 10 5 10
9 2 10 9 6 5 3 10 1 7 
10 10 9 10
1 7 1 3 10 3 4 7 6 1 
10 10 6 6
6 4 9 7 6 9 1 6 4 10 
10 10 5 2
5 3 4 3 9 7 7 5 5 6 
10 10 10 1
9 10 7 5 5 2 7 7 5 2 
10 10 3 1
7 6 8 6 5 9 5 6 6 1 
10 10 7 1
10 2 9 8 5 7 2 9 4 6 
10 10 9 7
4 9 5 5 6 2 3 6 8 2 
10 10 3 1
3 6 2 2 2 1 3 7 4 6 
10 10 3 8
4 4 3 3 9 10 10 7 10 5 
10 10 1 1
2 4 7 2 2 4 7 3 4 4 
10 10 9 7
10 1 5 10 10 3 3 10 3 1 
10 10 4 4
1 2 8 10 10 6 2 7 6 9 
10 10 6 5
3 2 10 7 3 8 8 10 5 10 
10 10 9 8
2 8 2 3 6 5 10 2 10 9 
10 10 6 5
4 7 1 8 9 5 9 1 8 10 
10 10 2 4
9 9 6 5 1 9 10 5 7 4 
10 10 3 7
6 1 4 6 9 5 7 9 10 4 
10 10 5 7
7 7 6 9 7 2 9 1 5 8 
10 10 1 2
10 2 7 9 7 1 9 7 4 8 
10 10 4 4
7 7 6 10 5 9 9 8 2 1 
10 10 4 6
1 9 2 5 1 2 5 1 8 8 
10 10 3 7
8 3 10 3 7 7 5 2 2 6 
