15
16 16 14 7
16 12 16 1 12 10 7 14 2 2 3 16 13 1 6 16 
16 16 16 10
1 3 1 7 1 2 15 10 12 9 11 12 7 12 2 13 
16 16 4 11
2 5 12 1 8 10 2 9 4 10 5 3 16 12 12 7 
16 16 16 1
15 11 1 13 3 10 13 7 12 7 7 6 4 3 15 12 
16 16 3 3
11 10 9 16 14 12 4 12 7 12 13 9 13 7 15 4 
16 16 4 8
9 9 15 3 8 6 15 15 2 5 8 6 12 1 2 13 
16 16 12 9
16 2 4 7 5 2 3 16 14 1 16 9 11 6 4 13 
16 16 2 15
2 3 16 3 4 16 12 12 3 13 8 5 12 7 11 15 
16 16 7 2
10 14 5 15 13 8 1 5 8 14 8 14 4 10 16 2 
16 16 8 5
2 15 2 12 5 16 1 11 6 8 11 9 3 9 5 14 
16 16 13 10
14 16 13 15 9 14 10 1 15 1 1 9 6 7 12 9 
16 16 4 15
2 10 8 15 4 13 7 7 8 12 11 7 9 5 14 2 
16 16 10 1
10 6 10 10 14 4 1 4 4 9 6 6 12 14 6 6 
16 16 16 6
13 2 8 13 13 13 9 3 3 1 12 9 11 7 3 13 
16 16 16 9
4 5 3 12 5 16 11 16 1 2 8 5 15 14 2 1 
