5
50 50 20 50
12 34 12 36 18 48 49 28 39 13 46 2 19 29 47 22 1 3 46 1 43 39 37 24 15 26 36 31 34 10 27 33 3 31 18 39 26 47 21 30 3 24 48 37 31 15 38 2 23 29 
50 50 25 16
30 49 15 9 41 23 7 38 32 40 44 47 36 13 15 2 41 6 7 17 14 7 37 14 50 30 2 17 16 36 16 34 13 3 45 46 23 18 7 29 23 38 28 45 36 35 39 10 25 16 
50 50 40 33
19 32 49 25 6 25 4 43 41 19 7 13 28 30 41 5 25 44 21 11 14 30 10 7 17 26 33 21 36 17 42 30 2 30 28 46 35 13 40 14 34 24 46 28 36 47 35 1 18 50 
50 50 4 36
22 31 43 13 12 5 15 2 6 18 6 36 5 42 5 3 15 46 40 39 8 18 23 7 30 46 5 28 27 7 23 48 17 13 50 12 15 22 44 18 33 12 7 16 25 30 38 26 37 21 
50 50 12 20
35 1 8 9 40 17 15 25 22 16 25 19 48 11 41 48 13 37 19 14 17 29 6 4 25 35 21 42 27 33 45 35 25 19 34 18 36 11 29 16 24 34 17 42 24 8 23 27 11 3 
