10
25 25 6 5
11 22 9 9 11 8 22 17 1 1 1 23 11 2 14 12 10 11 5 13 21 7 9 5 6 
25 25 15 20
8 7 13 25 12 17 10 19 6 9 22 21 21 24 17 24 24 3 25 12 3 5 14 13 16 
25 25 23 16
3 9 12 2 3 21 23 22 19 19 3 25 14 23 21 17 25 21 16 4 15 24 13 6 8 
25 25 18 21
21 15 20 16 14 15 21 3 18 11 15 11 1 13 16 18 22 16 20 14 8 24 24 20 3 
25 25 6 25
6 24 11 7 24 10 7 24 2 7 11 4 21 21 1 6 15 6 14 3 16 13 20 4 11 
25 25 14 2
15 19 12 8 20 25 20 2 15 12 10 25 21 3 3 21 2 13 24 4 20 15 21 25 6 
25 25 7 6
13 12 24 7 25 4 5 6 5 16 10 14 24 3 5 1 12 16 2 19 11 25 23 9 22 
25 25 19 15
24 16 10 4 12 9 7 14 4 7 21 21 5 12 15 24 17 1 19 22 13 14 15 21 7 
25 25 1 25
11 19 25 7 8 25 4 10 23 2 10 24 12 13 16 11 16 22 2 11 2 19 25 20 11 
25 25 5 1
17 6 6 19 24 22 25 11 12 9 24 5 11 9 18 7 18 2 7 1 15 19 11 7 13 
