70
71 71 39 29
56 7 18 23 62 63 36 61 11 35 29 14 16 64 21 59 56 40 48 61 1 52 15 4 48 69 53 20 41 31 50 37 31 34 25 58 69 22 55 67 35 62 18 32 48 14 69 51 14 26 3 18 16 58 17 29 18 36 32 60 66 50 60 36 51 44 27 16 40 23 20 
71 71 2 19
34 53 51 67 68 70 67 17 68 38 65 12 62 15 35 67 61 1 54 48 27 53 59 25 20 66 4 67 58 22 45 8 32 28 70 46 7 8 57 64 45 10 17 56 44 66 21 11 50 60 39 33 7 54 37 33 1 66 33 18 38 14 54 20 58 59 24 26 63 21 69 
71 71 30 6
13 19 47 18 25 36 38 67 70 12 17 50 39 48 71 55 34 4 38 51 56 4 30 33 53 18 5 38 8 24 2 34 47 70 16 57 56 52 52 46 63 49 34 20 3 61 57 44 18 40 36 45 31 16 47 50 69 4 66 28 53 66 56 36 58 62 13 1 69 44 41 
71 71 63 42
69 61 69 32 26 7 34 16 12 33 22 58 12 27 55 22 33 10 62 42 68 20 20 36 67 7 65 1 24 19 70 9 17 70 28 50 4 44 5 36 35 30 14 41 53 42 6 3 9 30 65 48 37 25 30 68 22 31 66 43 57 70 59 49 55 57 9 5 6 1 38 
71 71 23 13
13 11 41 14 70 20 50 7 13 37 4 16 28 70 52 45 43 71 45 32 41 41 8 66 66 43 23 7 42 23 7 61 45 28 19 16 70 53 22 18 68 22 11 28 35 11 34 54 10 59 40 20 63 50 34 7 16 66 40 57 28 16 3 54 54 33 20 38 28 56 69 
71 71 47 4
28 10 7 22 4 47 1 28 31 61 26 24 37 7 18 50 40 2 58 59 29 1 23 30 44 20 18 63 49 52 52 36 70 22 62 46 57 67 53 56 62 60 56 46 30 44 36 8 42 14 35 52 20 21 26 35 57 21 30 30 46 42 64 26 38 70 47 45 15 31 6 
71 71 20 33
34 31 39 33 69 20 6 68 49 62 33 45 50 39 30 70 33 30 12 68 57 49 57 3 30 52 45 11 23 24 5 60 45 71 10 23 30 2 19 52 59 26 1 30 28 67 14 34 10 48 18 56 43 38 46 57 9 41 66 33 70 51 55 56 16 30 26 71 50 14 36 
71 71 5 18
14 60 64 47 48 11 23 53 22 51 56 37 8 19 55 55 12 44 36 13 5 14 24 52 71 50 44 47 59 60 7 3 51 71 56 22 3 31 43 38 57 65 33 19 70 19 66 54 42 59 47 12 18 43 19 51 39 20 40 11 24 16 32 8 55 24 29 25 14 17 18 
71 71 8 62
15 31 62 32 66 20 5 54 41 66 39 8 65 1 8 45 45 40 1 29 6 35 17 26 24 15 62 19 71 24 70 64 22 68 11 2 34 36 66 40 65 69 50 43 49 14 51 18 27 55 2 44 67 36 66 33 6 25 63 57 14 44 35 10 46 23 12 25 70 9 27 
71 71 50 67
2 23 53 42 7 64 57 16 26 70 61 58 55 64 23 44 6 69 11 9 4 67 7 59 43 59 16 46 21 22 3 19 10 20 51 9 34 40 70 7 64 21 32 62 50 24 30 50 19 46 12 66 5 18 27 68 31 4 45 27 29 32 20 38 7 60 16 67 67 9 41 
71 71 41 47
44 34 66 28 38 25 62 59 12 1 14 38 22 7 41 5 20 22 56 56 63 9 68 68 51 4 32 51 32 26 14 10 37 36 70 21 2 2 63 18 14 35 17 17 65 56 16 34 26 40 63 68 20 60 9 31 21 30 62 11 63 14 18 7 50 44 29 28 10 22 7 
71 71 58 20
39 37 28 61 5 17 29 33 11 34 56 8 56 68 2 5 41 6 36 12 45 18 13 19 62 39 43 13 21 22 53 40 21 25 3 43 4 22 30 65 49 62 4 9 18 71 66 40 6 35 11 22 30 34 18 31 22 3 20 52 63 43 30 11 44 35 56 43 46 70 11 
71 71 11 57
48 56 33 68 41 47 32 7 22 46 39 16 3 5 15 30 69 54 62 66 58 28 30 48 68 31 30 34 61 28 44 23 33 41 15 19 14 40 29 21 15 45 15 2 22 60 6 51 2 25 2 59 51 68 13 54 45 41 62 26 14 5 43 63 51 20 28 7 22 21 29 
71 71 68 14
66 28 24 58 48 56 23 5 16 26 62 51 48 24 22 12 58 70 10 62 15 63 25 13 34 36 67 11 12 16 40 22 61 67 13 19 58 1 51 16 21 3 7 7 31 63 42 37 70 30 13 70 3 54 63 31 41 11 53 71 33 50 61 26 8 4 49 39 59 7 68 
71 71 35 7
30 19 70 12 49 49 35 23 41 19 26 13 64 1 48 24 58 55 55 18 34 36 33 34 35 38 2 41 18 33 57 27 37 49 65 57 59 45 7 30 39 70 14 20 30 18 22 41 8 54 52 66 29 13 30 64 24 70 47 24 65 31 3 71 13 7 8 26 70 10 20 
71 71 3 7
70 63 38 40 18 35 61 57 4 33 55 3 60 33 24 57 2 17 62 22 21 7 38 62 64 2 56 70 39 28 68 39 63 35 38 45 34 1 52 57 47 53 26 38 8 68 47 19 63 58 9 8 31 63 4 33 42 18 43 39 1 7 2 8 71 40 26 33 23 60 44 
71 71 44 13
19 27 58 49 69 50 42 33 47 26 61 45 60 18 69 10 60 55 28 67 36 27 44 12 9 46 62 19 13 43 39 45 23 48 58 2 53 22 70 47 31 26 8 50 2 56 2 25 16 34 20 31 59 51 66 35 38 58 30 37 12 66 51 34 60 44 18 11 20 23 70 
71 71 4 48
62 57 50 24 36 26 8 15 58 11 5 23 39 2 44 52 49 3 8 58 28 46 4 36 43 19 69 35 64 19 24 21 54 19 61 55 47 68 57 52 28 69 49 69 56 65 27 3 7 7 32 54 14 4 13 24 56 64 18 7 51 30 46 18 32 2 54 10 42 60 17 
71 71 25 4
64 56 46 1 30 7 45 36 50 33 33 46 59 3 57 70 16 55 60 52 63 67 52 51 25 14 58 12 6 30 8 34 12 34 14 55 64 42 11 71 70 44 7 50 48 27 63 37 11 33 41 37 67 21 11 27 65 65 37 33 54 4 59 23 1 29 60 60 68 63 39 
71 71 32 7
38 20 50 22 60 37 7 30 27 28 7 34 29 24 41 8 69 23 49 11 3 36 65 35 42 70 18 17 33 69 4 28 2 46 53 38 52 66 23 32 36 45 25 62 22 16 20 67 48 44 22 67 40 47 59 41 32 42 20 45 59 53 27 28 1 59 47 29 26 39 43 
71 71 57 52
10 1 16 60 67 64 18 52 49 53 63 23 60 12 22 38 32 48 64 11 68 44 25 20 34 43 36 53 49 36 38 5 49 62 71 14 34 61 17 42 17 23 12 8 17 14 52 44 9 22 4 5 6 19 63 5 30 35 41 68 31 18 11 15 57 24 48 65 36 51 3 
71 71 60 68
36 8 70 61 39 13 22 62 5 20 49 7 26 36 31 2 6 13 31 15 48 41 9 46 60 66 64 5 41 17 2 65 30 68 60 64 68 28 51 13 25 45 9 62 71 30 34 41 63 16 31 54 53 62 49 69 28 19 70 64 64 44 69 58 69 19 22 20 52 62 60 
71 71 16 67
54 28 20 6 67 15 56 70 50 40 58 6 70 48 33 7 8 53 17 46 53 54 44 20 4 31 18 61 67 49 63 30 65 68 62 15 38 42 13 51 16 26 3 34 70 17 18 48 68 11 68 8 13 40 65 34 35 32 50 43 21 4 32 19 45 14 13 55 24 10 69 
71 71 28 54
23 10 28 31 44 29 44 30 6 29 67 9 39 26 61 26 59 54 45 15 2 27 25 30 8 53 31 13 3 37 5 36 41 33 32 71 25 36 54 71 14 11 54 10 33 62 57 58 52 31 36 22 12 5 52 68 5 28 65 66 62 49 13 4 53 62 67 55 27 17 14 
71 71 66 59
48 34 66 69 21 21 2 71 64 44 2 68 56 43 55 40 19 56 29 9 16 14 56 7 1 11 33 69 1 24 9 5 15 34 29 50 25 49 42 23 62 33 12 44 2 34 32 47 13 36 63 6 42 50 13 39 8 9 4 53 1 42 2 62 30 27 35 2 27 69 9 
71 71 49 5
29 26 64 57 69 66 28 22 69 47 35 70 24 10 50 63 29 20 40 62 4 71 47 70 20 26 53 37 57 64 51 21 68 57 56 8 16 11 45 4 59 42 39 59 3 7 47 43 22 66 35 42 50 33 27 67 57 65 26 9 55 60 38 36 27 5 47 15 30 58 46 
71 71 45 8
55 49 45 62 49 28 68 68 47 45 20 11 44 50 53 67 37 31 7 38 40 3 13 43 39 34 65 1 70 59 7 41 65 61 70 48 60 44 18 51 18 50 21 48 37 53 69 24 61 1 15 70 64 70 5 49 39 7 49 23 6 5 34 2 11 52 54 8 60 61 42 
71 71 68 11
21 27 55 47 27 31 37 18 38 10 19 39 67 51 39 37 1 4 43 33 40 46 43 15 41 11 42 3 7 67 45 15 2 3 44 6 45 19 25 44 59 53 25 20 51 5 57 32 55 40 1 59 68 5 23 43 31 65 31 60 23 32 61 66 21 36 12 38 7 49 35 
71 71 64 56
45 45 24 70 27 61 32 6 49 19 10 57 16 32 29 18 27 16 15 3 53 34 59 12 19 66 4 62 49 66 54 19 2 18 25 15 9 30 24 29 2 30 44 26 5 69 60 16 15 19 56 66 19 34 47 5 4 37 42 24 56 61 65 36 6 3 14 28 26 58 47 
71 71 58 15
48 26 4 60 28 8 29 13 12 45 65 8 36 39 62 69 26 54 43 18 4 50 28 53 11 45 57 47 45 18 6 36 61 69 14 16 40 3 5 50 52 64 1 64 54 64 18 68 2 46 24 71 51 64 53 59 20 46 54 11 48 61 29 39 71 35 65 56 69 55 48 
71 71 21 27
2 67 29 60 7 55 37 38 37 37 20 47 54 30 41 57 48 32 58 16 66 58 30 69 33 2 31 35 31 50 41 1 60 33 11 56 67 39 68 65 64 68 12 38 54 71 62 58 54 59 54 57 17 15 5 14 42 25 54 46 66 45 46 19 53 64 59 2 65 31 2 
71 71 20 19
65 7 21 28 48 44 2 63 18 63 14 18 43 1 58 1 54 25 28 55 4 23 69 45 51 33 40 20 28 69 70 46 10 60 1 64 71 24 15 50 65 26 68 36 10 14 54 18 23 1 40 27 71 30 20 47 42 20 34 71 17 46 33 41 11 67 13 47 34 41 23 
71 71 34 15
70 2 62 66 70 22 40 47 52 8 67 58 51 45 27 67 39 59 16 65 7 35 17 46 28 58 64 62 67 38 38 45 6 63 18 63 4 40 18 15 35 60 46 9 25 38 56 26 69 40 13 29 58 27 6 62 69 2 15 59 18 63 71 61 17 6 1 7 34 59 46 
71 71 68 35
16 40 43 10 55 38 31 28 28 27 22 21 44 4 15 52 70 55 34 17 67 67 49 38 53 43 49 43 35 3 67 64 24 66 22 69 10 1 11 15 69 27 43 57 4 11 35 31 41 14 10 60 35 14 62 54 1 12 11 45 33 39 44 3 19 32 36 44 5 52 56 
71 71 8 42
65 60 54 54 12 12 35 4 1 41 43 3 39 4 69 36 16 38 58 22 49 48 59 31 68 59 6 40 53 32 63 42 32 66 68 13 33 41 31 24 16 30 21 68 38 55 68 4 45 66 3 32 9 41 32 41 51 47 12 52 3 5 42 1 70 67 18 12 65 51 22 
71 71 62 62
66 58 3 66 35 17 10 50 6 22 43 48 24 68 44 34 31 19 15 45 58 51 43 7 51 13 53 30 8 30 39 25 12 20 50 53 31 29 18 53 71 17 12 28 23 12 1 3 71 28 67 57 13 53 6 11 15 33 48 55 9 69 28 46 67 13 56 65 10 46 26 
71 71 65 1
58 50 36 38 5 71 18 53 9 19 27 68 34 38 21 48 45 9 36 51 38 7 69 55 28 62 21 34 46 45 48 3 2 16 31 11 69 55 34 1 22 68 26 2 6 62 70 53 63 7 45 64 19 63 38 24 21 4 49 49 16 66 39 14 38 24 56 15 67 7 43 
71 71 20 29
41 65 61 30 35 55 61 33 49 36 45 3 12 70 62 4 45 31 35 69 39 52 44 23 10 44 57 38 50 29 20 39 21 59 53 13 65 30 20 17 47 61 62 56 68 3 24 4 33 8 47 59 62 23 2 62 11 58 16 39 13 26 29 7 52 68 26 31 60 26 38 
71 71 68 52
23 26 54 66 40 43 25 5 59 52 36 63 8 67 9 56 44 17 53 43 59 57 9 56 35 65 7 48 45 61 38 61 1 4 34 29 41 4 21 39 26 55 67 1 62 24 25 58 20 50 26 50 62 62 54 10 17 45 55 58 66 64 51 32 38 57 37 45 20 7 18 
71 71 36 61
11 46 54 18 67 18 42 67 51 22 27 27 62 67 26 54 39 71 22 14 59 54 6 24 65 35 52 5 44 39 55 43 12 6 8 14 12 66 38 9 35 14 12 50 65 29 54 29 70 37 9 18 10 38 68 58 38 23 33 56 57 31 3 19 24 42 55 10 25 55 35 
71 71 40 49
3 3 1 67 68 37 71 30 35 22 7 5 43 52 27 6 37 36 69 39 27 5 36 42 11 61 23 64 65 12 41 28 50 25 30 52 50 2 41 38 8 68 2 54 2 61 20 5 54 4 71 65 2 18 36 28 54 62 4 42 33 45 16 52 10 25 15 43 24 13 56 
71 71 48 15
65 71 28 7 9 9 17 4 2 35 66 58 39 23 56 57 22 43 11 59 7 33 48 10 64 1 32 8 45 66 43 4 15 35 69 51 27 42 34 41 59 10 49 38 44 26 58 20 69 26 23 68 10 54 53 55 39 56 5 48 21 15 25 1 36 58 71 26 43 29 62 
71 71 3 1
43 21 68 44 37 50 58 8 35 6 36 41 64 35 49 20 20 4 38 28 22 71 44 41 32 46 28 54 2 41 26 7 20 12 2 61 51 48 67 61 51 24 47 51 42 41 23 66 39 22 29 2 44 49 64 57 8 2 22 48 7 51 18 5 18 33 44 26 11 29 38 
71 71 8 29
50 31 64 2 13 50 38 69 2 28 16 21 52 27 7 56 43 24 69 20 39 66 17 34 36 60 41 33 9 10 43 22 21 14 60 55 50 34 5 66 44 44 62 16 67 28 9 62 1 47 51 1 44 65 46 37 25 14 44 47 62 30 35 3 46 43 17 12 27 43 14 
71 71 3 71
35 7 61 64 35 49 4 38 21 57 32 44 30 5 31 55 21 67 45 54 32 40 53 18 34 60 42 42 29 61 18 53 9 37 65 60 19 27 45 44 44 5 63 36 3 47 20 49 34 46 70 43 37 24 29 28 25 5 60 66 23 49 38 8 19 53 18 40 58 42 54 
71 71 38 20
58 50 8 70 30 10 11 24 22 42 21 68 57 57 62 65 56 38 28 43 23 49 16 2 6 13 6 21 46 41 40 16 59 19 6 37 48 13 56 7 42 63 64 42 24 40 65 23 16 51 33 16 61 62 17 2 62 48 11 49 58 71 60 54 48 40 29 52 30 37 34 
71 71 30 49
68 2 66 51 35 1 29 39 66 27 23 40 39 14 45 37 4 24 67 13 61 1 52 46 62 51 62 5 3 45 52 66 42 48 67 54 40 53 54 54 2 45 1 38 36 33 49 1 13 42 31 54 63 5 30 13 68 59 52 35 64 51 52 23 61 11 20 47 44 4 41 
71 71 70 39
17 55 38 40 59 32 7 5 32 45 58 62 2 58 65 43 59 40 62 62 65 25 4 15 65 71 2 69 40 69 56 36 1 2 49 71 30 64 2 50 63 7 47 25 3 1 19 47 48 42 37 65 8 43 12 29 48 9 9 31 3 49 69 2 61 14 35 63 69 57 53 
71 71 42 39
26 34 45 16 16 28 60 26 22 68 41 50 14 52 56 46 31 25 42 22 52 1 48 47 31 47 5 17 35 19 51 8 47 6 26 51 58 29 10 27 37 50 15 39 59 1 22 19 59 40 31 53 50 64 11 34 23 8 7 12 36 8 14 33 60 57 5 33 43 62 51 
71 71 1 23
47 39 66 33 29 50 17 45 31 15 50 71 27 33 19 60 67 14 6 21 4 26 33 58 9 50 42 69 12 31 28 67 71 2 58 28 38 71 24 54 30 47 54 26 7 68 65 9 30 53 40 26 22 48 2 63 69 9 34 30 63 14 2 53 62 19 52 50 61 10 47 
71 71 15 42
67 18 21 35 18 55 31 25 20 52 3 5 20 67 13 2 53 54 59 44 13 40 62 16 27 71 60 12 3 14 53 4 64 48 14 61 50 55 21 15 65 7 44 34 33 47 46 6 18 43 63 8 18 21 13 65 32 19 50 51 56 22 53 62 15 60 40 36 8 66 21 
71 71 40 49
31 19 14 1 31 29 12 10 42 37 58 24 21 36 68 51 27 68 28 25 63 31 52 28 1 68 70 44 49 39 16 8 23 8 13 44 37 35 53 51 24 12 32 61 22 64 38 43 34 30 41 35 46 38 27 52 53 30 33 67 45 18 7 54 60 70 4 11 67 8 54 
71 71 49 65
68 22 28 26 36 19 20 60 63 55 40 5 66 11 24 48 15 25 40 62 67 22 58 43 5 62 31 25 25 49 23 37 52 62 69 54 38 19 1 18 50 53 54 54 13 11 7 30 63 70 28 1 43 36 54 12 43 26 56 3 67 68 69 9 69 3 66 32 67 18 26 
71 71 68 43
60 12 27 1 21 61 22 48 12 11 39 18 56 42 15 66 41 11 30 61 24 24 52 67 39 56 9 44 43 9 62 48 26 58 64 33 56 13 30 4 32 45 5 37 4 30 32 42 56 22 51 5 33 57 61 36 18 37 27 8 26 45 52 52 66 33 46 32 52 19 29 
71 71 1 32
43 51 60 46 48 32 49 58 38 29 20 47 45 42 69 19 57 26 16 51 56 37 1 39 4 50 20 30 37 21 13 34 67 48 31 11 54 38 2 6 1 11 43 34 64 63 4 30 22 8 44 67 55 12 8 35 71 9 3 66 21 36 24 70 31 34 4 62 46 5 18 
71 71 29 35
36 33 38 35 32 43 53 42 17 9 6 11 57 8 54 59 29 67 64 20 59 41 51 16 57 56 55 43 12 31 17 71 14 12 33 69 36 61 9 16 30 4 27 7 14 32 61 33 6 43 19 67 69 11 10 18 4 34 71 55 15 32 35 68 60 52 57 15 41 67 19 
71 71 8 64
9 70 5 41 26 23 37 46 37 29 47 56 41 17 46 20 59 47 42 39 49 5 32 19 16 36 29 19 37 62 35 37 52 15 68 39 71 32 5 23 2 42 21 6 51 46 31 34 52 16 33 64 70 70 64 26 62 54 51 50 69 41 10 63 46 44 71 35 19 21 16 
71 71 32 62
65 36 18 63 44 53 67 22 2 14 25 53 66 51 52 54 51 41 53 25 14 43 22 25 6 42 24 5 14 69 36 14 29 55 29 42 21 34 68 50 44 17 53 1 70 5 49 4 64 1 35 69 65 21 23 21 1 54 27 69 55 51 37 2 57 16 3 28 61 23 4 
71 71 51 65
54 18 35 45 63 4 2 37 61 12 37 22 60 42 61 30 38 26 6 44 20 21 8 16 68 44 49 69 8 25 11 35 68 7 65 52 52 17 9 38 58 41 57 66 7 65 32 35 46 52 20 41 54 60 42 55 1 40 71 48 2 17 55 28 53 57 4 68 11 47 47 
71 71 56 13
47 48 41 25 11 37 8 37 27 1 57 26 35 43 15 50 55 26 29 34 3 39 56 9 48 65 2 8 33 19 38 27 47 7 40 21 17 6 36 42 23 7 51 4 35 25 26 62 45 42 10 11 54 57 61 33 55 62 63 52 43 55 54 23 7 1 26 2 67 42 16 
71 71 25 44
26 66 67 62 31 44 52 14 8 4 61 17 65 67 36 19 61 34 19 11 40 37 15 44 55 10 70 9 45 29 61 41 50 38 10 46 49 39 18 12 66 65 4 48 26 24 8 30 25 57 63 40 44 37 19 60 28 7 35 53 31 33 25 10 35 40 4 68 16 52 71 
71 71 6 3
5 43 69 55 33 41 40 1 34 66 49 4 43 35 19 69 61 37 37 17 47 59 48 28 26 30 6 38 22 5 41 36 56 20 7 39 3 9 17 25 65 48 45 23 57 67 57 12 12 5 71 60 23 3 45 53 41 71 18 69 3 24 2 32 48 37 53 16 23 45 20 
71 71 10 17
16 57 17 37 13 35 58 25 66 58 5 43 3 70 38 35 35 6 20 48 47 48 10 12 5 48 51 6 62 63 42 62 56 43 29 11 17 28 41 4 39 32 66 12 67 3 42 15 8 54 8 21 55 50 62 30 48 9 57 38 17 1 1 33 26 69 25 5 46 5 8 
71 71 18 58
68 54 14 31 33 37 50 54 51 13 34 16 54 6 38 53 46 35 16 25 62 58 56 30 15 39 4 49 22 20 4 71 4 1 2 11 50 34 10 29 47 39 69 49 55 25 65 41 7 53 49 36 16 13 60 43 68 18 38 54 23 10 5 34 66 18 66 15 5 47 25 
71 71 13 37
15 1 49 8 65 23 56 16 71 1 18 33 53 44 50 4 53 38 14 49 39 33 12 69 49 52 39 34 26 62 71 6 53 40 5 56 21 26 59 35 45 38 28 35 69 57 53 24 60 37 61 18 52 1 8 41 51 30 56 30 2 67 19 65 18 3 49 38 35 22 66 
71 71 64 56
61 25 32 66 46 48 14 13 46 37 55 49 29 50 50 47 18 46 35 61 59 8 11 8 51 58 35 49 1 70 26 55 20 59 24 46 70 68 2 49 24 69 32 26 66 3 71 33 25 46 40 15 13 9 68 45 45 68 61 35 30 1 57 26 37 14 71 15 19 1 24 
71 71 66 54
8 38 44 49 68 15 55 36 12 29 17 66 40 33 43 37 58 65 24 64 56 34 10 19 16 59 40 45 7 22 11 62 62 12 25 33 18 50 43 70 14 6 40 34 22 60 15 10 32 65 68 22 48 15 26 38 61 11 7 63 40 10 65 10 56 70 22 21 68 33 53 
71 71 63 65
4 70 7 39 45 65 7 58 13 70 46 33 60 52 41 34 69 8 55 24 21 2 57 56 9 43 45 46 42 3 29 69 8 32 68 35 29 15 1 6 70 45 4 67 45 58 59 49 9 56 30 9 13 45 3 9 14 29 54 21 23 17 55 33 26 68 17 48 62 14 2 
71 71 62 5
5 31 46 32 10 52 26 61 9 5 27 32 71 56 25 35 44 31 44 70 18 42 70 56 43 9 66 24 17 1 28 60 23 65 18 70 12 39 15 41 39 64 18 37 26 54 66 11 47 66 34 10 51 29 17 57 38 58 30 27 6 25 44 57 26 47 30 28 42 59 58 
71 71 61 11
56 40 3 17 67 65 42 13 44 2 44 39 52 51 17 53 64 68 18 57 35 59 69 50 64 59 28 29 47 14 25 70 67 29 38 33 9 40 20 24 67 49 67 40 1 32 41 64 32 71 32 43 15 23 2 6 44 23 43 9 55 71 45 16 43 12 31 5 46 49 17 
