9
7
4 0 765
5 0 2145
6 2 11
6 1 13
3 4 1
4 6 690
2145
15
2 3 187
12 5 7865
8 13 66
1 12 37
11 5 22
14 8 36300
5 9 22
6 0 858
12 14 605
10 14 330
7 4 770
8 4 36300
3 0 1573
14 3 847
72600
31
12 10 15
1 26 3
7 28 1
16 24 5
23 25 30
30 5 15
11 15 10
11 29 5
18 10 5
0 28 5
16 6 10
2 22 10
1 13 1
30 20 50
12 4 45
15 17 2
22 21 50
20 0 25
27 21 30
19 9 10
23 4 45
26 8 1
13 6 1
18 9 5
2 7 2
25 3 6
14 8 2
29 14 1
27 3 6
5 17 1
90
62
26 7 210
21 57 105
16 26 6300
49 19 1995
43 4 735
53 43 485100
50 9 15
20 37 210
37 15 360
23 46 30
2 42 22050
18 32 374850
36 45 30
54 0 2100
50 47 15
55 50 5250
37 56 294
53 1 22050
61 51 37485
0 59 27300
5 13 3162
46 35 18900
11 40 595
55 16 23100
1 48 3150
56 41 483
39 14 450
59 40 1050
42 10 1785
58 5 630
34 33 210
35 54 2100
15 26 1800
38 26 3
12 31 2415
15 29 900
2 22 3150
19 29 12495
39 34 40950
3 58 105
54 55 73500
36 43 900
41 52 5115
35 2 9450
31 1 11025
46 4 735
25 14 30
50 8 105
36 51 19125
61 44 37485
48 24 6510
58 6 3150
18 6 3150
20 57 1785
29 32 374850
30 14 15
22 14 450
37 28 105
46 27 42
17 51 105
44 60 1785
749700
125
112 96 2002
124 57 33033
64 89 385
116 18 77
87 30 9163
13 49 21
33 45 14399
97 71 195657
77 48 13209
3 92 4522
113 99 231
17 39 2849
86 55 7623
67 9 10164
54 86 9
74 81 847
7 118 2002
50 102 847
97 16 77
117 38 154
19 12 121
63 37 5
28 111 357
61 123 187
27 6 5929
44 2 3157
24 106 609
110 103 1309
62 22 77
102 68 14
61 113 2695
104 70 161
110 100 4235
39 30 23177
59 117 77
20 107 3927
122 101 88935
26 5 30107
94 86 5929
89 12 16170
0 82 231
9 44 5929
40 80 5082
120 3 187
119 37 77
72 98 1694
69 75 231
72 34 14
19 75 4961
33 120 59653
35 83 16709
42 40 17787
95 91 19635
4 101 847
111 47 91
48 82 147
90 71 1078
122 25 53361
76 62 77
124 36 2002
105 82 1
57 41 51051
79 66 35574
52 116 49
49 25 82467
66 29 154
8 118 11011
93 64 847
60 72 55
89 26 539
14 84 1309
62 82 124509
117 121 121
74 90 539
115 97 17787
116 124 2541
67 122 2541
72 73 2695
112 104 539
74 56 5929
32 99 17589
93 87 5929
111 53 3927
15 102 11
115 61 5929
11 104 231
79 31 77
79 106 294
8 88 363363
85 103 121737
55 21 33
82 83 5929
45 113 539
67 10 4114
71 93 65219
51 102 77
94 98 1694
94 46 13
121 110 2057
9 1 14
50 10 2057
4 88 1694
23 69 3094
78 93 91
112 100 5929
28 52 8806
80 20 48279
116 35 539
8 37 2541
54 117 3
66 11 1155
81 79 2541
65 84 1
58 113 21
114 96 1309
84 71 11858
88 6 33033
91 55 2541
12 42 88935
8 43 1
24 108 715
56 27 100793
62 109 21
53 73 1309
363363
250
206 15 8470
22 193 21175
248 216 118580
116 30 42350
64 245 55055
201 88 16940
161 155 7865
46 61 55055
146 70 550550
153 152 12100
168 222 110110
133 74 15730
150 156 110110
83 149 59290
120 149 42350
152 137 42350
244 38 21175
215 35 8470
73 68 16940
57 235 42350
13 27 770
224 80 1430
130 107 15730
237 233 7865
215 12 3388
56 236 804650
38 151 275275
179 188 22022
229 221 12100
154 4 84700
93 26 84700
197 172 550550
113 136 15730
92 134 572
64 226 11011
20 105 16940
161 134 40898
186 51 44044
104 171 3388
59 165 20449
17 18 550550
202 218 8470
117 114 39325
230 118 44044
94 206 22022
239 235 296450
132 198 22022
243 6 55055
120 139 42350
205 19 84700
140 125 6292
138 225 71148
145 241 11858
174 85 6292
29 114 78650
10 60 10010
246 204 15730
1 76 7865
209 135 7865
102 28 15730
112 143 26026
71 81 15730
165 147 102245
122 245 110110
96 203 31460
137 214 59290
25 196 3146
142 14 42350
62 213 550550
33 89 26950
130 232 6050
15 48 11858
124 126 11011
218 203 16940
220 33 21175
208 169 21175
200 125 2420
44 12 3388
133 84 15730
83 107 8470
78 19 42350
144 93 16940
185 188 11011
34 180 8470
175 10 20020
109 50 16940
208 70 21175
146 142 42350
204 178 78650
210 216 8470
219 18 275275
66 242 7865
45 117 7865
141 243 78650
37 80 204490
160 73 220220
41 17 110110
148 1 110110
27 106 80850
90 40 15730
131 94 22022
47 231 127050
8 209 7865
150 132 220220
201 109 16940
74 31 6050
197 24 110110
99 205 84700
44 25 220220
167 219 21175
51 95 110110
39 110 8470
115 29 6050
92 53 4620
32 189 102245
126 16 55055
77 119 110110
148 60 10010
68 42 118580
58 7 42350
54 173 50050
77 110 8470
65 123 48620
249 108 6050
194 35 15730
59 112 20449
195 67 15730
198 103 143143
43 187 84700
79 158 8470
143 173 10010
237 52 7865
170 23 9438
155 90 133705
192 78 39325
34 177 6050
49 223 110110
227 4 42350
123 189 18590
111 238 592900
45 140 40898
2 9 70070
75 8 8470
23 97 9438
63 212 22022
183 5 8470
50 96 2420
20 128 110110
226 21 20449
63 128 110110
65 180 1540
58 100 8470
174 131 31460
98 176 42350
246 163 15730
57 86 39325
185 231 29645
156 164 29645
136 41 110110
103 100 11011
43 30 42350
111 248 592900
135 191 42350
162 13 22022
32 196 1573
82 210 55055
49 147 55055
40 239 42350
213 227 42350
101 7 110110
3 0 110110
46 76 102245
176 91 110110
56 62 42350
79 5 296450
194 234 15730
202 54 110110
224 89 4620
191 106 53900
2 69 7007
108 233 15730
99 230 16940
97 169 11495
184 182 16940
160 122 220220
249 47 6050
200 139 84700
212 171 44044
14 192 39325
240 21 204490
3 177 78650
119 242 15730
138 101 1694
127 22 7865
127 28 204490
157 175 15730
141 159 39325
104 72 118580
86 66 102245
182 81 8470
222 193 29645
168 178 15730
71 234 15730
221 153 157300
186 87 44044
11 84 15730
116 11 78650
214 217 770770
91 118 44044
166 121 110110
85 55 6292
95 129 5005
236 102 6050
247 159 39325
181 52 275275
53 179 1540
181 187 42350
228 61 59290
6 69 77077
244 228 29645
154 225 16940
170 151 110110
75 164 148225
220 113 3025
24 0 110110
67 144 31460
247 115 42350
26 207 16940
37 183 15730
88 36 770
190 98 42350
223 241 22022
166 211 110110
232 229 84700
167 217 29645
124 211 11011
157 195 78650
87 163 110110
207 39 110110
238 121 59290
162 72 3388
190 172 42350
55 31 8470
199 145 29645
48 82 11011
199 9 13475
16 105 8470
42 184 16940
240 158 31460
1185800
500
342 32 46305
421 219 5775
349 184 105
484 212 7350
182 292 8085
465 122 28350
218 112 30
340 427 315
359 298 441
406 58 3465
148 213 22050
139 116 105105
404 113 225
397 6 14700
326 258 105
374 443 1575
60 113 30
372 214 105
86 404 1575
204 343 2205
106 454 105
467 18 231
287 169 15
138 260 11025
180 361 1155
134 245 6300
146 432 225
463 327 4410
25 108 3375
269 412 1365
281 460 16170
323 24 26950
49 185 1575
4 256 165
71 448 1575
481 137 105
270 307 30
373 384 1470
57 243 11025
168 205 1995
34 188 308700
17 251 11025
241 499 3465
259 111 40425
9 113 90
273 102 2205
62 346 4410
142 480 1575
169 294 3
475 286 105
164 193 1365
345 387 45
183 367 44100
415 487 24255
40 125 15015
300 219 385
79 285 55125
341 458 330
285 474 110250
457 384 165375
42 139 385
278 304 39375
368 90 45045
145 423 1575
67 393 30
75 161 2205
141 420 105
34 92 7350
79 55 105
178 135 6930
421 57 1575
78 298 105
82 76 1575
408 413 2310
215 367 2730
185 340 9450
235 228 74613
345 322 2250
165 495 35700
311 3 14
315 24 7350
366 334 1155
17 386 30
6 357 22050
261 245 770
317 370 21
86 293 75
398 427 3795
174 396 7350
479 226 23625
485 39 585
186 484 7350
273 342 13230
263 164 11025
127 191 40425
376 131 6615
430 471 13860
183 128 30
221 187 1365
0 487 14553
496 270 75
295 457 23625
148 375 242550
230 198 3
227 25 675
237 487 6615
110 132 1995
221 91 15
136 79 9
289 354 105
16 118 15
172 90 315
1 340 4410
190 479 45
448 461 1575
194 82 17325
308 348 1155
335 481 1575
177 482 675
179 185 5250
166 345 30
462 252 3927
113 290 675
336 1 10710
194 309 3375
97 306 210
194 68 105
402 309 675
343 345 20250
362 435 11025
200 317 22050
251 466 20475
224 331 13299
16 304 94500
399 145 15
89 108 22050
354 383 121275
452 65 2205
244 288 381150
226 130 165375
296 402 17325
6 383 22050
54 282 3
115 169 30
437 474 3150
177 389 33075
465 355 1575
320 376 35
81 366 77
94 35 255
351 235 126
332 245 900
48 279 44100
281 313 121275
158 141 2205
352 157 195
472 134 30
122 8 231
266 50 63
396 499 14700
324 284 242550
161 302 44100
249 155 105
430 248 630
170 489 242550
61 486 143325
25 46 10125
96 368 1155
236 62 3003
262 379 420
232 227 231
371 325 231
380 265 246
411 453 210
221 248 23625
179 491 35
495 169 900
98 97 11025
259 428 40425
332 286 3375
152 174 1365
38 155 225
362 376 165375
37 480 15
25 88 15
473 474 2205
69 393 105
116 379 48510
410 112 1050
486 30 3150
59 46 15
29 267 1155
238 323 296450
389 53 3150
231 165 1470
108 163 105
321 159 210
239 117 121275
332 483 30
83 365 2730
44 143 450
50 16 63
390 394 11935
479 291 30
123 100 165375
30 344 30
276 457 105
424 198 9450
105 451 105
173 154 385
84 364 1155
209 17 525
240 275 30
271 258 165
182 305 630
120 425 1050
422 477 70
490 56 42
140 279 2310
188 250 7350
357 274 385
22 473 231
202 496 3325
449 434 51051
440 106 1575
162 44 25935
161 256 9450
154 151 13475
34 135 3150
151 374 3675
497 231 735
439 330 11025
11 419 34650
470 243 40425
340 149 70
23 376 1575
70 15 1155
442 327 83790
260 107 1785
48 494 44100
93 41 25935
459 185 105
494 373 1470
147 52 105
349 347 1050
150 101 16170
269 39 90090
130 144 11025
111 403 40425
144 179 40425
403 476 6545
157 473 6615
319 315 11025
158 371 2205
313 186 11025
89 124 44100
47 314 52668
358 100 105
350 304 450
110 382 4410
315 127 7350
111 482 1125
351 471 1260
301 283 11025
32 145 33075
145 47 126
143 73 15
377 304 3150
290 254 39
205 239 11025
293 237 75
29 284 242550
66 36 15
190 387 385605
14 448 11025
136 264 99
7 191 385
112 103 630
497 175 15015
298 201 3150
469 23 15015
85 285 1050
100 488 105
333 209 8645
21 16 3150
433 479 6
485 217 1125
290 234 1155
261 156 1001
38 349 450
363 428 1155
388 5 105
217 405 105
208 264 105
312 477 10500
226 319 33075
384 393 47250
302 216 10
292 413 88935
310 415 24255
335 92 5775
346 20 525
181 247 105
466 451 1575
76 482 3375
211 444 462
196 36 9450
192 499 97020
328 302 105
109 123 11025
342 441 21
400 36 101250
266 456 30
202 277 13475
453 255 70
295 28 1155
75 49 65835
275 93 45
297 465 210
114 288 34650
56 72 11025
198 150 6930
309 195 3
95 113 90
43 452 1050
3 11 6300
436 80 3675
85 425 219450
33 263 3150
21 181 17325
481 77 210
460 478 30030
319 2 231
431 36 15
390 54 150
188 314 1260
400 350 450
101 463 51450
447 26 210
275 104 30
48 52 330750
461 295 1575
391 318 4410
252 80 735
349 449 315
87 83 3150
359 196 441
263 56 132300
248 256 47250
248 121 105
112 446 225
146 309 225
196 385 105
362 43 1050
400 122 4050
423 407 23205
229 122 1386
160 95 1155
353 0 429
296 176 615
138 180 11025
63 439 1155
125 217 3150
318 19 105
417 244 1155
14 12 1155
241 429 58905
177 317 33075
250 463 7350
498 268 429
419 76 11025
204 418 23205
493 167 2310
438 199 121275
133 242 2730
330 72 143325
32 299 11025
303 61 105
360 160 385
436 257 1365
10 437 23205
79 332 3375
278 364 11025
171 130 30
120 312 6300
272 17 1470
58 401 24255
424 492 210
153 5 40425
322 64 70
119 229 114114
223 329 35805
343 203 105
332 253 15
25 329 225
452 227 11025
305 53 6300
172 155 33075
262 120 420
138 217 23625
224 134 126
382 389 92610
20 309 75
172 381 21
167 369 1470
123 468 210
453 275 9000
169 3 13500
207 233 11025
30 305 189000
442 26 22050
197 424 11025
312 70 1050
382 416 21
414 207 6930
346 426 15
318 26 132300
3 197 11025
455 480 3150
316 266 15
238 222 2310
337 159 97020
0 192 9702
341 214 5775
313 54 675
322 74 105
410 393 1050
183 266 132300
189 102 3003
343 281 22050
480 371 4725
435 308 11025
451 375 11025
406 446 32175
273 45 15
369 278 735
336 239 630
97 395 225
485 351 1125
212 280 2310
213 71 40950
377 33 658350
157 324 11025
345 275 121500
170 200 242550
18 142 24255
210 131 4410
201 258 1575
465 31 15
470 101 80850
402 429 48510
494 126 210
186 445 105
214 270 1125
357 278 11025
482 225 15
283 13 1155
106 450 21
338 414 33
87 395 3825
432 455 450450
103 178 6930
120 337 8820
86 114 22050
356 170 6
391 98 24255
124 153 80850
392 477 770
57 220 105
9 246 90090
117 286 11025
206 143 15
143 100 10125
277 211 16170
301 299 143325
246 270 900
378 489 2310
87 143 6750
401 339 1155
99 54 10
310 374 11025
264 129 105
65 498 3465
380 46 630
109 355 17325
351 409 30
131 27 231
46 94 3150
334 54 225
347 397 17850
464 52 105
400 134 40500
210 364 2205
242 237 11025
440 482 225
438 443 1575
141 51 210
199 233 11025
80 272 1470
658350
1000
164 977 942172
722 398 10241
600 511 98
577 135 7007
817 561 10780
461 543 49
359 926 3185
973 945 2
40 470 67298
143 493 1225
761 352 12740
688 49 5390
304 475 91
957 797 3234
950 173 1001
462 842 5390
218 220 5390
107 931 28028
676 393 7007
100 674 49
367 137 14
699 69 14
951 460 637
339 661 14
761 838 735
386 320 7
93 27 245
851 369 49
321 366 77
129 218 5390
336 547 539
639 17 10829
379 709 1715
518 673 770
81 954 7
5 608 7
725 742 35
92 333 8085
619 59 7007
947 732 120050
552 142 98
177 732 245
927 45 7546
487 260 2730
236 406 35
238 440 98
554 909 26999
171 246 1862
263 653 14
423 987 77
809 757 437437
743 206 1309
817 52 2156
68 804 7
198 716 539
994 955 2926
326 299 1078
39 102 5390
825 935 16170
342 647 770
90 593 21
957 193 5929
650 111 4459
696 242 2156
774 141 49
795 440 770
828 327 11858
829 418 14
889 955 1617
50 67 490
116 547 49
85 61 455455
596 974 77
514 203 28028
778 526 14014
762 318 51205
283 95 49
66 844 2695
981 679 1715
369 215 3430
33 418 83006
65 591 16170
658 563 154
17 208 182
25 766 385
387 595 14
567 467 2695
290 974 7
291 169 1463
553 838 7
611 187 154
969 177 735
514 134 6860
399 312 14
517 276 77
431 464 14
112 634 70070
847 783 686
200 529 70
283 746 266
228 358 18865
111 546 16562
301 716 539
966 170 44863
419 798 11858
788 197 5929
785 642 35035
157 852 126
39 612 2548
545 974 14
751 669 7
808 447 5390
274 650 343
306 453 196
885 557 35
356 416 7
807 867 17017
610 919 35
747 305 5
662 424 14
313 910 42
311 768 188650
621 850 2156
99 931 1078
463 982 18865
980 979 7
110 204 240100
223 360 2450
77 550 7
916 409 3094
306 539 85652
154 222 247
618 873 77
881 777 735
7 30 19019
998 143 2695
45 558 7546
221 679 14
181 308 3773
604 258 77
624 298 3430
860 64 98098
543 151 1715
361 198 11858
774 436 7007
142 99 490
120 702 98
8 837 490
813 459 245
726 285 77
135 908 77
144 137 207515
325 485 7546
209 479 83006
745 9 38038
403 244 1470
720 223 2450
6 503 5390
358 599 56595
247 304 7007
797 339 15092
471 341 9163
876 103 154
623 274 49
486 993 2695
859 969 102900
181 94 6860
377 510 196
621 826 3430
527 19 15827
476 272 70
608 236 245245
591 64 28028
633 862 77
760 687 3773
174 217 5390
22 492 1155
417 110 1
456 251 7
480 906 154
117 50 7546
136 731 35
390 257 6860
153 611 385
634 533 29645
87 624 3430
31 10 266
649 584 2450
986 877 14
640 799 980
181 55 98098
200 555 245
130 859 70
400 125 231
273 787 11858
939 910 77
891 546 2002
146 609 70
38 818 53998
351 458 35
159 932 37730
793 924 98
392 871 166012
489 789 14
264 678 455
164 943 2156
684 878 13720
127 227 294294
312 447 37730
563 772 10780
185 83 35
279 452 14014
1 756 39767
463 75 18865
649 818 490
145 63 490
645 594 217
837 899 1372
330 26 1274
985 29 770
798 821 2926
123 898 1309
877 406 210
43 607 5390
627 819 35672
991 620 5929
257 668 343
726 933 44590
465 799 12740
790 422 133
681 151 147147
663 498 147
608 206 539
835 114 19019
952 325 11858
89 770 245
802 302 77
190 513 19019
274 927 3430
660 572 7
848 722 539
60 638 385
659 92 14
616 646 38038
320 936 35
572 897 2695
479 885 1715
679 917 35
204 857 14
740 495 98
233 510 98
430 209 154
473 844 14
605 923 14014
590 560 3773
981 224 385
273 948 14
127 907 3234
852 865 42
0 333 2695
638 57 1
425 712 980
76 869 2548
302 268 14014
629 439 14
531 58 72618
396 14 385
991 51 2002
28 902 5390
356 55 8918
341 870 2618
194 920 238
455 993 51205
232 684 98
932 575 3773
448 312 2310
825 595 16170
125 419 5929
118 845 21
774 606 7
133 450 1078
708 202 1729
289 740 1470
388 25 1078
320 159 17150
75 861 7007
239 629 226380
947 394 7
461 628 17017
393 680 17787
847 804 8918
831 528 266
747 403 490
458 830 98
284 44 39767
811 159 385
258 940 1078
374 923 35
611 845 3430
433 207 770
655 77 182
300 297 65527
856 173 1274
560 335 539
191 265 7007
754 109 539
196 804 77
311 108 154
953 339 770
756 947 98
116 125 5145
129 202 343
704 670 77
777 117 343
309 797 7644
91 599 154
199 671 637
46 564 10290
486 235 770
738 954 770
150 217 91630
257 107 196
975 200 70
146 846 2156
556 16 14
642 892 6370
772 315 980
192 752 2695
229 503 6370
397 357 4389
161 330 6370
578 382 1274
320 757 14
506 96 196
203 355 2926
725 792 98
859 56 5
298 270 455
78 633 14014
826 909 1666
442 919 14
388 709 2548
147 515 210
657 992 588
836 0 35
323 989 1078
488 58 1274
947 233 17150
630 138 3430
460 223 98
690 63 42826
790 220 5390
106 841 7
918 648 770
309 640 55860
649 316 7
350 139 77
774 801 14014
336 71 1001
995 20 77
325 733 98
516 138 3430
570 589 2695
143 643 2695
262 17 7
88 739 18865
354 870 140
941 872 114114
749 171 3185
522 254 296989
603 458 77
968 684 3430
287 412 12397
882 592 7
926 257 245
59 651 77
629 148 10780
231 435 1001
595 365 385
613 481 2002
424 445 91
668 620 5929
498 835 98
723 695 5929
729 943 2156
875 255 207515
11 105 10241
55 921 7
844 995 75460
837 700 7
205 371 490
964 687 1001
752 266 35035
670 970 539
810 935 1470
76 294 70
873 541 770
247 100 539
421 428 5187
130 892 17290
16 377 226380
796 259 7
588 250 322
689 728 455
454 292 59290
293 287 2695
755 914 70
115 315 7
310 272 5390
567 599 37730
579 167 12103
437 511 1960
590 414 770
94 35 1372
681 363 182
583 198 77
787 734 20482
97 574 77
516 201 154
869 558 196
26 624 98
263 205 15092
437 995 980
142 887 7350
340 732 490
405 564 35
300 147 98
344 815 1001
43 905 10780
334 101 12103
205 684 48020
863 82 7
529 717 5278
234 533 2695
482 175 1078
805 307 266
889 8 7007
703 263 15092
664 110 196
961 195 11858
877 873 6860
391 163 7315
256 382 3094
834 874 98
489 719 770
86 814 2695
408 768 5390
919 585 102900
185 615 7
167 274 98
52 518 166012
601 677 455
747 121 10
356 598 70
178 763 11951
978 616 70
707 984 2926
199 152 49
303 360 1078
267 383 1001
710 671 154
934 737 63308
489 551 3430
200 714 21
504 686 910
280 530 7
881 859 1470
903 347 1463
879 174 385
780 564 2
500 945 35
166 808 11858
983 327 539
252 969 196
158 67 2450
106 268 15092
87 160 35
12 937 1001
423 711 77077
824 504 33124
663 512 7007
216 740 6
94 542 1
763 674 70
12 711 154154
532 536 196
816 621 7
502 631 14
379 775 77
200 430 14
329 933 6370
356 641 182
551 543 3430
754 86 8085
477 913 4522
427 699 34300
799 532 89180
193 781 5005
411 293 14
47 965 154
345 195 11858
135 464 686
140 693 77077
876 459 49
868 691 1309
962 882 18865
253 28 10780
863 52 7546
468 110 98
564 696 686
84 569 5390
890 874 1274
222 296 17017
773 413 490
260 855 8085
751 409 245
29 946 12740
933 747 6860
413 165 45815
682 544 98
48 838 245
97 932 8085
602 928 133133
213 483 7315
269 671 539
730 137 11858
183 915 5390
10 184 9310
530 767 182
508 969 14
512 74 91
210 762 14630
191 924 1617
7 796 245
490 426 7
242 702 24206
241 337 3430
524 180 15092
65 741 9163
674 793 9604
559 517 21
390 537 1001
102 740 490
215 148 5390
77 175 5390
106 189 5390
33 268 7546
796 721 2
968 755 3430
78 501 1617
650 922 1911
759 324 35
755 23 2002
573 656 70070
938 627 1372
793 184 8918
358 920 2695
494 134 5
771 33 77
124 815 5929
95 524 539
240 770 5
682 998 490
803 142 42
845 441 70
793 420 14
532 331 10010
718 571 1078
122 127 1078
901 265 91
768 715 35
665 902 539
930 619 7007
705 944 91
949 501 77
117 940 14014
465 854 182
190 962 7007
258 278 70
990 485 490
576 310 1078
638 764 37730
675 731 182
782 24 1001
514 784 385
723 972 18326
846 840 49742
484 228 154
819 80 14014
72 832 266266
906 226 2156
286 820 770
188 288 14014
426 239 6860
384 509 182
551 314 1729
952 349 10010
988 761 770
378 469 1001
395 234 182
467 346 6545
760 38 1078
486 139 94325
587 580 3332
169 283 60515
520 681 14
569 155 154
982 749 245
657 36 2926
590 731 6860
925 250 1862
828 976 14014
905 225 154
521 184 637
718 54 2926
899 999 21
272 458 37730
827 543 490
53 18 266
423 239 539
785 706 4655
810 488 29302
935 941 3234
50 875 415030
703 362 3724
579 138 735
174 372 14
207 326 18326
245 246 40964
120 229 4900
338 725 175
978 713 35
890 695 8085
432 859 420
328 145 1078
929 791 455
564 271 43218
527 773 98
204 464 48020
384 49 70070
760 580 686
497 241 91
255 197 5929
434 35 7007
237 760 5390
739 575 49049
875 751 18865
446 885 91
706 956 490
111 482 98
880 647 1078
840 682 42
709 245 196
457 860 91
249 992 35
922 519 15015
860 9 14014
429 683 9338
183 462 274890
359 523 70070
843 856 3822
481 838 245
788 701 7
64 322 7
398 456 2695
528 43 1372
682 368 70
353 703 14
418 93 124509
296 19 10829
133 997 1001
849 945 14
76 572 10290
819 426 1372
324 886 14
248 112 14
878 586 770
277 101 7007
859 144 5145
443 110 4900
826 220 17150
630 149 2450
338 3 95095
253 688 247940
813 717 1078
209 812 154
450 739 7546
898 992 490
522 146 1617
214 576 14014
925 938 1078
729 692 28028
687 276 41503
888 617 3185
266 289 490
783 46 113190
362 530 2548
990 124 245
915 958 207515
992 885 12005
429 691 637
765 518 5390
565 335 14014
185 223 17150
236 597 77
918 516 59290
116 261 147
589 839 35035
507 158 49
273 361 11858
822 748 14
643 970 42042
96 765 1470
13 732 14
667 638 7
4 165 77
632 915 154
228 188 1078
88 600 539
668 436 7007
989 370 2926
587 823 266
62 105 91
535 612 3094
478 502 385
453 690 1078
168 728 10241
92 150 5390
719 437 350
571 904 686
593 539 98
286 528 1274
354 126 10374
656 578 42042
407 172 385
470 649 98
570 454 2695
858 635 5005
697 452 2695
284 204 49
334 158 3185
930 910 539
733 352 6370
66 383 7007
468 960 38038
424 942 15092
801 525 2002
942 770 8575
982 449 70
243 805 21658
652 848 1225
813 89 2695
227 696 7546
540 670 29645
895 120 7
157 162 100947
132 499 910
794 896 385
226 276 1078
301 219 385
172 109 7007
777 672 735
453 282 70
741 410 7007
601 734 1470
544 104 38038
558 852 1372
621 22 37730
161 271 294
966 674 98
981 521 637
962 736 1001
720 134 2450
878 965 30184
345 883 5005
980 977 2156
202 340 49
593 614 1001
377 900 14
332 558 7
871 980 498036
231 674 1470
179 464 7
958 491 77
227 807 7007
437 724 2
782 737 1078
913 524 2156
511 129 3430
627 317 266
505 584 1330
45 853 77
373 329 8645
549 176 5390
559 315 6860
946 39 89180
944 376 14014
967 927 770
698 185 14
560 894 49
637 425 2926
427 443 14700
578 269 539
958 434 539
369 421 98
168 28 1078
182 577 35035
21 271 2156
147 523 980
94 371 490
566 548 154
239 132 32340
33 626 98
79 120 70
864 124 5929
212 844 7
466 555 17017
369 779 70
315 186 14
73 237 14630
679 725 34300
982 166 1078
945 6 5390
951 639 7007
230 21 2002
877 139 8575
479 18 5390
852 2 490
182 295 77077
682 343 14
279 526 546546
455 22 2695
141 298 49
496 176 1015
122 974 5390
271 605 2156
559 763 70
984 192 2156
255 607 2695
156 871 7
451 252 34034
630 560 2401
630 324 120050
84 585 2450
502 652 2450
295 264 14014
113 907 21945
404 861 266
75 838 1715
109 438 14
773 472 21
392 391 1078
786 94 7
929 506 14014
693 192 3773
440 0 94325
415 665 539
712 906 2744
561 366 14014
554 571 735
32 348 23023
834 573 11858
27 531 1274
848 903 2695
956 301 56595
348 152 2695
119 192 490
72 747 98
864 275 1463
942 493 2450
15 602 36309
904 824 16562
200 796 34300
410 623 539
375 777 7
963 834 231
205 339 528220
855 244 8085
968 376 490
324 832 196
954 507 539
792 34 42427
934 664 196
313 200 42
887 501 17787
288 680 2695
851 396 15827
744 48 70070
858 965 11858
41 315 70
450 364 133
144 2 2695
568 327 154
392 11 11858
397 134 490
318 758 1463
938 548 7546
685 560 21
624 726 3430
214 876 2156
437 385 15
699 432 1540
776 548 77
976 320 490
303 843 1274
575 128 1001
576 983 539
638 814 2695
961 292 59290
483 426 2450
311 978 4900
390 585 6860
843 654 91
552 880 24206
328 943 1078
882 233 94325
131 93 77
626 70 17290
15 580 1274
308 444 77
151 549 35035
456 254 539
389 839 665
534 402 1463
474 337 385
855 589 8085
98 625 231
308 471 9163
16 559 61740
806 693 7
210 257 70
827 61 35035
794 536 196
665 337 41503
215 888 35035
511 381 14
140 98 59290
46 753 35
495 293 1274
109 88 3773
946 116 3430
764 735 91
938 243 490
636 540 1001
463 360 13475
85 645 14014
401 956 7
912 850 6118
748 402 5390
887 778 5390
894 498 98
274 833 7
80 911 455
538 764 770
863 830 294
565 42 2002
691 257 245
149 837 2450
847 180 17836
238 119 24206
959 447 91
559 112 6860
232 694 65569
408 485 10780
35 884 154
644 277 77
697 415 45815
87 299 14014
378 730 5929
794 106 75460
498 319 70
323 770 1715
281 904 91
740 978 2940
617 796 490
380 261 1771
893 427 35
712 845 34300
750 676 91
211 315 1
744 582 455
567 975 70
788 189 2695
624 562 7
581 323 182
96 972 490
866 928 3458
783 769 21
379 971 35
145 37 70
692 180 28028
897 412 7007
863 773 14406
842 996 455
152 748 188650
622 672 3003
244 666 385
899 727 238
800 241 70
942172
2000
1952 1283 2100
1922 326 157300
38 1732 7700
1517 938 296450
154 393 60060
1474 1679 254100
776 1777 17850
948 992 900
440 190 23100
1149 968 4900
1784 241 18150
1927 1913 784740
1561 1204 3850
405 1641 3850
396 1568 19950
117 626 14700
733 172 850
1260 373 4060
830 1185 53130
1174 986 10780
1804 1065 35090
347 923 36300
264 1892 700
193 1953 1100
1940 1812 50050
51 62 3850
617 1687 26950
1082 1654 66300
23 727 525
143 1720 26180
94 1350 8580
1481 1713 5100
1070 451 4350
1735 67 60900
1775 1217 1950
342 1645 42350
1339 1349 650
1708 976 458150
1309 914 700
1488 1239 80850
1944 289 330
831 1866 6050
1097 1874 73150
513 1029 73150
1758 426 14300
87 376 1105
888 1314 26950
941 1472 348
1213 1264 161700
263 622 1870
1936 53 30030
76 536 3850
911 97 3220
1951 575 15950
1492 694 334950
25 389 20300
1090 1358 2450
334 728 1430
1636 496 23100
1881 633 1925
1846 823 161700
1181 1673 65780
689 1921 13650
1212 1482 770
335 210 7395
1003 601 2550
1837 1139 770
520 840 9100
1967 1751 50820
746 1889 32340
384 220 17710
572 1870 50050
311 1067 1300
854 158 6380
818 220 770
1753 1578 21450
1553 812 350
549 101 11550
1683 992 2100
1140 1135 74100
1923 1769 1980
290 1385 11050
1893 1118 22330
1357 943 53900
1512 1628 39325
1266 551 7150
525 1830 14700
190 1418 4550
1556 927 980
1009 1930 290
1624 1572 21450
1073 1030 2900
1526 209 34100
1739 1611 42350
860 1541 2310
138 71 850
1155 951 4930
1958 1542 7700
814 186 2100
1053 740 1050
1009 1623 2380
94 1623 660
582 525 191100
1190 1037 11900
1664 1893 2030
560 785 23100
214 1579 69300
1840 1389 42900
1956 523 127050
631 1518 84700
1225 1650 4620
1883 1501 157300
1542 1670 130900
62 1107 11550
1652 993 69300
1819 360 2310
1010 1402 1870
1782 112 7700
1496 839 2860
1992 1674 14700
1950 1657 4235
695 1673 20020
1002 1185 770
1647 644 1190
776 355 11900
1213 1609 14700
1866 239 9350
1215 1289 19635
388 1847 930
1367 1411 161700
1903 1048 11550
1014 475 6825
996 249 7700
1949 875 3900
1746 292 7700
1643 447 10010
988 679 834900
1357 1641 26950
12 408 7150
1067 222 121550
1570 605 75075
1119 1665 23100
713 901 1820
1465 301 4620
1796 245 2900
1925 705 650
674 463 7700
1231 1982 2860
612 653 2310
369 252 2210
21 495 1540
275 1813 3850
1833 1714 7700
167 883 3675
243 482 59290
818 1941 1100
977 1877 11550
424 1162 1700
29 493 7150
1674 900 6300
184 268 23100
1661 252 850
1379 857 10780
189 670 2900
935 904 39270
537 995 1050
1422 340 3300
1931 368 35700
1718 1765 36300
429 494 1100
345 1727 15950
1410 453 1100
880 1865 70070
1885 258 16940
1690 353 97020
1981 1328 18700
1698 1675 24244
240 1760 2975
663 1454 23100
18 1833 2900
511 1211 1100
916 277 8925
1540 608 420
628 1896 1300
1188 256 81900
934 1932 450450
206 1331 1650
1484 1483 15950
1331 202 13050
927 1676 187572
385 120 924
1240 211 5100
1558 448 110
1581 1873 117975
321 1838 7700
1551 30 35700
1910 1559 660
1581 1461 353925
1722 97 980
684 195 60
1740 548 2860
248 476 7700
1 134 26950
1868 737 53900
1504 642 53900
1849 19 23100
1687 1638 5390
701 130 130900
1959 967 7350
1530 1469 7700
208 459 455
1075 603 4060
608 1461 12870
68 726 325
167 1580 3850
1208 423 350350
952 1774 22475
1333 237 97020
1655 545 161700
340 586 5100
1678 239 650
714 736 9570
70 1488 11550
284 1793 1430
597 316 2310
799 447 7700
1160 737 26950
1521 1287 9900
1076 1715 60060
399 928 11550
1180 157 296450
1832 1020 1190
1634 991 4550
1408 1526 14300
1342 46 18700
1397 1555 3150
191 1853 2850
937 807 7350
75 658 42900
1318 1117 17850
1431 1156 19140
1766 987 3094
1960 1273 145860
138 639 4550
189 46 1300
569 337 11550
441 296 5390
291 997 175175
260 962 3850
63 1075 6650
560 1750 27300
1103 141 13650
1051 1191 3300
374 1914 11550
47 570 3850
1126 1668 3850
1882 1841 2900
203 255 36300
1157 1224 770
915 1864 850
816 1414 9350
364 936 11550
1197 352 9900
835 817 1980
1449 1222 84700
431 498 78650
772 1525 65450
1523 518 870
1024 1305 13860
1590 118 22050
427 1689 14300
1376 1592 330
832 549 9075
786 1267 18150
1924 188 2860
1276 1728 2310
1920 276 1100
527 763 1540
1787 183 3300
1975 95 1540
1525 1224 11550
1967 940 10780
11 886 48510
1735 1511 2100
754 386 161700
584 1319 18700
1578 1089 64350
1485 1359 3025
40 1372 4950
453 88 3300
955 1064 6545
1907 1614 11900
1664 1695 812
1571 1822 4060
821 1252 1540
750 903 42350
852 934 11550
1093 804 50050
1538 1543 65450
681 658 23100
865 520 9100
735 1945 23100
232 1667 14300
1045 554 21450
1186 733 10725
443 1863 11550
1498 732 7700
202 510 1050
115 688 3900
1044 207 20
259 283 700
543 879 3300
1393 318 3850
344 1957 53900
999 652 161700
758 1520 63550
65 299 11550
56 160 18700
869 1579 1650
1663 288 18700
1601 1655 700
1656 1723 19140
273 808 23100
674 422 4290
1306 1393 9100
1355 485 3850
908 194 140140
1171 1230 154
891 656 18564
1755 343 11550
1309 544 249900
229 1547 9100
518 1122 390
1821 1648 420
1012 1206 12180
1183 1045 6050
1503 1458 12300
922 168 2380
333 1295 83300
557 316 39270
867 362 3850
1624 1520 350
182 417 1650
662 1785 4675
1085 1629 2310
305 8 2850
1717 1235 114950
156 1902 4620
1130 356 1540
680 396 6650
744 1738 11550
1880 591 1700
1479 1705 660
1376 1255 6050
503 1771 1450
1184 1822 420
650 17 4950
1439 803 13650
1019 859 18700
1303 1165 1300
717 1508 570
1043 680 7150
1083 673 5060
659 1558 2860
1287 1154 3300
583 234 23100
1370 1395 1210
481 1800 464100
1120 894 7150
137 912 254100
21 1733 14700
18 1528 3100
635 1054 25025
395 561 205700
1499 92 2310
1730 932 30450
1752 1860 1300
890 788 5775
1789 1902 7980
556 638 60060
889 1686 6050
1189 703 6050
1059 983 1300
1178 695 10010
92 1215 33495
972 1447 84700
1615 14 1100
1228 1705 11780
110 1307 13475
871 1547 980
1546 672 30030
1167 842 6300
1277 1626 2660
816 1237 42350
966 77 35090
1047 1601 2380
921 1867 154
1299 420 1100
1871 606 118580
1666 1151 2550
1500 414 5460
484 1995 12100
1036 1977 15225
354 1567 14300
481 68 11050
1886 1056 3300
95 670 1100
415 957 50050
491 719 6300
742 1749 13090
1022 455 2925
773 519 780
492 697 290
1513 552 11025
540 920 12740
1027 267 2860
1599 871 10780
288 887 580
1481 462 1650
1124 1301 9300
1363 84 2100
139 1391 4140
1973 1458 3850
1817 1109 6380
1635 1848 23100
15 203 7700
1395 64 10010
1744 300 18700
1722 1809 183260
63 967 4550
1615 361 2210
155 1008 340
789 79 1540
380 1781 6380
673 1095 6380
506 1875 42350
813 1443 242550
1245 1859 1870
56 456 3900
1332 962 11550
517 1275 7007
1430 72 11550
478 1543 11550
1423 1323 700700
373 1634 1540
1282 1170 50050
1998 1335 1100
606 1236 7700
1073 1401 30450
205 610 161700
889 1050 6050
1429 884 550
907 1536 5950
1336 1171 6916
1016 1603 65450
1351 238 910
7 1007 6050
1272 838 11900
648 1535 36300
888 1250 7350
719 83 35700
1079 1218 11550
1295 1639 14700
755 1638 6370
491 31 23100
1949 809 79170
756 1646 4620
767 1980 900
424 1194 18700
524 1832 19110
164 522 1190
90 1878 700
1858 1604 7700
1958 1465 1540
846 931 21700
493 30 550
1736 1596 69300
1700 405 78650
1259 1707 84700
1854 1394 11550
1710 1468 7700
1711 1380 10150
1456 784 78650
861 115 11900
65 1356 23100
1210 1308 97020
826 121 11050
1131 1772 130900
297 1168 660
1701 72 95700
1209 219 44100
1422 327 31900
716 246 53900
1114 1170 2450
653 698 13090
1963 578 6300
1088 449 1450
1630 684 110
1631 521 1300
1419 1761 630
517 1890 1155
1965 1845 1050
1032 806 260
1800 1946 66300
1900 1695 4004
764 293 10150
1403 972 84700
336 260 111650
744 1493 11550
450 290 350
1658 950 6050
285 1908 5005
69 1282 11550
145 110 50050
1702 632 1650
551 170 110
339 717 5700
1691 1992 1540
310 671 42350
641 513 3850
217 1262 145
1635 1209 485100
148 327 7700
714 145 110
664 1994 13475
747 1507 3850
1187 305 7150
721 89 60060
1365 1327 3630
280 515 48300
1410 251 100100
1996 1080 11550
555 1490 6300
1639 1524 4620
1293 531 22620
757 116 573300
1995 237 23100
526 1051 7700
1487 1392 31350
1612 1127 22100
320 920 10780
43 1038 25410
331 1217 118300
1340 1285 11900
17 802 34650
784 1851 6050
547 1856 5950
1319 1302 300
1926 1741 121550
1926 515 1100
444 1345 5950
565 1959 14700
1368 285 3850
1321 1198 4060
53 179 30030
983 1464 59150
1233 1262 1950
1039 1241 1925
1608 439 1950
789 610 7700
760 1993 34650
1485 588 2145
238 590 77350
834 884 15730
571 156 300300
230 938 127050
1895 406 25025
777 381 21450
1968 1505 10150
1915 59 13860
170 1508 35530
1608 102 11550
158 782 1540
161 1129 32175
1831 1190 1050
196 611 4900
1776 9 8700
1709 1538 7700
1145 253 5775
851 1432 780
642 1567 100100
553 1873 3025
39 303 53900
244 1195 3230
1951 961 1650
1776 1300 23100
225 694 11550
942 731 63700
1593 993 11550
615 562 12650
1346 1717 1100
512 460 1700
677 180 5700
852 228 7700
535 1118 3630
1469 249 161700
164 1690 420
916 1375 5775
1631 1242 3300
1691 1749 26180
1227 1058 11550
111 1827 20300
1235 1274 3850
780 1411 7700
808 336 7700
1284 1649 3036
1153 440 1100
1764 644 290
173 1930 230
1273 1150 660
1721 1494 12180
282 1999 63700
392 1233 13650
1362 1078 4420
1621 221 23100
1159 37 300300
372 564 24650
385 937 32340
1759 304 550
347 1002 84700
812 1049 1450
1105 108 11550
1772 530 7700
712 550 42350
1600 675 7700
1169 1198 300
1378 1021 7150
1597 815 1470
1573 1104 11550
769 410 35700
1212 1519 79170
1294 1836 3850
745 1396 27300
267 1671 3740
391 1680 3850
1238 915 5950
1144 407 4620
1440 1348 21700
48 1617 80850
1023 1278 7150
1846 1026 1540
980 743 30030
166 346 3900
83 1907 11900
703 893 1650
1779 1016 23100
1693 323 1870
1473 1160 7350
597 352 57420
367 959 3850
241 431 6050
991 1653 350
1697 1071 1900
1510 1178 22330
1790 1173 7350
855 1828 17050
1081 1501 2420
406 319 2450
935 1823 13090
1063 559 7700
624 1551 2940
441 400 80850
29 6 65450
890 214 150150
376 1091 455
832 722 10725
425 438 4620
878 638 770
82 1463 35700
1910 1366 23100
1398 780 100100
830 77 330
324 443 1650
783 1297 6545
1816 647 30
1552 430 5100
1226 1313 2100
900 483 7140
504 926 23100
1417 1963 38220
300 1162 49300
458 1602 102850
308 1278 7700
1453 1132 220
951 1337 2030
383 114 87725
1997 457 660
174 917 161700
667 1473 3150
1979 898 310
291 766 2450
466 1034 1740
1088 122 10850
286 745 12740
1193 1305 5220
730 791 7700
690 1467 7150
657 1956 42350
102 310 42350
1175 593 65450
798 1957 2100
1497 1046 23100
1929 1991 1650
1138 1514 16170
1872 1783 9100
1768 587 1820
1176 904 6930
837 1197 9900
954 1696 54450
1069 436 1540
1788 593 11550
1849 177 11550
99 1205 660
1891 1680 9100
1898 482 59290
1451 1564 15950
1189 1533 15950
1497 1692 42900
1865 975 770
1554 1115 770
1148 318 9350
1622 4 11550
827 401 300
416 309 2090
945 929 23100
350 397 10150
3 1470 1450
1616 160 7700
643 213 42900
1462 149 275
1928 1869 4620
573 1421 4550
1906 964 8470
191 159 4350
1023 104 7150
976 171 458150
787 41 77350
1101 307 10010
1834 1851 1100
198 1936 2310
1762 257 14300
1258 505 242550
574 499 3850
550 468 127050
566 24 715
1161 918 100
1751 323 15730
1329 1373 4060
1771 20 19550
1108 2 84700
91 1240 35700
790 1823 26180
862 402 1870
637 805 44660
20 607 1650
919 1652 242550
22 1857 700
897 882 50050
1591 1188 23100
899 1875 55
262 844 50050
675 1885 84700
1424 1052 700
1658 1527 15950
345 659 7700
337 1590 242550
529 1437 7140
212 165 46550
96 159 6525
1026 1179 6820
1041 1925 12350
505 210 1155
939 1813 50050
612 930 4620
1263 1524 133980
1819 388 1650
233 660 11900
1619 272 7700
295 196 4900
541 1803 130900
863 172 11900
918 1019 243100
740 153 73950
718 411 177870
613 292 4620
790 1202 700
1737 600 1950
1825 1098 23100
490 350 30450
390 1976 17325
1415 697 2030
1030 1677 14300
834 1275 2002
1013 1987 580
1883 363 36300
742 1003 9350
1580 144 119350
1730 1033 7350
877 209 220
1645 869 550
820 1566 60060
208 1394 8925
1826 822 28050
1446 1433 4900
1906 1297 71995
1703 1918 28900
1748 39 63700
146 173 210
1080 961 18150
692 1255 3850
1204 384 13090
1147 875 1100
1259 1718 36300
605 881 34650
627 1192 5775
82 1767 7700
128 1997 4180
116 687 3150
1423 803 9100
1577 592 3300
84 942 14700
1600 169 63700
1504 368 14700
1983 1249 90090
404 1352 42350
462 1101 770
508 338 2310
1179 1135 20
1092 849 1100
590 1935 50050
791 1724 10150
839 1847 580
106 264 2900
271 1589 455
833 1584 700
710 841 5100
437 266 4100
1976 843 3675
533 1066 4550
1589 1206 770
700 1656 3740
16 1858 7700
1979 401 2730
452 545 161700
1812 1827 3850
26 849 3900
1050 78 4290
1575 1636 161700
595 1597 14630
761 589 23100
1775 408 7150
633 1214 63525
985 1969 79170
1435 1564 6050
1915 19 23100
1064 471 2275
303 1128 7700
1681 1452 66700
442 1562 2450
152 153 15950
1788 705 11550
1522 1970 9100
1361 418 4900
204 1317 6380
434 85 55100
1676 868 924
746 1338 10780
1918 427 18700
587 779 2652
1012 119 140
1831 844 1050
243 589 16170
438 1169 11220
1367 1337 2450
1122 1713 5460
1413 1947 23100
1549 581 2450
1494 1723 19140
1968 1439 11550
1684 1681 100
126 1388 37700
881 959 11550
1660 994 7350
1340 1450 11900
176 1311 7700
1780 874 4785
651 811 4290
1913 395 660
575 672 550
402 781 30345
48 1230 770
801 470 5100
1969 639 10010
1644 1108 3850
534 725 127050
774 216 6050
1940 242 1050
1478 41 3850
1556 1595 75950
1650 353 97020
280 15 700
314 1770 7980
142 1544 38220
99 908 4620
1182 351 3300
1901 1845 91350
1263 1304 4620
129 1950 18150
1042 141 13650
1815 1948 2860
578 1420 9900
1854 984 7700
870 334 18700
1216 1158 10150
626 1144 14700
1908 24 20735
57 585 350
1142 235 1155
1470 1795 7700
1113 1218 36300
348 754 4900
1424 1971 35700
1544 664 1470
1249 853 630
913 699 19950
449 1107 28050
873 1756 100
1798 1068 8450
346 1530 1300
544 931 700
1704 1887 1140
1675 1425 220
1582 986 4900
1000 178 31900
743 1348 7700
1378 1199 9100
1291 398 60060
1359 282 3850
1074 1123 157300
1896 5 9100
1417 1928 7140
265 603 588
1124 580 2900
227 557 11550
148 1194 12100
302 602 3850
1784 140 1925
1173 144 3850
5 1200 191100
1256 393 4620
1534 1569 350
1610 1156 3770
1139 1288 110110
122 764 14350
738 641 13650
212 739 4900
42 682 10010
845 1729 25025
455 542 13050
361 162 2730
328 211 8700
1134 1565 127050
473 1814 42350
806 75 42900
1001 488 2465
595 489 310
1232 1562 2100
1219 1917 7700
1496 471 4550
1401 270 2175
723 848 100100
522 469 3850
278 999 53900
1100 1111 32340
1757 1535 23100
665 35 42900
1798 1939 11830
686 899 4495
1880 1703 838100
654 1421 31850
1409 325 5700
379 486 4620
546 1096 3025
1916 1265 3900
295 419 11550
762 770 1450
773 825 2100
1277 987 308
1904 377 3740
394 1651 550
1618 1887 12180
1707 910 7700
1933 1942 130
274 351 9900
1594 1724 26390
467 1096 11550
829 1916 3850
1682 711 3850
478 1531 34650
236 858 127050
470 1852 42900
700 377 41140
822 689 1950
1820 117 23100
1313 382 42900
485 378 3300
1766 1079 210
592 150 1100
1292 1649 1122
201 1545 7700
1018 178 14300
1483 248 550
1284 688 660
1053 1061 32340
1797 140 2975
1536 466 1020
204 1381 380
1048 629 26950
1276 1350 4620
1253 1531 150150
317 394 1365
877 1444 20020
500 760 1650
1586 886 38115
1399 348 83300
980 728 290290
1208 1778 26950
265 752 4004
1431 31 19140
1911 1320 7626
1484 193 3850
1177 1222 7700
1057 284 41470
1489 629 26950
279 1454 7700
651 667 1650
1981 1962 56100
895 308 420
298 1786 3300
1731 1857 3220
850 1741 7150
1840 793 36300
1166 1438 31350
567 313 18700
131 226 74100
1355 1742 12350
1572 864 47850
720 294 6050
1640 1653 88550
293 1018 1650
1844 1116 130
1070 1806 1650
910 1911 260
28 1521 128700
579 1516 4620
54 1374 3300
445 1006 4900
136 955 4235
80 452 161700
1924 1269 4060
1121 618 10150
989 1903 450
1665 161 34650
1113 1286 9900
187 1380 2450
1637 135 6050
1211 1588 7700
1007 1777 11550
1934 1747 100
274 600 2550
1434 123 42350
1919 1322 4550
1879 756 2310
1657 1065 7865
142 1540 49980
1694 749 11550
1066 91 350
1054 1733 2450
640 4 762300
599 184 23100
933 536 50050
1200 1884 31850
1248 1153 89900
420 1905 18700
1161 614 4060
44 1141 300
1129 729 32175
1611 1478 296450
529 895 36540
1988 322 191100
1243 12 3850
299 1022 6825
1545 1354 7700
133 1244 1900
1330 982 127050
1366 630 140
538 1400 53900
1399 901 10780
555 761 23100
1174 1871 118580
1438 1406 34650
311 1662 1300
1369 1685 770
1773 958 16170
371 617 23100
1385 1112 1950
661 1592 714
1627 621 6050
147 681 1980
532 1383 11550
1037 1115 5390
1966 676 27300
1709 1271 7700
1147 277 850
66 1039 7150
407 1721 12180
792 1379 1820
748 107 69300
1955 848 2100
878 1728 3850
1622 824 50050
1743 833 27300
1808 1300 254100
948 677 42900
1251 492 330
665 998 3300
1466 1637 7700
786 306 10450
1149 10 161700
710 387 5100
811 1061 2310
1071 255 14300
909 1133 870
514 1522 5950
1686 1662 7700
215 819 3850
1834 257 100100
165 1682 26950
1539 533 3850
137 1303 7700
945 1436 9100
1425 1455 56100
1919 226 7150
1245 1374 42900
1792 543 16940
250 246 420
180 185 2100
1058 1307 13475
418 81 26950
1221 1312 2450
504 1696 18150
1097 952 275
1184 856 26950
1978 1332 300300
1767 69 7700
433 1573 3850
861 1377 130900
671 1898 296450
1828 1229 1100
720 235 25025
1479 512 5100
1511 423 26950
748 741 23100
1031 1888 111540
1392 1745 700
1737 1587 1050
1668 61 80850
108 758 550
1640 1361 2100
897 698 770
281 1633 770
1610 1320 34
100 1382 13090
1136 836 13090
1165 55 16900
723 1891 9100
1750 1899 60900
1186 1462 1925
1571 843 1190
1427 185 42900
1138 112 80850
1228 646 580
70 1974 95700
1246 994 350
503 1852 700
1049 1628 1650
1404 1315 140
1553 1599 19110
1961 1381 1050
1333 0 97020
609 953 100100
978 628 1100
1811 1514 91630
1444 1302 420
1948 699 2380
1270 123 42350
1774 410 650
1164 1826 350
663 1548 161700
1152 1802 28420
1795 616 23100
625 799 23100
873 1972 7140
1403 1474 84700
796 176 9100
650 1669 1650
1434 198 127050
584 1700 12100
1257 118 2100
678 314 14700
1172 1193 1020
326 591 42900
413 1814 84700
926 1460 11550
1254 1554 54230
1299 413 84700
1148 1855 28050
757 1983 81900
1706 1550 1716
1625 911 1700
637 1094 26180
358 645 2450
819 586 850
1802 836 16660
1912 1343 4900
1651 727 44950
1560 573 21450
907 1512 275
645 883 69825
622 1843 3850
1954 1137 25025
526 331 63700
1507 55 7150
1220 47 175175
1397 1368 11550
604 312 11550
1632 315 161700
507 769 2100
100 1994 21175
1697 1344 5100
1821 970 499380
1818 496 2860
582 1996 14700
1515 1859 31790
1142 1844 3190
1347 1105 196350
379 104 1650
516 216 47850
1829 415 150150
1398 1509 7700
1102 1207 34650
782 1099 11220
1971 425 1260
192 855 770
146 795 49980
229 564 550
113 399 50050
490 1616 7700
1515 783 24310
1078 483 26180
135 1475 15950
1420 335 390
1446 870 2100
1861 332 6370
1104 1150 11550
197 767 300
1715 596 910
1321 1939 20020
221 1315 7700
1588 850 7150
1670 619 3570
27 1568 13650
1563 1269 3570
1383 1927 330
1388 1326 700
266 149 3450
570 1842 42350
225 121 1050
1382 1157 26180
1472 1191 2340
27 35 21450
1132 1944 48620
623 1031 780
1934 946 20300
624 1353 44660
313 1607 21450
1412 1867 390
1517 1312 26950
1281 1825 42900
627 1451 11550
1324 261 6300
1630 1669 50050
1072 963 11550
753 1133 340
219 1839 6300
965 1203 715
1060 81 889350
914 1874 7700
1034 1205 1740
1609 1468 14700
925 1046 44100
268 465 550
905 1480 23100
1192 343 63525
1899 1862 1050
649 234 53900
1055 88 84700
1114 105 13300
1933 1231 30940
166 132 23100
669 1606 12100
1809 766 4900
1607 330 34650
429 33 7150
1943 1565 11550
755 276 4060
1310 621 12100
715 1753 3850
825 1725 23100
1343 903 80850
576 763 29260
1060 1010 3850
660 367 5950
1457 1585 5390
132 813 80850
1989 163 21420
1953 567 31900
171 113 3850
797 731 4900
1140 906 300
559 1386 100100
1799 414 89700
223 1280 7700
1486 1620 11050
1029 1146 3300
341 342 550
778 1756 89900
579 174 161700
771 1335 2900
1460 1288 770
1811 566 770
1076 891 1092
120 497 3828
1028 735 127050
1646 0 32340
1354 1390 7700
283 433 9100
708 360 1820
751 894 50050
1699 524 16170
479 539 3850
1176 876 1260
143 516 770
577 1598 125860
1226 80 14700
814 1787 23100
1745 668 832300
528 634 550
224 1445 78650
1125 262 100100
338 45 300
1467 1666 550
1760 457 1450
1371 924 11550
846 1177 11900
200 1435 36300
1810 1818 2860
354 207 42900
722 1298 3850
472 1759 2900
96 969 525
947 1747 243100
666 1513 5775
1428 538 296450
152 1429 223300
1603 473 3850
1632 456 2100
1163 1274 71050
1786 1377 130900
322 668 700
1836 421 11550
862 1181 1100
1409 1281 300
702 971 11550
985 386 420
1293 479 110
1448 1 91630
995 571 11550
363 507 23100
1292 364 30030
127 925 6300
254 1878 161700
1011 307 660
691 1937 39270
1258 1369 80850
382 1739 6050
1027 798 3900
1904 1626 580
1127 1166 1100
279 1943 50050
620 1806 2420
810 1978 420
1106 461 11550
1279 487 550
1762 273 14300
960 940 1820
611 1290 4550
949 1351 6370
585 22 50050
690 1268 3850
1017 847 1050
1748 1306 9100
1732 188 12100
1327 707 30030
1234 973 47850
1134 1491 1650
333 1063 7700
615 1672 175
1433 1476 31850
510 1495 80850
261 489 5100
1441 269 27300
1566 1509 4620
1987 501 1100
1824 1643 39270
181 1765 220
275 1850 11550
169 52 7350
574 1005 5775
1929 1322 2550
1471 709 6300
827 1196 660
647 753 20020
1534 634 19550
1868 397 5950
1486 1364 1700
1770 1698 2204
1203 1402 715
1100 928 16170
240 618 525
1167 1056 42900
1837 231 6650
298 245 1300
1227 1923 128700
1810 439 7410
1261 1363 31900
1296 54 84700
1430 788 63525
1966 1605 42900
917 759 161700
531 583 180
893 1523 2550
509 1625 18700
876 1490 81900
1764 1477 7150
979 247 7700
1487 124 6050
1202 1164 832300
349 947 1100
1773 853 1470
1084 793 254100
1082 1416 1300
1644 1712 5950
1426 369 67830
1725 1729 3850
885 1839 23100
1405 1537 100100
1807 1510 770
1145 177 5775
499 662 9350
1310 669 84700
151 383 550
1863 474 75
1201 278 50050
222 341 7150
968 154 140
1998 1528 14300
416 1973 9350
1783 738 9100
977 421 381150
45 451 1950
380 1453 7700
1106 1993 150150
1214 932 11550
887 286 4060
1086 101 7150
436 721 4620
1560 329 36300
1864 90 27550
502 866 700
1794 50 3850
708 1006 2380
1236 741 223300
330 1692 1650
655 990 38220
1961 1116 4550
1991 103 25410
1330 1244 3850
389 796 16100
1289 1920 1650
631 1280 53900
86 3 4350
1605 989 5850
357 1587 130900
403 1229 100100
998 1492 11550
60 57 314650
139 1803 3300
1370 1294 9350
1914 598 22050
1965 1905 9350
696 1180 26950
1872 1946 50700
1815 577 580
435 1317 1540
1984 87 330
856 1216 5950
1990 59 9660
826 1557 850
1452 312 550
569 1890 11550
151 271 975
974 1532 140140
1325 1539 53900
437 956 1100
1502 1612 9100
1710 1408 12100
752 1342 2420
1659 898 290
1092 206 42350
1938 6 4900
199 218 55825
1375 971 11550
93 34 21175
1679 1301 23100
1086 1960 1430
182 1077 9570
568 1701 9900
1362 896 50700
509 1239 3850
953 109 7700
530 339 3300
1083 1660 1190
9 1271 1700
1119 272 130900
1860 1746 14300
269 1614 7700
1593 800 30450
1596 461 23100
1801 464 1190
1352 1223 7700
1442 588 30030
1937 1042 46410
1855 1455 56100
939 514 5950
1111 430 420
1062 1252 2940
73 133 1900
956 1850 14300
1491 270 2325
1091 1876 10150
944 465 24650
445 200 7700
768 366 26950
792 1025 5270
866 175 350
1223 1195 5950
130 1901 2100
477 1345 850
49 250 1044
892 835 2100
847 109 16100
411 50 177870
476 228 223300
1272 435 2100
1754 1689 3850
683 734 100100
1028 391 42350
1418 179 4550
186 1283 65100
1040 1329 700
218 1816 85
1328 924 65450
38 1877 53900
181 1087 4420
1125 66 14300
795 1044 140
1595 1428 26950
1441 398 5460
1629 794 15470
1557 1862 3850
215 1738 50050
858 831 12100
1416 1791 700
89 966 1210
494 1970 2100
1805 472 1150
1779 801 2100
957 838 9100
1025 707 150
1726 701 70
912 355 7700
941 1975 476
287 1035 2460
906 359 392700
1744 864 1650
1482 1986 84700
845 1220 25025
319 1440 20300
1830 320 14700
1015 467 1050
1314 678 26950
657 1304 84700
1131 98 7700
1372 1576 9900
1743 599 23100
1015 1339 11050
1989 147 33660
541 1677 1100
1955 709 182700
547 568 1950
601 997 525
693 965 850
534 666 63525
909 422 4290
1163 747 7350
155 1708 26180
1552 460 49300
1892 1667 42900
749 781 1785
1260 715 4060
1043 1684 650
1110 923 31460
1627 581 3850
842 1659 8700
1077 263 330
800 1286 1050
751 98 53900
497 258 1012
236 506 42350
1824 1250 630
872 1882 9100
1121 1912 11900
683 1384 700
979 682 50050
390 475 17325
1986 387 3300
459 921 3542
807 304 13650
1574 1407 24310
537 1537 350
556 1714 16940
1004 194 7700
321 1471 23100
1793 1415 510
648 1168 94380
1308 974 32340
32 480 12100
1338 1498 183260
1159 281 3850
774 1052 14300
1246 824 50050
58 1123 12100
954 868 4290
1400 539 458150
1574 103 3630
661 412 2548
929 1621 69300
426 636 1540
1414 1921 1950
1817 1618 19140
691 1900 26180
1004 32 18700
594 1947 7700
233 652 14700
1152 802 14700
1719 325 2100
706 13 4620
205 1876 23100
1326 1109 25300
374 43 127050
548 1500 8580
1141 1617 6300
450 1437 16100
1158 815 9100
1742 1346 2550
540 197 2380
1909 1334 1300
14 558 7700
1183 67 7700
127 1648 119700
1977 1386 3850
1036 874 2175
1242 468 127050
1870 775 23100
187 1843 161700
607 107 69300
1935 85 650
1790 1407 350
232 879 14300
1334 1459 3900
201 358 53900
1502 511 3900
1884 772 2450
1257 306 4100
1285 736 1540
463 1456 550
636 74 4620
1094 527 20020
432 1797 13175
136 969 5390
1225 2 16940
1041 1754 3850
163 1791 249900
1387 1459 9900
1518 542 3300
1711 892 10850
1087 315 140
1365 114 1815
609 1099 1100
851 1130 2660
865 1720 1540
978 949 4620
794 857 140
1516 1541 4620
412 734 1820
1013 1763 868
1699 596 70
1563 296 770
446 1757 490
1199 1768 9100
1412 1017 4350
613 1143 50820
1869 676 2100
1110 1085 8470
356 1755 4620
129 403 1100
1807 1074 36300
1785 768 25025
1196 1633 25410
454 724 1050
787 199 175
10 1389 69300
1033 1985 34650
1583 192 30030
44 71 9350
950 1442 2310
1457 256 2940
1985 498 18150
1489 739 31850
1234 1021 7150
488 446 1015
561 428 12100
1447 400 11550
78 810 420
1450 227 20300
1253 357 3850
1671 1683 2380
370 572 65450
1848 725 23100
1347 329 11550
1391 1254 60
620 990 20020
1972 1731 4620
902 1734 3332
1548 1072 161700
730 11 23100
432 1364 28050
501 365 84700
40 1613 64350
1261 553 6050
502 324 58650
365 259 23100
777 724 5850
563 13 2100
247 528 12100
1792 1781 2860
1897 1954 25025
1024 1311 23100
1606 882 9350
1475 1405 550
1089 1265 11700
1842 442 50050
762 981 1450
821 1316 245630
922 905 20300
973 1001 15950
712 1296 84700
1584 623 17980
614 1550 572
1020 1794 10150
381 1360 7150
26 1187 59150
124 982 42350
643 370 3850
28 125 9900
1059 828 11020
686 840 290
1443 1712 7350
448 1586 30855
253 1582 30450
546 1570 3575
1575 1734 2940
718 409 50820
1879 302 66990
1897 487 1925
1763 1769 924
1801 1373 3570
428 759 23100
378 1533 31900
372 616 350
1266 1716 11550
696 1789 210
1035 988 3300
1143 1642 59290
8 1716 2100
828 486 220
1464 1477 8450
679 480 36300
244 495 2210
1693 711 47850
1736 1706 13860
1881 1782 111650
79 1761 5460
93 602 3850
1861 1448 490
1952 297 7980
287 1404 5460
309 779 132
1505 1604 20300
37 1841 300
1559 1247 76260
1561 86 550
224 362 550
254 1838 7700
1702 732 6050
1463 563 2100
42 817 10230
23 76 5775
51 131 100
1685 1081 6380
1602 936 42350
1069 1095 7700
1098 1256 161700
1804 1895 9075
1647 1371 770
687 1290 11550
785 58 36300
640 1232 69300
1316 964 25410
1493 1238 7700
1390 594 7700
1336 1210 2940
1694 1267 127050
1980 1112 900900
162 1432 4290
464 1974 550
409 778 1100
765 632 50050
619 375 4165
554 1945 11550
150 1358 3850
1704 1740 2860
1678 943 2100
60 872 700
301 946 2940
1128 685 130900
863 444 196350
1642 52 26950
1984 434 100
729 598 40950
1585 1688 5390
1323 344 53900
1495 1999 7350
692 975 53130
1990 1591 420
251 1835 23100
1719 349 7700
750 1298 65450
1577 469 11550
1175 230 3850
552 1413 22050
106 558 2900
984 1243 65450
1527 1799 1300
217 317 1015
157 829 296450
392 532 30450
1137 726 10725
1120 73 7150
716 804 7700
933 1583 10010
1248 359 100
1909 797 7700
693 1506 2100
880 765 350350
1264 1932 11550
775 126 100
1396 1057 1950
913 1093 3850
1532 1856 2450
105 1068 650
1598 902 5684
1324 1344 11700
1964 580 290
1360 1466 18700
1151 521 850
371 713 5460
454 289 30450
1796 74 4620
704 417 300300
1661 685 65450
1426 1247 90
1778 332 26950
1476 404 26950
366 1349 7700
419 34 63525
1888 771 3900
1688 1752 1050
1062 656 2940
1962 1917 7700
1529 919 1050
119 1047 20020
820 654 140140
885 36 35700
1032 1780 2030
1005 1942 33825
1619 1219 100100
867 1040 150150
1384 16 4900
1555 646 27300
195 1008 13340
770 175 11050
655 958 19110
484 458 6050
1126 1201 50050
1549 896 9100
1221 375 4165
1241 860 40425
1499 970 420
1808 1506 23100
25 1207 2100
1000 841 1100
1663 183 3300
1853 61 11550
1889 328 2100
1445 1620 50050
1727 1102 1650
1251 809 2730
1546 508 16170
562 128 6380
960 36 2100
1672 33 425
500 963 21450
1268 134 161700
1436 1154 9100
125 1613 34650
519 854 8580
1270 1055 84700
523 1146 18150
213 837 9900
805 1894 220
1835 1341 23100
1117 1820 3150
1529 1931 1050
1576 823 69300
477 1318 9350
1341 996 100100
1291 1353 20020
702 981 550
1038 168 13090
1103 474 975
1090 565 124950
930 706 60060
1519 1480 1470
64 1569 910
1325 604 26950
1503 1356 11700
1155 1941 7540
649 859 130900
1654 223 14300
635 1419 5775
1594 630 34510
1136 1805 11050
1084 704 23100
625 576 20020
242 1938 48300
1406 1449 11550
1982 49 1716
7 294 350900
944 1427 50
1988 1387 6300
1886 1829 11550
1172 535 8580
231 1279 1450
1011 1894 71060
1922 1237 78650
1758 1182 34100
111 1014 2450
916300