1
1000
981 699 16940
1 749 70980
653 719 2470
308 785 50050
799 348 20
802 325 1430
598 768 23100
759 780 20020
269 2 4290
109 908 1540
987 615 18590
215 8 10010
890 437 2964
980 155 78650
412 36 650
469 488 660
969 589 2860
204 946 29260
16 973 14300
499 219 2860
458 93 1100
140 986 220
876 105 660
779 638 364
562 167 15730
189 788 15730
775 769 12100
274 478 1430
560 792 770
800 983 715
824 160 11858
172 860 74100
663 418 10010
143 31 16940
544 425 140140
974 425 2156
342 354 1820
762 157 2926
890 811 910
913 758 12100
996 975 37050
467 154 2860
782 49 16940
713 369 28405
984 146 7150
650 652 60060
422 448 23100
492 431 13524
716 208 6050
211 874 2275
547 230 10780
490 188 924
151 725 76076
652 733 84
561 440 1820
494 787 27170
312 790 1430
759 850 42900
609 925 9100
863 586 210
815 277 130
812 6 10010
571 583 11550
702 309 13156
225 518 4620
432 34 6916
91 853 7700
761 501 100100
607 634 21175
990 688 1100
801 39 980
7 412 14950
628 674 1690
140 649 54340
755 496 8740
826 872 32340
471 503 9100
193 776 20020
919 237 1690
868 997 11180
920 934 55660
108 918 7700
864 929 53900
564 647 700
816 731 2660
710 80 4180
976 332 220
174 556 598
404 59 31460
181 357 3718
630 542 16170
792 439 7865
895 658 220
827 47 2860
569 92 7700
52 715 1100
132 537 64220
808 533 8228
407 45 254100
787 616 38
516 75 6900
817 693 12100
472 894 660
612 254 1650
962 647 53900
160 460 11858
852 359 1794
362 121 60060
665 386 910
237 994 7436
640 738 5950
644 512 31460
624 893 34580
595 798 407550
42 81 1628
144 840 14300
309 269 286
23 489 1540
15 945 2990
443 115 12100
406 977 55770
162 250 10780
320 933 84700
338 600 6050
961 391 18590
365 968 390
604 718 1820
100 883 23100
214 330 7700
218 455 18590
257 305 14300
78 680 1650
80 886 220
295 32 644
463 360 2860
479 741 21450
689 186 572
343 39 80850
897 575 14300
60 876 2310
796 183 42900
310 854 35490
376 812 13475
584 794 1430
551 370 9196
433 773 118580
745 30 8450
613 648 4004
909 752 2860
953 579 27300
398 728 660
429 47 3220
359 279 572
136 321 23100
631 701 2185
724 944 220
169 942 308
925 38 9100
765 388 111540
142 372 4370
130 287 20020
763 524 4620
532 185 92950
255 400 23100
276 568 1650
2 550 1430
194 656 4180
326 380 3388
500 515 1540
45 714 12100
843 881 14300
731 248 230
411 672 36300
389 408 3220
441 460 16940
822 411 471900
757 749 23660
481 804 20020
247 529 20020
290 686 53900
168 668 7700
939 806 1540
339 257 1540
601 456 9100
700 392 50
774 1 260
216 55 1210
510 620 52
840 765 111540
859 619 2090
149 395 260
798 934 550
821 602 14300
192 631 2090
485 861 780
334 120 7150
520 48 1100
751 409 8580
307 417 2420
184 13 550
666 3 15730
474 594 20020
534 196 7700
639 283 127050
487 164 20020
239 451 3542
940 27 5060
828 60 62790
851 614 6050
367 408 1540
933 288 1100
0 668 14300
51 240 24035
391 206 3380
811 901 1430
971 204 4620
577 67 31460
384 289 2660
955 271 84700
29 468 16940
748 830 31460
418 708 4810
373 877 7700
57 654 1430
483 995 4940
126 498 10010
350 958 23100
250 413 118580
429 179 700
880 239 42
406 334 37180
238 626 14300
600 977 15730
288 9 14300
500 677 100100
284 484 8580
25 338 84700
566 28 6050
705 110 50050
409 63 2860
252 88 146300
671 24 23595
318 789 2420
805 110 4550
301 932 4290
394 0 4290
152 83 100
495 50 4900
992 132 23660
214 241 438900
122 943 127050
711 783 12100
831 673 3380
678 423 8398
315 968 20020
547 914 16940
304 107 7700
7 953 29900
636 16 328900
866 336 51870
698 102 26950
280 241 7700
180 846 3025
632 617 950
827 646 4180
191 823 12100
270 465 28405
501 845 100100
218 520 27170
762 123 460
514 268 11550
283 291 127050
327 589 2860
768 20 1820
182 471 14700
469 319 25410
521 928 770
955 978 12100
206 661 27300
521 987 15730
272 41 2860
292 168 110
489 88 7700
427 480 20020
485 563 4620
683 399 7700
273 967 1690
707 62 10450
86 884 4180
270 372 24035
951 148 1430
721 722 700
433 586 32340
616 378 38
146 905 92950
665 609 50050
972 245 6370
715 744 20020
69 671 143
202 979 25300
751 192 7260
438 323 10780
574 205 54340
757 447 23660
538 423 247
901 397 15730
841 405 7150
638 746 260
754 952 100100
718 40 10010
275 233 770
315 153 1100
319 184 6050
679 898 54340
598 593 23100
687 493 2300
386 472 2990
667 466 15675
727 182 14700
181 590 5434
167 404 47190
220 464 1300
153 279 4180
572 211 1495
888 436 12100
528 421 13650
103 24 55055
306 9 11550
712 13 13300
669 557 16940
48 859 25410
175 574 308
549 960 220
772 185 10010
87 984 14300
164 415 27170
79 426 1196
654 177 550
727 887 7700
473 294 3300
546 936 10582
27 960 4180
298 785 86450
352 646 7700
453 663 15730
621 90 3575
84 355 2002
63 941 1540
735 760 2100
895 169 10868
921 558 31350
560 635 3220
322 923 116610
997 302 4940
732 875 9438
177 243 12650
922 627 190
603 979 7700
651 965 50820
344 320 12100
832 970 11550
54 55 57475
434 390 1820
695 219 60060
975 927 1650
71 760 80850
99 956 11550
657 195 4004
543 809 7084
107 112 9100
178 93 3300
176 226 8372
128 799 54340
317 484 460
777 962 118580
455 519 2990
158 314 5390
858 366 2860
247 351 2420
298 486 9100
843 657 2860
629 280 42350
565 928 164
649 687 20
842 52 1100
618 138 45980
630 567 5390
539 720 3300
519 544 9100
207 401 8580
915 459 50050
56 575 1300
159 304 50820
943 685 3300
508 217 7700
21 596 16940
488 844 220
611 567 1540
580 385 8740
194 568 8580
143 951 770
522 807 1100
381 694 1100
708 40 650
222 293 100100
874 415 715
659 487 14300
528 871 63700
323 203 10010
750 491 2002
166 775 660
475 212 2300
67 77 660660
75 873 1300
173 956 42350
870 494 190190
106 700 10010
112 623 1300
579 937 1950
684 147 4620
839 81 1196
969 756 54340
612 141 150150
761 11 1100
232 797 1300
41 910 12100
786 515 4180
371 221 700
38 795 24700
479 100 300300
941 513 53900
621 122 9075
767 907 21450
14 965 16940
272 906 23660
385 329 660
847 190 4550
453 134 78650
463 287 37180
490 136 170940
635 881 3900
175 608 23716
510 856 12844
358 526 6650
541 930 30030
634 732 1815
786 209 4290
837 497 7150
229 954 42900
398 382 15180
347 328 572
938 444 910
858 857 48620
911 606 988
148 829 278850
558 541 1650
523 21 16940
973 476 100100
281 480 2860
599 313 12100
939 135 7700
244 72 2860
337 561 2170
750 744 26026
189 119 597740
736 260 110110
172 296 42900
363 737 14300
105 210 42900
877 885 1540
507 770 17290
124 449 1430
198 424 10010
617 742 1300
805 923 2990
127 170 2366
454 260 15730
282 61 380
592 498 26026
32 228 29260
99 43 2090
570 249 23100
853 774 2300
525 690 5060
734 991 77740
746 764 3300
46 626 14300
299 383 1650
854 918 1820
857 180 2090
999 770 4550
399 10 20020
536 899 6050
46 506 157300
642 706 50700
509 340 6050
950 660 34580
961 846 7865
571 623 550
949 403 471900
989 335 7150
588 549 7700
902 35 44044
98 50 38220
446 816 29260
357 905 55770
698 36 3850
730 225 161700
235 723 127050
19 704 296450
360 938 1430
58 531 20020
516 942 1540
137 897 27300
797 871 9100
127 878 1820
252 758 7700
898 73 2860
697 379 60060
393 838 350
867 818 31460
196 578 60060
125 788 6050
995 373 9100
435 844 20020
603 85 9100
692 264 14300
256 502 1300
6 285 37180
445 161 42900
301 735 2850
978 76 834900
216 139 220220
267 367 2100
780 725 4004
462 64 12100
83 452 31350
246 559 10010
892 213 12100
966 828 210
993 95 12100
916 513 7700
445 651 94380
678 998 2990
909 887 2860
669 597 31460
705 627 150
282 233 9430
263 641 8580
89 833 3450
142 622 1820
886 789 31460
954 931 94380
330 637 592900
776 123 1300
865 578 16940
343 337 770
784 302 6916
587 919 59150
966 150 420
389 131 1820
625 847 1950
263 201 2420
535 491 6006
133 748 723580
926 156 2100
292 778 108790
766 972 455
650 377 60060
332 565 1196
432 102 1470
782 238 4620
419 982 7700
848 109 1540
176 331 4004
849 949 21450
779 195 76076
91 284 2420
414 277 11550
236 42 1540
540 53 6930
145 312 1210
402 497 2860
222 414 11550
341 680 986700
210 971 4620
931 35 132132
402 154 8580
174 716 2090
199 675 64220
509 265 7150
974 777 2156
410 940 12100
947 428 1300
20 149 5980
335 251 7150
276 421 1650
407 694 12100
427 118 7700
692 548 42900
504 92 8580
815 530 820
8 917 20020
377 400 60060
66 259 1300
253 98 1540
395 371 14300
165 810 87780
392 712 950
118 900 1100
795 68 25350
781 230 2310
932 449 110110
911 231 11492
473 914 36300
457 648 10010
202 562 550
502 393 9100
186 550 13156
308 985 50050
998 226 41262
430 529 140
511 190 7150
801 401 1820
240 14 1210
511 921 7150
450 709 7700
113 870 1430
422 896 36300
375 570 3300
869 468 2420
266 737 2860
711 821 23100
28 717 7150
265 734 8450
344 96 660
602 482 14300
743 504 1716
882 796 5070
22 555 2470
44 4 988
474 311 20020
171 555 950
434 615 3380
736 900 3630
227 601 5460
139 605 2860
310 767 4290
333 345 84700
878 910 7700
682 553 550
437 582 1482
349 591 16940
64 133 31460
85 996 4550
290 396 20020
580 74 113620
244 948 44044
410 868 2860
539 256 3300
741 457 78650
882 261 5070
317 482 700
614 573 4290
364 496 260
791 397 47190
77 224 31460
234 116 8470
353 207 7150
147 281 2860
191 416 36300
145 764 84700
512 710 4180
374 131 53900
819 33 35420
481 355 10010
701 170 741
661 464 9100
208 420 18700
633 305 3380
851 340 84700
274 286 2990
656 591 2420
18 582 10010
492 162 12740
458 354 1900
872 655 1540
666 243 770
347 855 9620
814 384 10868
379 659 14300
65 300 119140
726 655 2860
576 294 7700
685 917 2860
693 557 55660
454 443 471900
554 891 8470
577 994 81796
200 231 11830
691 988 1430
784 819 532
405 223 59150
658 867 12100
90 673 1690
236 364 1300
964 5 118300
267 820 1950
704 115 84700
3 820 55770
526 158 41650
505 800 2470
672 156 23100
593 753 80850
540 684 97020
197 922 39710
79 875 10868
865 543 16940
706 129 25350
17 794 27170
686 329 7700
73 683 12100
833 980 3850
299 95 471900
70 303 16940
378 852 2990
129 915 7150
86 756 163020
235 754 7700
104 358 11550
976 981 16940
349 163 1078
356 950 1540
420 259 3900
285 477 37180
813 929 2100
413 440 10780
808 321 2420
61 584 1430
622 477 10140
740 889 855140
466 114 2255
403 293 14300
709 670 84700
920 533 6292
12 743 66066
97 860 1950
835 817 11550
781 439 3575
375 261 12870
111 82 25300
29 719 1430
662 695 260
778 66 770
135 722 21700
682 676 254100
197 880 570
970 12 2310
253 138 45980
303 551 6292
166 809 4004
733 84 294
793 967 2002
986 583 3850
826 728 50820
82 803 1540
297 242 18590
841 351 12100
888 864 84700
37 113 15730
771 275 2470
536 581 23100
262 221 7350
610 71 1925
947 87 9100
467 537 3380
703 523 660660
599 103 15730
702 963 2002
419 374 23100
822 25 36300
483 806 5980
362 904 30030
726 926 780
94 856 1196
564 128 260
524 594 20020
676 958 23100
273 89 650
930 585 8580
459 223 31850
793 417 1694
56 752 13260
96 324 4940
341 31 3300
556 988 1014
34 33 308
769 117 16940
58 345 7700
19 707 3850
845 442 300300
959 475 24700
893 755 380
936 242 1430
495 993 7700
179 576 100100
552 625 190
316 861 780
585 740 2860
159 278 2860
842 742 7700
441 729 12100
587 506 7150
245 581 980
894 618 7260
674 831 111540
353 124 92950
823 49 31460
499 111 20900
53 937 1650
862 624 140
383 424 11550
150 644 2860
660 278 5980
203 681 18590
869 396 2420
723 837 42350
802 163 6006
829 813 3900
679 59 2860
790 246 130130
517 879 14300
862 493 25300
836 670 1100
68 538 2015
982 201 16940
444 348 3910
346 22 5980
430 573 410
834 935 7150
248 935 110
70 198 16940
331 224 31460
818 531 8580
527 461 31460
885 552 460
382 637 1540
664 863 2185
43 297 1430
152 548 29900
478 339 2310
318 527 16940
436 291 6050
814 605 1716
703 773 16940
456 883 7700
51 835 1045
324 258 91390
952 356 7700
730 530 1540
640 365 130
908 924 14300
316 927 4620
114 438 8470
745 97 194350
611 836 75900
120 376 1925
130 296 14300
388 5 3380
26 121 14300
268 104 11550
255 76 36300
903 545 308
262 849 13650
188 328 3388
452 553 550
57 766 28405
522 125 127050
697 380 12012
18 447 10010
178 286 380
904 209 4290
322 72 2990
234 11 36300
645 30 12350
946 677 7700
681 721 1430
342 435 30940
772 912 2860
803 387 118580
352 161 100100
892 251 3850
4 606 202540
394 116 8470
636 94 5980
825 620 2380
896 62 20900
346 619 2990
535 850 8580
832 173 3850
983 963 715
542 569 26950
999 448 4900
588 187 100100
713 258 1235
916 889 2860
325 205 2860
450 866 70
643 691 10450
924 699 2420
15 101 1430
514 517 12100
810 989 1540
944 228 2860
807 992 1300
17 311 8580
873 563 1540
791 126 4290
554 134 15730
101 838 1650
336 426 910
645 326 770
948 431 2156
738 957 1100
945 753 70
370 390 3740
486 839 1820
361 545 1540
714 307 157300
314 295 182
363 590 20020
476 366 42900
632 559 1330
350 763 161700
688 361 23100
913 957 689700
597 534 1100
628 369 8645
199 44 141284
387 462 16940
566 607 42350
608 747 770
848 271 50820
667 629 3575
220 804 37180
505 991 3380
825 249 23100
155 171 1650
724 108 254100
74 289 61180
879 990 20900
696 200 11830
217 641 1100
633 193 8060
333 212 7700
690 595 110
592 653 494
54 899 39325
518 106 16940
69 446 67298
771 572 130
215 157 2002
739 232 1100
739 416 84700
964 503 118300
327 902 20020
747 610 44275
151 465 2470
824 985 770
613 10 76076
78 306 127050
229 381 100100
461 144 31460
604 428 5980
507 266 10010
213 508 12100
442 368 4620
532 729 7150
165 891 16940
368 23 87780
906 912 10660
783 313 447700
117 596 728420
254 834 31350
470 717 185900
903 696 6006
470 119 2860
720 675 1300
662 137 40300
37 26 7150
525 907 2860
959 300 420
183 65 140
264 642 16900
884 141 1100
227 855 5460
546 830 6292
187 643 3850
689 639 7260
986700