1
1000
190 799 20111
971 704 11154
547 556 12597
571 505 3211
859 204 507
237 622 491283
893 808 3211
583 113 34476
777 832 1122
932 888 3042
264 988 12597
793 333 16731
880 424 57798
222 601 7514
250 559 21294
52 953 11154
44 558 11154
894 774 9633
967 677 19266
357 418 2535
190 78 94809
474 422 29887
163 782 1859
779 117 4446
461 990 2431
232 870 507
832 718 36414
829 853 6825
654 917 3458
729 411 12597
486 720 1482
548 309 221
353 978 8619
792 419 20111
678 150 3042
156 259 39039
736 975 273
244 600 439569
653 140 273
601 134 17238
907 277 25857
654 733 741
750 316 5746
974 245 517140
819 20 94809
336 734 439569
615 772 3042
406 55 3978
661 395 38532
597 39 969
101 572 9282
397 747 3315
411 866 663
776 599 11271
993 576 11154
770 505 3549
30 372 663
518 193 3549
987 864 6188
331 602 22308
634 258 663
155 691 2873
797 875 28899
930 120 692835
65 150 1521
253 164 8619
570 336 17238
108 672 94809
348 13 6006
891 696 1183
795 920 7293
820 912 603330
326 374 156
825 14 17238
430 928 60333
5 673 130130
221 474 1859
970 334 21489
575 167 13013
704 202 3042
56 555 8619
266 892 7293
603 612 35490
11 568 17238
68 596 88725
74 86 25857
683 301 14365
852 814 28899
381 857 663663
969 826 4446
895 204 741
53 667 51051
49 374 55770
27 636 8619
760 879 11154
330 921 17238
585 239 317889
488 981 13923
816 205 507
778 465 17238
83 191 1989
29 173 9633
586 989 5577
790 656 8619
729 789 1326
722 988 25857
577 642 7098
544 754 79781
514 532 180999
175 708 25857
91 67 293046
464 889 71383
827 630 507
908 994 3549
439 482 48841
7 989 3042
869 713 5577
470 527 51
337 901 1482
752 438 284427
302 803 43095
322 185 1014
449 689 7098
666 881 19890
535 494 663
591 142 507
973 820 3549
384 739 5577
791 2 109174
385 701 8281
347 523 1102
37 667 8619
347 968 836
939 914 52052
965 407 11154
549 677 10647
484 972 37791
183 301 16055
176 378 25194
344 12 9633
192 241 7098
563 647 2873
810 39 7410
513 604 507
162 419 2431
291 3 12597
615 477 1482
412 97 17238
658 290 94809
856 396 3315
129 250 8619
670 546 2223
119 950 8619
910 90 7293
446 745 16731
531 344 3549
846 389 8619
716 351 7098
993 293 39039
60 66 11271
625 542 5577
365 656 6630
48 441 60333
359 215 25857
285 817 1326
305 652 11154
141 508 51714
246 702 8619
726 507 13013
460 757 5915
476 493 11271
338 509 31
49 783 2873
543 569 39039
99 738 33813
343 93 14365
471 602 189618
840 638 546
447 168 198237
261 744 9295
170 807 33033
491 926 1859
398 521 327522
902 641 8619
699 668 183027
979 100 129285
796 685 491283
318 934 66924
841 28 7605
683 115 9295
106 839 663663
134 459 86190
41 863 507
790 662 94809
260 51 9009
157 851 2873
57 440 3211
84 230 3549
159 897 8281
254 278 31603
528 367 741
515 933 1183
128 906 3003
106 193 39039
215 420 5577
702 911 146523
558 81 221
127 60 663
742 343 3705
659 642 9633
613 503 3003
829 958 3315
151 671 14586
595 762 48165
290 163 221221
15 616 28899
109 37 62985
399 101 273
205 228 60333
455 245 258570
885 206 94809
269 942 5577
770 136 51714
804 332 714
511 432 6422
830 255 741
674 782 9295
438 758 5577
317 208 1690
11 543 1014
271 295 16473
111 417 1989
223 853 28665
395 887 1014
6 214 11271
377 640 904995
787 502 20995
897 172 60333
319 792 8619
943 700 7605
808 789 20111
755 219 1014
89 706 48841
151 663 4641
455 425 129285
298 862 13923
490 999 568854
132 235 4641
404 139 11271
292 55 27846
550 64 125970
633 626 17238
500 900 120666
784 964 25857
16 247 32946
579 118 120666
42 382 27846
487 5 5577
94 575 2145
918 494 11661
977 655 25194
393 382 858
927 646 3211
452 200 1521
899 480 4095
545 908 25857
253 764 9633
386 421 3003
706 407 8619
440 218 31603
552 143 43095
886 283 8619
732 472 6422
33 730 429
693 913 18785
944 133 1530
843 960 741
92 64 546
414 892 12597
402 991 18411
443 684 5577
969 287 39
548 58 7163
679 467 163761
574 315 8619
25 845 2541
759 18 20449
88 272 3549
427 409 14079
824 635 35490
934 379 33462
590 454 3094
763 497 507
306 743 11271
562 423 57798
746 831 117117
771 844 19266
842 8 94809
65 361 83655
627 437 1989
834 195 2223
481 509 1729
629 536 51714
364 184 12597
122 21 16731
929 623 234
327 225 1386
596 456 12675
228 521 17238
823 788 507
765 922 7098
797 848 1014
510 102 338
705 70 16055
728 363 28611
328 388 6084
625 267 19266
532 657 8619
935 572 78
19 571 9295
280 110 20111
112 565 10010
578 761 20111
718 162 1734
637 258 43095
784 217 25857
308 358 16055
942 761 2873
373 685 2223
110 937 507
312 886 11154
236 811 2873
500 834 3042
612 890 390
85 239 16731
780 519 2873
285 304 14586
765 867 3003
943 325 1989
944 332 12138
473 643 85215
93 950 48841
675 442 63206
801 218 8619
682 721 60333
900 251 8619
115 624 7150
767 434 2873
613 9 3003
906 973 9009
927 606 26026
899 417 8190
263 954 8619
468 867 12597
50 17 32604
90 801 9945
606 473 91
686 340 8398
13 786 858
754 191 25194
893 10 48165
856 354 51714
518 768 3549
331 764 5070
705 593 2535
292 401 663
859 775 86190
467 212 17238
627 591 94809
855 909 40222
481 777 286
171 452 167310
466 826 8190
222 396 4199
320 813 366054
937 861 33462
48 391 663
766 813 1482
458 605 7098
600 881 67626
148 424 51714
356 775 507
86 79 9633
287 431 60333
286 87 221
912 243 1014
720 288 1014
573 682 51714
823 61 15717
280 139 48841
980 248 25194
28 370 8619
995 241 120666
805 696 5187
827 177 18590
420 614 20449
567 933 741
50 213 130
435 220 57
512 403 2002
580 54 5577
348 127 8151
538 731 221
556 174 741
880 68 15210
114 364 663
679 551 8619
43 763 2535
617 748 247
112 992 3718
154 878 5070
235 44 1287
492 40 3315
707 670 1254
34 38 1521
848 252 189618
174 919 273
107 133 663
570 129 163761
489 14 6084
62 580 7605
979 959 904995
272 168 8619
545 599 439569
450 538 12597
769 563 442
394 581 8151
955 757 24843
7 983 13260
956 619 8619
861 700 33462
752 298 21879
77 299 6630
372 872 31603
457 309 1326
335 27 8619
697 385 20111
80 421 9009
284 274 35739
88 994 273273
194 19 1183
325 327 171
29 540 507
730 724 9633
197 466 10647
905 166 221
211 772 21294
72 623 5814
368 662 94809
264 227 858
373 195 42237
179 453 21294
448 701 546
377 211 10647
371 360 57798
877 155 5746
471 265 9295
102 576 55770
436 189 3549
628 498 18590
18 273 2002
246 740 3549
144 874 17238
608 743 9945
158 723 28158
715 842 8619
329 444 4901
111 207 9633
397 33 12870
478 214 8619
45 125 17238
719 369 39039
678 756 55770
573 333 25857
263 135 28899
146 631 1521
915 875 25857
477 6 25194
577 380 39039
423 520 15210
803 399 9633
224 137 1859
751 779 176358
319 415 258570
966 261 9633
414 80 663
164 400 474045
316 891 9295
713 243 11154
539 277 284427
167 947 31603
876 305 5577
242 415 1989
187 541 34476
223 525 3549
283 104 2873
232 632 14365
998 976 29172
173 985 9633
547 454 7514
311 512 11011
186 997 83655
868 314 10647
61 806 1326
695 22 14326
209 847 51714
878 237 3042
795 956 94809
198 144 17238
176 818 741
954 569 8619
311 614 20449
196 703 12597
58 501 858
121 622 25857
970 815 663
276 405 247
77 986 2535
958 651 11271
462 887 60333
698 715 12597
760 468 234
533 771 1014
400 648 8619
996 592 663663
147 252 17238
299 451 112710
488 527 2907
735 884 17238
668 876 9633
123 935 105963
890 300 1254
961 639 2873
657 747 732615
352 200 25857
717 81 96577
744 978 1859
986 413 5577
238 746 117
788 216 60333
907 794 491283
149 226 22542
386 507 13013
434 182 2873
67 756 17238
639 324 5577
787 593 2145
924 817 6422
130 841 16731
896 353 25857
425 186 7605
203 12 14365
83 296 8619
240 981 8619
152 658 8619
158 837 2964
47 594 4862
478 982 120666
4 522 43095
53 303 1989
97 798 9633
901 457 45942
504 534 29172
4 734 146523
342 655 4199
116 410 39039
394 786 179322
185 987 2730
711 839 51051
36 369 60333
256 463 3211
30 284 2907
328 503 1326
924 822 169
711 560 6783
422 26 3630
418 692 28899
710 310 63206
41 833 5577
650 499 5577
652 940 14196
957 916 2210
968 628 1716
697 171 507
380 620 3003
595 148 8619
528 976 78
583 889 22542
427 231 12597
390 809 129285
680 376 4199
938 686 1482
323 490 25857
902 126 5577
633 225 2652
136 850 17238
888 138 2730
542 741 27885
533 589 26026
323 390 25857
318 187 6084
862 103 11271
405 564 15470
47 888 390
116 42 1638
371 15 491283
449 781 1235
916 140 7735
486 990 4641
557 498 1859
882 117 19266
113 105 86190
822 963 65065
154 714 1326
896 574 189618
768 497 117117
35 620 6930
234 540 1445
736 776 3315
199 476 7514
793 997 117117
837 460 442
346 304 3146
941 270 146523
659 412 5577
651 297 71383
393 430 1014
38 690 5070
160 135 11154
824 17 1092
203 458 2873
294 553 39039
598 616 16731
568 315 8619
355 737 19266
647 516 60333
391 983 1326
502 279 71383
119 152 163761
774 635 1521
197 244 25857
213 282 28730
308 491 5577
447 524 25857
549 63 16731
313 74 180999
388 740 19266
20 100 51714
1 972 2223
242 587 3003
367 376 14079
302 178 43095
653 43 39039
551 815 732615
169 966 42237
649 753 2873
247 99 214149
483 387 5746
271 883 10659
948 725 138567
306 341 2873
952 609 3549
660 25 6006
835 561 663
108 217 86190
587 255 3705
153 780 14365
59 156 1521
687 818 1287
326 274 114
644 495 247
189 869 9633
947 810 507
860 69 33462
948 453 663
688 361 1521
851 268 43095
46 469 94809
10 23 8619
147 459 120666
75 446 2223
588 445 1859
337 895 37791
873 555 982566
957 629 86190
941 738 33813
594 712 2873
931 963 195
268 233 25857
73 169 22743
479 835 17238
931 349 12597
991 723 14079
781 273 247
921 936 25194
339 980 78
118 475 507
814 689 25857
480 281 60333
868 995 10647
852 554 15210
849 389 17238
975 499 16731
695 522 78
621 925 5577
0 982 8619
741 45 5577
249 506 7098
961 755 54587
384 539 5577
130 854 429
483 759 1859
798 858 1183
544 188 323
416 340 5746
408 962 14586
560 300 6783
809 526 3042
289 904 3211
565 181 7293
863 648 57798
183 831 507
288 221 43095
847 125 982566
105 717 221
731 638 4862
266 838 1989
767 23 94809
485 375 1014
338 665 1122
429 800 25857
259 70 1690
40 920 692835
618 172 169
550 664 156
437 838 19890
104 46 63206
773 387 40222
858 664 26026
321 289 8619
212 619 146523
324 691 3549
433 608 3315
794 603 3042
445 379 105963
925 955 3549
142 923 19266
334 224 429
491 341 169
236 482 20111
267 604 9633
107 984 60333
873 360 57798
669 742 1805
903 79 11154
552 137 3211
965 257 3549
192 248 1482
24 138 1045
426 631 507
523 132 221
537 94 24453
226 254 3315
439 692 17238
178 275 163761
605 257 67431
402 644 10469
489 198 57798
85 465 3549
22 884 130
71 120 2717
857 122 5577
356 265 3211
426 513 474045
624 694 3575
123 378 741
649 725 663
35 534 2772
855 582 7098
462 840 273
915 951 11271
362 128 741
579 618 169
999 540 8619
432 894 35321
917 773 40222
431 643 39
676 182 189618
753 971 3211
557 98 8619
641 511 9633
674 321 3549
240 56 94809
918 366 9633
444 974 1014
307 320 19266
554 310 22308
145 953 17238
429 202 10647
72 363 18207
504 998 495924
785 524 51714
441 2 5746
733 184 2223
91 121 25857
345 911 48841
735 833 5577
882 812 5746
281 410 3549
529 470 7293
146 201 284427
804 592 51051
92 607 33462
229 84 3718
359 59 25857
634 645 14586
517 913 8619
464 451 18785
238 610 741
546 828 68913
949 210 169
778 529 17238
131 330 22308
819 358 2873
206 381 94809
939 530 11492
180 721 60333
199 632 48841
475 586 5577
508 314 25857
354 153 94809
681 262 60333
588 368 63206
436 313 180999
567 31 258115
589 383 3380
870 929 234234
611 694 2145
95 339 11154
495 739 39039
76 514 3978
590 398 5746
710 825 63206
578 525 22477
329 650 20111
865 598 663
699 949 3211
877 636 94809
96 905 537251
82 312 22308
52 719 429429
960 693 4199
210 66 4641
286 923 3211
392 103 48841
751 541 1326
684 428 9633
661 737 732108
866 181 7293
562 645 78
269 566 16731
291 297 71383
559 355 33462
680 531 455
936 16 1938
959 21 7605
985 89 2873
75 9 2223
996 607 5577
712 879 2873
392 515 14365
727 707 39083
945 448 21879
54 262 1014
904 716 22477
57 31 4693
351 726 39039
910 229 2431
26 806 660
520 871 5070
816 727 2717
626 32 7098
564 63 663
293 1 16731
585 260 1287
270 95 8619
871 909 6422
967 230 8619
865 665 16473
365 805 3003
493 501 3315
87 769 247962
350 194 3549
800 785 284427
219 296 3549
903 506 17238
621 537 429
745 375 15210
811 295 4199
821 611 35321
766 234 374
919 161 11154
479 96 2873
352 180 94809
709 201 5577
496 732 34476
8 51 1287
945 149 11271
762 964 5577
688 216 507
783 278 20111
98 722 25857
231 690 3003
802 443 8619
124 675 2873
370 170 3003
69 584 16302
32 413 11154
124 456 43095
307 914 2366
71 758 3718
322 992 5746
141 844 34476
849 450 14586
898 256 8619
366 131 1014
530 492 86190
872 342 221
750 159 22477
610 350 4641
472 581 16055
846 553 1521
666 749 2262
303 724 1482
442 276 169
946 597 16473
663 161 43095
802 349 4641
836 435 969
519 671 2431
646 409 183027
962 406 1326
463 317 3211
946 922 663
433 401 36465
687 188 561
951 561 78897
383 898 5746
940 748 7098
82 362 1014
703 179 1287
660 582 7098
516 807 3003
637 233 120666
279 836 60401
177 78 31603
428 496 21294
157 930 4199
796 487 28899
517 526 33462
73 166 2109
830 977 2223
850 143 120666
3 209 3978
275 883 25194
828 76 2223
864 485 2002
812 345 48841
165 249 1482
62 728 3978
294 510 2873
220 335 3003
282 885 63206
160 709 5577
36 566 507
799 926 2873
251 403 663
669 404 323
845 584 1155
536 0 439569
673 821 1859
535 617 2717
145 791 5746
416 34 94809
208 932 17238
196 207 28158
984 860 5070
469 357 39039
109 408 3315
672 484 663
874 126 7098
708 630 491283
227 640 273
928 952 3549
346 461 3146
681 114 663
676 938 234
714 165 1482
175 609 180999
982566