9
7
2 5 6630
5 3 90
6 3 9900
0 2 110
3 1 110
6 4 5610
9900
15
11 0 8658
4 1 455
4 11 39
2 7 22477
7 9 455
8 12 806
8 5 15249
1 13 910
5 3 39
14 13 9282
4 10 7
12 6 1924
6 14 494
2 0 273
22477
31
26 25 22
2 14 20
11 21 2
3 2 11000
9 21 484
4 14 60
10 15 330
10 4 84150
20 21 2
26 0 220
26 29 4840
0 1 60
13 12 26
6 29 5
24 27 102
18 22 341
16 7 454894
9 19 14674
8 29 110
3 23 10
16 26 44
3 1 2100
24 2 2860
22 13 770
5 3 22
20 13 14
30 29 14
1 28 26
21 17 110
4 21 1100
454894
62
52 32 12675
29 0 5005
43 7 4225
42 0 3675
26 19 5775
59 51 25025
14 56 825
8 3 7865
58 18 55055
41 16 2145
31 10 444675
9 37 47775
61 23 1225
6 59 6175
46 49 43225
12 33 13013
13 51 5775
11 42 1225
24 31 21175
6 46 117325
23 48 175
14 27 1155
28 22 7350
8 4 10725
17 22 1225
53 35 15015
14 2 1925
20 23 1155
28 39 13475
32 7 240825
11 2 43225
45 16 3465
47 36 39325
1 45 1650
49 44 2275
61 42 1225
13 18 12705
57 56 2145
25 58 102245
9 53 9555
4 21 975975
17 48 65975
55 54 455
36 50 4235
43 12 9295
21 5 2145
15 52 2730
47 30 511225
39 10 148225
34 45 5775
35 44 1365
50 15 2695
60 22 35
34 37 6825
33 3 1001
41 30 46475
40 19 1155
38 24 715
1 55 10725
13 26 5775
57 25 306735
975975
125
67 101 325
119 92 325
90 28 25350
47 61 142025
25 91 27885
46 51 7150
12 82 88725
41 119 10925
98 37 2275
66 26 12350
84 44 2185
53 76 325
10 64 11115
74 61 650
123 60 230945
10 89 240825
3 30 5525
112 55 60775
33 101 348725
20 91 845
54 57 5005
44 66 6175
16 5 65
8 6 16575
4 64 77805
76 83 1430
85 31 8075
105 86 4225
75 105 5525
40 59 3575
108 123 195
36 114 24225
90 124 287300
120 55 71825
80 48 3575
96 46 39325
100 113 950
102 109 6555
4 50 11115
58 36 1805
86 28 88725
34 6 11050
22 71 6175
18 72 88725
45 19 6175
14 103 21450
32 11 38675
23 68 13650
116 17 1105
8 9 60775
12 33 325
43 73 2475
3 43 24225
39 13 325
42 69 11550
26 62 550
122 15 9945
87 99 25025
68 97 12675
70 50 3705
75 31 425
11 112 5525
81 56 10725
79 53 426075
71 2 25025
108 54 65
109 25 390
70 84 1615
110 89 325
27 19 325
51 45 6175
117 49 570
20 58 28405
93 92 10725
7 121 950
80 21 475
67 18 139425
69 9 3575
107 52 325
88 29 46475
104 118 455
120 82 8450
113 85 234175
15 56 7605
73 2 117975
63 94 4225
99 110 2275
117 59 825
35 104 16445
79 34 650
42 98 13475
118 72 88725
17 13 62985
0 35 7865
40 106 92950
48 47 2275
78 32 1785
49 5 1615
39 60 65
103 95 325
122 62 330
114 65 650
30 115 5525
87 1 3025
74 94 325325
77 81 25025
107 115 6175
102 57 285
41 23 425
111 52 11050
37 24 12675
124 65 16900
1 27 4675
106 97 46475
121 77 3575
38 22 475
29 16 139425
100 24 3575
63 116 28730
93 38 825
7 14 150
95 21 10925
0 88 46475
111 96 10725
426075
250
7 249 1275
197 171 42075
57 202 21675
49 56 16830
228 55 48510
111 46 315
66 95 123165
207 26 1530
229 200 2277
246 191 8415
74 80 53295
129 140 10710
113 15 54450
75 62 333795
84 87 16830
156 245 65025
90 185 3150
235 68 98175
78 169 1938
216 18 1530
134 117 294525
87 91 10710
193 21 43350
13 38 4950
227 204 26010
233 244 26775
39 4 13005
208 98 130050
113 103 54450
239 184 765
193 133 151725
71 83 2499
155 217 22185
40 88 1530
61 58 65025
209 156 21675
28 136 13005
230 48 99450
72 88 45
121 20 455175
124 34 8670
232 244 5355
36 110 715275
22 50 455175
168 205 8415
192 199 5814
229 94 495
189 91 15300
29 247 8190
64 7 32725
0 247 1071
45 63 8415
236 70 60690
243 108 19665
41 196 19890
120 108 585
144 202 21675
53 174 41325
120 151 8190
82 36 715275
185 143 11970
168 199 3519
212 128 374850
210 164 42075
67 208 3825
151 19 10710
188 106 130050
111 149 25389
173 150 1365
59 30 5202
231 236 30345
237 9 16830
232 23 153
201 43 1071
148 176 90
186 153 91035
184 143 5985
107 157 2142
69 141 17325
3 81 8415
200 239 3366
82 3 8415
214 190 1683
58 132 65025
47 1 225
49 102 16830
170 104 91035
73 11 1734
207 237 10710
242 138 21780
80 93 8415
163 65 3825
29 102 6930
22 224 3825
44 160 14535
32 183 345
206 25 1575
238 159 6930
179 35 3150
227 220 43350
162 175 969
17 153 153
166 218 47025
62 8 19635
33 178 2601
178 59 247095
43 33 80631
170 109 91035
67 154 24225
75 77 47685
165 235 98175
149 248 1071
40 189 52020
167 122 8925
70 210 5355
92 97 13005
2 126 69300
213 223 10404
23 105 3366
139 46 5355
6 57 26775
118 25 4275
119 180 99450
220 219 238425
221 137 38115
37 138 33660
5 201 165
206 103 34650
95 182 10710
131 223 3366
240 2 6300
78 133 4335
165 60 42075
64 209 7225
125 172 3825
100 158 57
15 198 9900
161 119 7650
54 176 1155
131 166 3465
181 37 39270
141 76 26775
187 128 26775
114 28 765
89 16 65025
71 136 6069
90 19 6930
107 44 3366
157 197 765
86 118 2805
98 12 255
146 162 2601
171 14 7650
117 85 3825
249 96 3825
142 83 8085
152 215 92565
159 72 3465
41 34 26010
68 145 14025
4 245 13005
242 35 4950
51 205 462825
139 123 13005
226 27 26775
52 130 19890
52 243 765
50 89 65025
9 214 31977
74 122 2805
228 8 38115
104 231 151725
174 5 50025
225 73 8415
42 18 5202
60 121 65025
65 216 72675
222 203 51
222 130 5355
163 225 26775
21 61 65025
190 194 8415
51 234 84150
196 6 16830
27 212 187425
31 188 65025
100 42 3366
96 146 143055
154 181 14025
144 101 16575
66 101 5355
63 17 3366
213 240 21420
234 161 7650
107 112 51
127 192 4284
48 123 765
39 241 1785
72 137 3465
79 94 5850
24 10 34713
230 99 1275
164 187 42075
84 148 1530
215 177 11781
195 140 7650
86 12 19635
179 38 7650
176 13 4950
221 114 6930
24 211 1197
10 191 315
55 115 4095
134 219 14025
175 1 33
167 155 3825
182 125 26775
218 116 3825
30 160 2601
105 56 185130
1 211 3465
79 147 7650
31 110 65025
204 129 19890
248 224 8415
172 127 19890
233 195 65025
150 106 3825
226 47 3825
45 180 3825
85 246 13005
124 77 4335
135 142 11025
147 69 3150
132 109 13005
16 135 26775
116 186 65025
92 145 42075
11 203 214149
26 53 1305
97 177 5202
93 152 185130
241 99 14025
14 115 765
217 0 3519
238 183 6930
194 20 7650
126 76 3150
81 198 16830
1430550
500
192 237 833
252 401 2618
443 498 17787
376 109 133518
320 377 89012
421 158 1666
444 223 2695
178 212 18326
348 352 1666
214 407 36652
306 283 12342
40 179 88935
245 31 86394
101 170 2618
69 376 12138
189 125 7497
393 483 3234
129 157 28798
85 384 462
242 80 4851
389 363 34969
22 258 924
119 469 5929
65 360 9996
7 50 6468
28 478 30345
64 166 238
310 406 129591
33 319 23716
10 434 71148
146 87 2618
9 142 1260
340 429 9702
2 493 7854
25 317 35574
103 386 231
449 412 3234
184 278 6171
62 316 71148
172 481 9702
396 123 16422
478 422 22253
323 58 86394
326 190 16170
170 390 5236
103 119 43197
133 454 2499
240 289 3234
71 219 84966
75 19 9702
21 121 23716
88 461 28798
327 111 59290
187 314 7854
489 339 11858
293 120 4998
92 232 14994
131 211 86394
152 374 9163
472 265 3234
254 498 17787
151 465 12705
459 38 97020
132 199 18326
327 78 35574
57 330 12342
383 311 14994
60 385 3234
449 204 32340
110 48 2618
286 473 82467
59 24 42483
460 421 18326
11 225 2156
441 64 13566
55 363 44506
138 188 3234
236 453 3234
454 260 14994
221 219 1666
300 488 22253
192 158 70805
407 122 28798
141 41 302379
269 95 1078
350 406 259182
430 77 13860
379 485 4851
270 317 14399
49 141 302379
384 253 74382
365 497 36652
218 395 11858
227 79 3234
275 203 1617
46 208 5929
338 106 9163
346 257 17787
476 450 539
178 351 18326
362 81 518364
486 239 924
152 257 17787
470 235 109956
324 112 9702
181 165 164934
423 259 28798
163 393 18326
61 88 86394
76 394 18326
262 414 71148
179 459 48510
251 104 2618
154 38 19404
99 341 9163
22 13 355740
301 253 5390
299 431 16170
411 180 201586
295 492 604758
229 261 2261
91 144 247940
191 69 4998
266 127 56644
237 288 7854
167 299 5390
220 403 18326
322 418 2541
287 279 14161
222 160 3234
426 143 35574
93 126 35574
74 420 8085
387 54 5082
355 445 6468
251 452 10164
182 423 57596
349 207 14399
453 336 2618
136 443 9702
81 297 10164
263 463 4998
29 45 29988
457 446 489566
245 153 11858
369 164 5390
207 326 17787
241 428 35574
392 380 213444
174 30 109956
113 477 27489
112 305 7854
451 379 907137
316 470 6468
274 6 137445
427 442 106722
82 26 1078
8 175 1309
186 482 35574
476 378 2737
386 345 462
66 211 9163
395 277 100793
271 335 11858
463 145 3234
151 203 38115
456 255 27489
397 494 345933
356 240 278124
337 239 3234
371 108 2695
14 435 3234
202 495 27489
246 488 7854
40 147 17787
183 410 9163
194 129 28798
118 457 44506
475 107 5082
268 74 54978
370 96 11858
6 80 3234
53 163 18326
282 116 82467
148 276 7854
329 420 5929
46 160 35574
414 462 2156
250 332 302379
27 34 86394
471 342 7854
343 291 9163
200 25 32340
200 127 9996
156 225 59290
385 369 1078
329 39 11858
210 53 302379
236 324 9702
450 452 59290
72 367 11858
413 378 238
416 233 2618
328 309 15827
417 250 17787
286 155 4998
466 118 7854
166 17 18326
278 122 6171
485 2 3234
320 108 2618
28 63 4046
349 322 28798
297 144 2156
114 263 42483
105 441 39270
338 150 9163
102 70 35574
254 56 54978
168 389 34969
44 424 54978
398 193 302379
404 287 9163
445 350 2772
313 135 3234
315 15 9702
33 367 59290
462 106 18326
136 413 1554
415 388 9996
474 0 3465
318 341 311542
223 242 27489
19 83 213444
45 397 36414
276 314 47124
274 451 27489
434 358 6468
115 340 6468
308 415 54978
334 279 4998
115 360 9996
444 221 1078
290 32 11858
368 226 1470
366 460 54978
175 484 18326
475 446 28798
105 35 7854
448 306 14399
153 347 1694
280 91 924
216 436 2254
23 90 35574
425 161 3388
290 391 8470
479 39 5390
264 18 7854
348 388 9996
481 70 35574
339 432 201586
146 224 133518
293 47 31654
169 303 2618
372 58 2618
494 222 357
440 325 74382
86 258 4522
67 224 3927
216 374 1862
427 432 35574
109 104 44506
183 114 15827
51 134 71148
382 85 86394
357 145 35574
195 447 54978
408 259 1078
231 291 9163
425 283 8228
12 491 16905
241 60 16170
7 321 36652
468 424 17787
490 148 1078
3 391 1694
123 300 46529
197 365 18326
474 75 24255
98 466 6930
284 487 5082
202 198 467313
110 270 14399
220 268 311542
292 50 1470
197 187 311542
0 493 3927
199 36 18326
5 149 302379
375 252 18326
117 32 36652
234 398 5929
294 265 109956
89 269 406
68 83 213444
368 373 5390
96 492 11858
343 177 35574
84 301 154
433 285 27489
41 399 27489
57 4 6171
20 217 35574
177 483 177870
255 412 27489
101 14 14630
319 442 35574
139 310 907137
308 264 7854
309 157 3927
399 169 54978
354 99 1617
82 352 42826
213 134 35574
156 332 17787
206 238 231
87 76 201586
419 411 201586
430 499 19404
458 161 6468
440 121 49588
16 464 36652
143 71 54978
356 235 6468
196 56 2156
403 312 1078
77 361 15708
480 359 66759
401 130 133518
409 172 2499
233 149 14399
139 249 4851
266 422 44506
196 307 1078
402 381 10164
439 90 213444
65 477 54978
190 292 24990
260 98 1386
201 234 59290
353 405 213444
436 318 4998
217 107 106722
24 335 9163
456 396 57477
142 331 48510
95 418 29645
392 189 9702
344 227 1540
296 357 18326
244 351 3234
201 126 35574
404 382 86394
3 437 24871
116 359 3927
180 461 403172
72 390 3234
311 431 74970
44 458 19404
61 417 15246
312 173 5390
84 342 5236
372 272 4522
281 387 15246
204 30 109956
267 243 15708
364 4 7623
8 43 43197
17 48 109956
138 26 91630
271 137 71148
495 402 3234
34 206 15246
128 277 71995
210 468 17787
333 9 4284
174 496 109956
366 487 924
5 147 17787
229 289 385
497 499 109956
185 215 18326
371 212 17787
294 164 6468
439 13 71148
248 273 1078
467 1 2499
195 284 7854
244 162 106722
1 55 42483
231 380 3234
47 159 8330
345 410 54978
302 49 35574
205 469 59290
29 171 23562
377 282 7854
86 491 119
198 480 133518
42 131 847
97 346 43197
409 159 14161
428 426 35574
280 267 172788
37 185 28322
54 321 3542
124 79 54978
302 191 6468
68 455 15246
181 362 47124
437 248 539
150 73 1309
52 455 23562
171 347 86394
226 173 49980
93 246 924
256 307 9163
100 416 2023
303 288 28798
97 67 43197
16 479 18326
162 472 9702
353 92 9702
176 186 54978
429 256 27489
490 215 11858
489 42 19481
66 140 210749
433 20 27489
132 285 137445
213 354 266805
304 94 71148
337 465 19635
419 334 54978
63 336 44506
394 214 18326
482 273 71148
100 275 15827
435 228 27489
295 12 3234
400 218 88935
344 89 5474
313 373 11858
471 133 27489
11 59 4998
447 383 54978
370 18 2618
381 31 5082
130 176 133518
298 137 106722
361 296 60214
408 496 3234
325 23 74382
243 328 1666
51 124 3234
165 298 9702
37 52 12138
102 21 177870
209 281 3234
62 120 32340
27 205 8470
448 111 5929
155 167 3332
355 464 36652
486 230 24684
364 36 35574
154 232 14994
43 333 23562
78 473 53361
400 438 29645
230 323 24684
168 73 6358
331 125 7497
184 128 4114
262 315 106722
10 330 10164
405 304 213444
140 193 9163
249 272 1470
117 35 89012
94 182 3388
228 194 9163
375 135 54978
15 358 164934
208 247 9163
209 113 27489
261 247 2737
438 467 1078
484 188 2156
907137
1000
173 366 275275
311 980 13475
182 959 444675
864 725 55055
501 185 7007
393 213 3850
757 946 35035
829 601 8470
167 645 7700
527 730 5005
286 831 65065
95 37 1694
588 341 11550
906 786 15925
582 292 5005
505 359 1001
340 103 21175
437 873 5005
916 291 2450
654 551 245
476 611 5390
555 79 13475
306 42 2618
649 458 25025
143 982 148225
815 983 148225
38 289 148225
376 600 26950
381 198 42350
94 869 26950
279 406 148225
669 48 3850
913 288 110110
161 576 241395
39 239 770
615 255 1001
720 890 148225
948 78 35035
688 512 1001
51 939 12705
19 549 35574
671 24 29645
578 738 35035
919 352 55055
164 712 35035
68 443 22022
577 437 11011
909 249 13475
474 284 70
152 441 41405
324 830 847
206 896 148225
789 479 296450
592 853 75075
460 653 4235
988 173 21175
417 825 296450
87 905 34580
849 379 2275
773 539 148225
299 382 50050
736 319 13475
443 919 55055
512 220 9163
826 735 4235
529 296 3757
499 914 2695
482 770 21175
83 888 7865
190 230 8470
30 610 148225
618 158 1001
60 593 13475
619 344 42350
987 868 111265
778 63 6050
202 807 4235
184 40 41405
926 750 127050
686 12 148225
978 574 275275
921 553 5390
966 264 770770
731 763 5005
954 20 25025
67 134 154154
14 383 5775
57 609 1925
869 295 13475
262 233 5445
300 84 2695
447 604 3850
840 960 71995
353 308 3553
438 511 2310
29 49 5929
390 720 296450
970 934 21175
678 697 110
749 930 5005
204 612 15827
0 999 25410
840 900 4235
393 565 9350
194 974 5005
844 214 5390
642 99 71995
149 896 296450
113 265 148225
236 267 935
871 205 550550
781 18 1925
822 958 296450
61 995 5390
938 545 25025
961 375 29645
542 616 143
654 703 4165
558 312 13475
403 197 19110
316 187 275275
380 767 5525
806 46 50050
609 965 29645
283 902 4900
613 781 6545
90 786 40425
674 423 385385
323 531 29645
597 530 29645
453 500 53900
33 403 5390
270 894 16562
350 735 13475
442 212 26950
854 260 455
485 346 22022
627 55 425425
440 677 4235
643 942 42350
925 208 80850
787 717 148225
940 929 60775
589 375 770770
91 212 148225
339 404 25410
295 275 148225
194 0 4235
209 454 21175
828 844 31850
481 294 385
811 89 8470
543 523 4235
936 729 32340
799 834 165165
367 791 55055
415 632 13475
567 773 148225
319 467 175175
878 433 29645
872 554 12495
73 302 27930
325 563 5005
571 836 124355
700 20 11550
831 519 25025
908 180 15730
637 895 70070
791 805 12705
865 3 2695
301 30 13475
68 662 14399
801 670 29645
721 193 148225
774 320 13475
411 745 2695
307 760 15015
998 175 55055
743 852 21175
226 564 8470
912 779 229075
891 195 11858
812 810 26950
517 84 15925
587 126 35035
906 751 4550
704 820 14
440 168 21175
492 250 5005
611 484 59290
740 874 40425
229 54 5005
242 880 29645
18 969 2695
667 600 296450
478 247 35035
392 155 444675
26 373 12705
124 665 6050
801 109 42350
181 265 13475
761 359 55055
817 240 475
561 761 1925
461 449 455
658 607 5390
709 315 32725
561 167 11550
386 661 2695
907 263 15730
355 733 1540
322 530 17787
920 603 42350
632 328 21175
508 81 2548
244 618 35035
217 299 6825
572 139 8470
821 579 35035
835 630 5390
140 996 75075
47 809 50050
926 766 127050
122 196 29645
992 455 148225
417 23 296450
659 401 29645
811 681 71995
927 764 3850
480 601 8470
728 117 256025
467 759 75075
784 602 85085
924 119 143990
329 305 8085
462 798 10010
889 608 889350
448 356 29645
231 238 668525
77 540 4235
428 621 84700
606 221 38675
119 874 21175
286 108 9295
935 712 25025
94 428 7700
413 991 2450
599 852 13475
201 95 2299
616 813 85085
808 81 980
374 516 118580
881 215 26950
509 3 88935
877 782 21175
520 809 42350
819 964 444675
585 837 29645
702 879 256025
31 754 71995
664 788 350
785 567 148225
466 981 8470
298 132 29645
397 989 1925
373 930 29645
281 823 25025
141 744 7007
904 910 35035
625 842 32725
724 667 889350
436 372 20825
520 131 42350
203 86 65065
378 178 21175
146 4 5005
695 463 25025
234 902 80850
41 768 5005
17 599 80850
2 321 9295
464 216 29645
293 674 2695
400 371 296450
449 1 5005
876 153 935935
550 218 25410
125 134 1694
988 665 42350
851 387 11858
538 649 110110
395 747 296450
231 830 10285
535 652 296450
221 223 2450
154 491 35035
136 225 29645
775 383 5005
795 580 26950
436 756 2695
640 148 7350
96 159 16170
366 110 1155
378 955 71995
608 861 88935
651 162 80850
156 88 51205
638 25 735
54 371 21175
937 344 63525
785 482 21175
280 45 8470
211 131 2310
415 347 2695
751 760 25025
71 802 3675
759 257 3575
100 302 2695
536 404 16170
118 425 13475
209 539 21175
444 932 833
578 860 5005
331 188 6545
63 21 51425
893 11 770
367 950 5005
503 109 32725
260 24 8085
521 257 60775
236 186 12155
656 971 161700
251 421 62475
935 764 11550
620 237 444675
354 9 143990
524 345 5390
172 6 110110
722 228 455
584 984 21175
522 655 1078
41 547 32725
953 872 30345
918 904 13475
850 271 13475
496 484 35574
252 559 1309
488 177 10010
993 666 8085
569 986 54145
860 224 910
176 839 15730
556 715 148225
311 728 40425
330 799 4235
471 59 148225
575 364 29645
291 972 16170
876 493 4235
82 472 42350
361 577 77077
245 584 275275
650 120 1925
504 721 385
585 36 385
973 985 21175
432 546 15015
66 423 35035
499 843 4235
369 360 275275
915 942 1925
222 216 148225
472 780 12705
22 660 26950
71 320 1225
708 565 7150
557 475 80850
580 439 70070
552 803 63525
695 266 1050
749 8 25025
719 727 3185
468 723 39325
875 267 770
459 591 42350
551 480 70070
575 139 148225
493 957 21175
819 675 148225
424 394 8470
646 312 175175
32 171 13475
524 655 35574
124 399 7150
877 681 29645
725 564 71995
563 137 5005
179 963 70070
347 867 70070
107 726 425425
164 29 77077
540 226 55055
945 31 5005
945 646 525525
135 268 7865
342 754 4235
804 248 1001
483 885 29645
663 188 29645
590 771 7735
153 604 4235
69 149 26950
833 113 80850
349 548 8470
586 661 5005
268 832 7865
58 456 2695
421 232 13475
407 130 16170
345 211 10010
964 227 26950
544 192 10010
668 282 148225
531 65 45815
168 416 402325
372 156 3185
802 828 31850
989 27 25025
758 213 42350
416 115 4235
133 10 148225
979 688 5005
420 465 26950
266 162 7350
22 458 32725
846 634 26950
129 595 8470
337 502 148225
160 324 77077
409 697 56810
682 218 275
936 975 80850
650 465 26950
254 947 3025
61 522 91630
637 900 59290
391 598 70070
737 75 148225
158 239 49742
856 35 16170
679 494 40425
664 545 38675
869 358 1925
738 388 60515
670 644 29645
310 553 26950
351 74 12705
60 128 13090
199 701 7007
163 645 42350
270 853 910
680 715 444675
685 43 25025
948 464 29645
97 672 38675
944 91 29645
52 400 770
932 705 245
238 422 12155
414 997 1365
927 582 350350
317 45 110110
734 504 170170
169 800 25025
219 174 296450
544 498 2860
500 170 26950
5 115 55055
510 331 6545
951 374 10780
159 183 7350
662 887 4235
946 693 2695
636 263 117975
546 706 6006
976 463 2275
13 130 40425
793 898 770770
924 814 50820
903 256 275275
912 597 13475
777 429 637
360 102 21175
462 933 65450
379 858 5005
292 11 55055
617 660 31850
826 306 32186
309 116 2275
817 747 1925
285 184 35035
843 201 30855
994 644 12705
901 605 4235
652 477 5390
713 938 31850
141 612 833
841 838 175175
34 46 10010
590 602 7735
653 626 29645
702 943 26950
757 418 1365
77 317 25410
631 491 35035
991 731 1225
929 987 6545
328 254 78650
510 38 1925
47 64 26950
58 975 13475
911 70 7150
960 494 42350
277 668 296450
723 782 6050
411 528 29645
35 272 444675
135 195 25410
740 389 105105
985 176 3025
835 818 210210
452 98 8470
672 15 2275
377 469 910
256 278 21175
990 451 21175
978 412 21175
410 478 13475
967 459 7700
143 103 21175
708 40 5915
227 197 980
528 562 11011
434 442 45815
914 244 525525
316 807 21175
933 634 42350
432 479 1925
693 841 26950
726 431 50050
543 395 148225
848 74 29645
566 595 55055
191 261 4235
949 687 13475
333 475 127050
658 264 59290
879 246 13475
957 917 275275
794 425 31850
182 673 296450
587 882 5005
707 755 3850
90 979 1925
707 685 1925
219 792 592900
69 253 26950
756 699 385385
692 72 39325
925 892 148225
382 503 25025
718 944 14014
430 439 35035
281 274 25025
534 233 63525
402 526 296450
96 666 105105
85 133 148225
881 338 229075
408 977 148225
770 758 275275
583 690 4675
10 694 26950
732 407 5390
409 284 70
446 798 7007
517 357 175
206 788 40425
117 866 13475
420 790 10780
711 178 444675
282 237 444675
890 966 29645
506 333 42350
438 490 5390
547 825 1925
647 235 592900
911 57 121550
271 783 4235
854 858 7735
446 633 77077
888 562 1573
570 198 719950
163 326 13475
677 346 66066
222 518 296450
76 452 110110
405 640 26950
863 151 4235
241 635 50050
284 701 245
483 594 59290
469 827 2695
451 516 296450
145 385 296450
706 487 231231
796 557 16170
21 774 21175
300 678 71995
338 892 13475
332 175 385385
412 716 1925
422 189 1001
388 327 3185
641 410 13475
51 339 215985
65 910 45815
165 138 29645
190 513 8470
689 441 3185
104 342 13475
669 146 850850
361 907 11011
538 34 110110
866 920 42350
834 569 5005
501 696 13013
887 336 26950
148 748 7350
235 845 296450
996 313 25025
44 676 21175
80 180 8470
875 455 296450
967 846 50050
762 624 29645
322 490 77077
699 145 29645
824 571 1155
810 160 29645
680 962 148225
370 314 5390
303 290 5082
120 606 2275
225 982 444675
713 301 20825
743 396 143990
648 419 148225
628 298 2695
277 570 42350
804 698 10010
419 401 148225
59 17 26950
509 750 127050
304 240 325
779 137 770
790 309 5390
961 851 29645
783 394 55055
450 427 2730
457 605 275275
142 353 1463
739 343 91630
460 288 110110
85 471 148225
457 642 8470
335 884 7007
533 878 29645
950 812 13475
36 294 124355
629 147 935
753 406 59290
815 514 42350
336 181 229075
647 450 1540
289 232 148225
492 901 71995
673 934 148225
196 687 148225
513 86 35035
821 297 13475
710 766 29645
287 12 444675
882 859 25025
172 44 55055
111 614 770
230 963 110110
427 368 7735
572 9 8470
943 629 25025
690 923 3850
931 207 70070
592 859 25025
532 775 11011
495 939 296450
560 741 6050
729 473 177870
397 794 2450
806 867 70070
623 204 385
700 648 63525
348 341 10780
246 607 70070
189 157 91091
977 765 385
398 631 2695
241 250 350350
72 150 825
224 579 2730
554 903 5775
787 155 148225
837 387 77077
454 83 275275
42 951 5390
589 28 29645
899 349 4235
922 386 385
290 114 2618
398 101 21175
954 737 13475
15 898 35035
816 746 5005
435 169 25025
426 916 83300
276 899 25025
16 772 10010
952 329 1078
777 229 1547
202 262 30855
122 532 17787
278 337 148225
275 49 29645
573 682 325
727 952 10829
255 78 13013
368 990 25025
739 753 5390
534 684 26950
121 884 5390
622 974 5005
489 64 5390
384 639 11858
234 126 2695
593 402 148225
433 752 5005
518 28 148225
511 763 6545
53 350 13475
849 915 38675
326 127 1225
568 847 10010
748 39 80850
466 797 19635
734 502 385
150 683 850
73 850 4165
53 506 25025
7 623 39325
87 537 2002
123 273 1155
870 285 29645
621 626 8470
857 106 8085
166 651 40425
67 556 59290
769 730 130130
477 199 14014
112 624 77077
968 174 385
560 913 15730
380 657 2975
636 614 21175
839 576 4235
386 684 26950
193 889 444675
258 485 70070
370 112 1078
50 845 148225
937 574 21175
588 999 30030
259 363 4235
603 829 127050
615 23 25410
152 325 70070
258 714 26950
897 138 29645
886 692 51425
780 314 6545
243 921 13090
376 399 65450
827 724 148225
630 656 10780
420 283 4900
489 541 55055
923 99 4235
205 470 3850
486 348 1694
177 635 50050
435 185 85085
521 909 1925
797 694 5005
80 733 5390
144 365 1155
895 905 910
971 949 26950
776 550 32340
92 596 13475
5 7 102245
541 507 71995
533 861 29645
318 619 21175
118 92 148225
456 461 4165
365 334 8085
908 357 1870
523 542 1573
52 941 17765
391 88 2695
33 390 296450
566 686 21175
711 581 21175
272 789 444675
429 385 8085
625 705 50050
389 663 8085
816 335 39039
691 742 2926
413 191 2310
315 855 770
245 171 42350
1 848 71995
622 842 1925
891 76 1694
243 864 385
307 356 2695
13 215 40425
955 537 847
639 192 5390
62 980 350350
994 128 5005
116 114 455
497 741 3850
496 507 5082
752 447 6545
37 106 7007
594 424 592900
358 430 385
822 885 88935
736 918 13475
718 505 119119
481 200 385
689 414 175175
928 125 7854
418 273 46410
610 548 59290
820 558 91630
98 102 71995
470 445 32725
805 242 148225
340 714 11550
535 762 148225
445 992 5775
362 596 525525
249 833 26950
129 279 88935
476 157 21021
613 855 5005
710 894 7007
200 997 1330
976 525 9975
43 643 63525
870 330 29645
4 321 5005
220 434 155771
303 108 15730
703 676 13475
186 536 770
343 280 26950
56 497 80850
970 981 42350
142 633 539
274 814 5390
683 104 2275
552 308 1210
641 495 148225
707 354 42350
515 56 13475
32 928 5005
959 947 21175
217 166 8925
101 203 10010
768 598 70070
620 808 80850
883 269 25025
448 323 29645
132 248 11011
488 384 14014
140 525 5775
251 617 15925
408 79 148225
793 742 8470
969 856 153615
210 675 1925
800 253 40425
136 207 2695
583 813 60775
252 755 45815
586 16 55055
893 25 3675
296 581 1870
836 362 1925
886 778 42350
956 772 10010
527 568 385385
223 381 26950
555 784 35035
14 857 80850
771 363 2695
453 82 592900
627 6 5005
628 66 105105
405 962 148225
983 549 88935
334 769 5005
110 691 2618
998 498 15730
396 863 8470
304 865 7735
795 776 16170
995 638 35035
696 355 30030
170 803 13475
247 214 59290
269 287 21175
940 93 60775
965 444 14014
838 293 13475
953 514 6545
161 818 2310
259 144 110110
297 89 3850
70 719 50050
880 659 770770
305 868 6545
26 318 21175
591 941 935
2 313 7150
48 792 296450
183 127 95550
883 993 5775
8 824 385
352 717 29645
765 105 13090
984 187 42350
210 767 475
71 873 175
377 847 11830
310 100 175175
573 722 71825
745 529 1547
105 55 170170
679 27 32725
871 93 50050
121 796 5390
261 327 6545
473 917 4235
832 364 110110
709 151 32725
515 986 4165
508 972 3234
487 698 7007
50 369 21175
75 526 148225
716 431 50050
931 862 26950
107 671 1925
519 208 1925
351 486 11011
392 862 296450
276 154 175175
746 123 1925
958 823 21175
973 97 3850
956 744 5005
165 332 385385
897 19 17787
468 62 25025
732 179 70070
426 657 458150
935935
2000
1798 1471 51425
1184 67 605
1386 1503 8470
1224 1908 4235
1849 325 23595
1775 1460 10285
1551 1590 2299
1900 1969 2057
20 1288 69938
1800 1987 20570
999 1570 47190
83 1606 2057
75 1332 10285
306 1467 14399
1599 375 160930
298 639 1815
228 204 14399
1119 1955 1694
771 942 2057
1995 414 39083
1109 402 2057
1883 1291 12342
1423 972 2057
1158 1499 10285
1283 151 43197
982 403 847
1670 1380 820743
164 1707 71995
303 790 4235
438 201 11011
305 647 43197
1765 939 12705
1665 198 22990
1227 232 100793
1033 1430 2057
475 1676 32186
103 1253 80223
211 1097 10285
366 1731 91630
321 344 16093
1217 688 40898
1703 1524 10285
311 1319 121
991 1261 55055
1430 1563 43197
338 107 4235
1949 1993 69938
1708 322 35574
354 203 11858
1608 1177 7865
912 781 4235
183 1166 6171
755 1088 14399
1567 1323 2057
224 1408 10285
707 1965 143990
365 222 605
498 1356 10285
1279 51 503965
1706 434 4235
473 1628 12705
1890 797 71995
1585 1154 10285
1418 777 5929
1013 443 10285
533 1348 8470
313 466 43197
548 964 2299
732 311 4598
795 332 14399
202 1829 26741
1856 1214 121
1344 1443 39083
165 1145 11011
1783 922 22990
1967 789 6171
1675 1907 16093
1739 731 39083
553 694 11495
821 651 15730
1223 865 8470
178 136 847
101 225 2541
851 926 39083
1488 1289 71995
1326 1871 16093
1090 1550 14399
1474 1586 8470
1964 288 14399
234 1837 71995
165 1146 14399
1226 4 2057
1796 390 2541
1692 722 26741
1029 1375 9075
1609 1994 174845
867 80 39083
122 764 935
562 63 34969
1582 1489 33033
1485 318 1573
1714 823 2057
281 995 2541
918 1365 34969
822 622 2057
57 117 39083
510 703 10285
47 1486 2299
1888 1812 71995
1054 1249 4235
1954 336 11495
908 910 2299
1933 1512 8470
1991 1364 935
734 219 2299
137 1031 39083
1096 1425 23716
352 1110 39083
1473 1329 4114
1044 787 10285
811 261 8470
663 716 48279
31 1600 121
1063 779 4114
1404 1882 14399
664 512 847
274 514 2299
824 1309 39083
932 829 34969
1164 588 847
961 1267 2420
1941 1138 34969
15 590 69938
1803 951 2299
315 1305 2299
1415 1478 34969
512 1641 33033
28 680 14399
1487 1874 195415
1633 896 12705
886 494 2057
787 1966 8470
239 767 39083
210 757 14399
451 1274 11858
595 617 16093
1272 290 4235
524 260 2299
1728 1062 39083
1919 1168 16093
1806 522 4114
783 1631 28798
1439 1737 14399
1874 1877 2057
380 1125 4598
898 1026 34969
497 269 847
1172 1184 14399
1059 1220 71995
412 884 22022
171 1800 39083
1371 721 4235
215 1173 2299
671 987 14399
818 1453 14399
264 230 4235
700 820 6171
185 115 195415
1261 679 121
1653 446 11495
1885 1040 1694
1547 1253 847
226 833 15730
515 143 6171
1791 1308 6545
1447 1091 48279
1029 1410 6050
1910 1637 2057
1481 521 22990
1469 259 14399
1221 231 2057
429 1151 59290
1563 1412 20570
1041 1681 39083
758 1544 20570
1881 141 39083
1401 880 78166
1696 465 14399
37 954 10285
1181 1320 69938
1388 1904 242
1735 1572 195415
47 1004 1694
1574 1521 273581
925 804 8470
1584 1072 10285
870 1818 86394
1945 103 121
1606 461 14399
741 1665 10285
1327 1208 2299
32 10 11011
793 13 174845
808 177 8470
309 1592 71995
1516 265 71995
1241 1243 59290
1161 635 32186
1916 682 2299
1948 782 4235
1511 860 14399
919 921 2057
320 1256 847
334 1962 4235
1510 1730 57596
55 1371 30855
1741 360 32186
433 1864 201586
128 1892 57475
680 1699 14399
586 1629 43681
1383 385 847
242 278 121
1141 298 1815
38 37 4235
1155 1681 742577
1945 423 11495
1156 557 8470
1363 1613 16093
1583 1406 11495
1672 725 14399
599 1047 17787
767 366 1309
156 439 605
411 1774 1573
423 291 4235
600 689 22990
318 299 6171
736 796 34969
1608 1971 10285
658 1658 34969
292 1465 187187
751 791 4235
527 276 96558
889 1626 5082
715 800 10285
1384 745 53482
1449 1002 10285
1701 1305 11495
1626 1479 11858
1036 565 20570
907 903 10285
732 1301 10285
373 627 1694
629 1782 605
1643 729 4114
861 1988 7865
196 1043 8470
1560 1624 2057
1596 1012 605
1632 1635 34969
344 1650 2057
1571 1689 1815
36 1265 16940
812 164 4235
1053 692 5929
1145 449 847
1705 1419 14399
1320 539 69938
459 874 139876
373 284 33033
978 1991 3630
1326 1579 5929
119 398 14399
1937 1887 209
230 1163 29645
557 992 2299
174 1677 3146
1257 927 32186
1850 1495 1210
447 809 71995
844 1774 4235
648 1642 209
913 723 6897
1835 1126 2057
877 884 28798
1222 1741 4598
763 734 2541
1132 392 5929
1904 863 6897
637 1826 16093
1910 1308 2057
887 1921 4114
756 535 2057
499 595 547162
1811 716 11011
1344 450 39083
1816 484 847
1230 535 30855
1972 821 7865
560 139 8470
1631 1445 71995
199 938 11858
1276 1131 847
626 1664 43197
1526 425 5929
1807 1124 498883
353 1417 726
858 229 6171
685 1908 1694
238 1456 4235
1295 1218 244783
1535 1284 363
180 578 20570
1335 339 28798
1148 630 11495
1293 1361 2541
1068 881 71995
1352 965 241395
160 193 34969
1248 988 605
612 203 4235
1450 1178 25410
1092 1224 63525
718 1949 104907
106 1187 4598
1174 916 726
455 792 11011
1345 14 39083
1721 967 2057
1899 930 4114
1342 944 4235
1074 995 847
1041 1188 14399
1421 1645 22990
810 1589 4598
1519 1182 2057
470 1845 605
894 1028 10285
1892 521 11495
190 915 847
123 550 2299
1311 1714 2299
1275 361 71995
46 1160 11495
472 871 117249
915 885 10285
1905 1876 349690
1364 1926 24871
1198 888 14399
1142 1102 10285
397 1650 34969
1099 1513 14399
1498 1507 16093
1866 718 2057
833 645 55055
1468 569 273581
1494 509 2541
1392 1617 664411
802 544 174845
1791 317 17765
1941 235 2057
343 576 21175
1565 1427 847
536 1102 10285
1379 561 174845
1225 909 39083
324 1268 4235
402 649 71995
278 1093 154
762 1114 2299
1797 966 18150
1441 1284 66671
372 112 78166
572 1972 55055
1779 275 10285
201 388 16093
1453 295 71995
1061 1167 43197
1462 1525 14399
1482 1074 29887
459 1098 69938
922 768 22990
587 1543 104907
775 1604 4235
1357 1786 39083
1085 1398 80465
1999 488 1210
319 1288 10285
753 16 5929
330 573 71995
1677 927 1210
895 984 11858
545 1079 847
830 1407 4114
993 761 143990
1697 538 10285
645 235 55055
814 1302 28798
1565 1142 1694
412 1858 8470
1938 620 4114
1386 701 3630
1437 518 2057
173 1986 1815
1795 917 11011
841 971 14399
1120 1755 43197
1516 1199 847
399 1136 143990
1956 688 11011
1560 771 195415
1576 30 11858
124 878 11495
941 1115 14399
472 1393 12342
111 17 4235
1330 598 605
1030 1073 8470
1749 1241 847
1159 207 4235
379 1068 10285
1959 1683 1694
310 603 4114
818 1437 39083
649 1314 29645
395 248 605
140 1497 719950
410 1222 4114
1513 1973 10285
1603 293 209
1117 1422 16093
1912 601 34969
1792 774 143990
349 730 25410
1252 484 2299
282 1644 273581
65 677 100793
258 1019 4235
415 1870 4598
847 937 16093
473 1095 847
1768 1666 2057
1036 606 51425
93 868 4598
896 1661 33033
488 1833 359975
241 286 2057
607 1709 61710
1329 1712 39083
949 328 10285
1162 347 174845
1922 33 20570
1753 1395 1045
454 832 2057
503 1226 39083
538 1049 2057
1479 386 14399
54 1454 7865
1113 56 847
1658 1277 244783
1370 931 10285
35 632 3025
1558 1061 605
1540 1359 16093
35 629 63525
1789 1678 627
1700 200 14399
558 1577 10285
1526 1683 29645
647 953 215985
639 1264 482790
60 664 14399
31 904 2299
723 741 847
1961 255 244783
505 583 359975
1573 1508 6171
1186 1581 2299
95 581 4235
169 1166 1573
1258 611 2057
1493 1428 8228
1880 104 16093
147 620 121
101 1491 77077
172 712 1815
1725 69 195415
494 1191 4114
1490 1097 14399
1634 468 242
263 152 26741
79 1362 1122
657 1549 28798
476 929 195415
18 279 10285
1475 53 39083
921 363 11495
436 1548 39083
359 623 10285
233 1521 2057
1758 251 48279
256 1827 10285
1873 1618 71995
244 1190 2057
26 1758 16093
1862 1208 2057
1203 749 16093
1228 502 112651
122 785 935
525 1682 244783
667 1756 10285
1543 446 2057
105 1773 2057
1889 1840 2541
765 890 63525
189 1538 503965
1790 124 605
817 1276 14399
382 238 12705
1894 202 2057
163 1647 45815
1455 1660 39083
1994 1585 349690
1259 894 51425
1591 577 16093
1906 1449 3025
1990 277 385
788 1771 2299
1761 1209 10285
1350 955 11858
166 1132 14399
674 92 34969
1484 555 69938
257 686 59290
129 1263 51425
1702 852 22990
616 76 43197
1195 1554 4235
744 1336 80465
1416 365 4598
739 925 59290
1312 1960 3146
1103 875 16093
1118 1968 4235
1427 1773 30855
672 330 71995
1210 452 7865
98 1689 2057
655 379 78166
565 636 10285
1001 394 244783
969 1341 14399
22 1411 847
871 1082 14399
1605 1857 71995
1954 1705 605
1076 1089 2541
154 301 3025
1860 144 563255
798 1343 14399
404 1765 16093
1754 1200 847
1987 989 34969
678 582 10285
1504 58 1815
296 877 273581
495 1412 20570
274 729 2299
411 616 2057
886 1165 117249
315 1042 2057
622 1885 2299
530 812 4235
549 1603 12705
367 634 20570
1980 224 71995
1115 1322 14399
1285 477 5929
286 619 273581
720 1393 2541
495 1914 14399
188 1383 154154
1318 1149 4114
77 401 2057
1028 945 1210
1561 1532 41140
1368 364 11495
120 98 4114
1330 552 133705
743 1939 20570
703 413 8470
517 1304 2299
478 284 847
1541 252 2299
1406 893 11495
1865 1018 71995
1961 1234 14399
1772 1737 14399
456 1965 1694
339 567 20570
1761 1814 11495
1752 524 6897
1304 1491 4235
980 560 20570
1458 1595 155771
778 155 847
1695 64 2299
73 243 2057
1690 1990 40425
1104 1694 110110
1733 378 2057
1381 832 28798
460 683 1210
414 1983 2299
138 1736 5929
137 1899 39083
669 1943 11011
85 89 20570
272 187 2057
1246 1202 14399
581 1952 55055
314 696 847
1559 879 2057
1231 973 4114
1296 1353 14399
1546 662 8470
603 1706 4114
5 1687 39083
1531 1220 10285
1620 947 29645
327 953 12705
621 1425 450604
129 1063 143990
1121 1008 6171
1091 326 6897
1234 638 14399
1338 1571 4235
1549 631 20570
342 1975 2057
699 1625 2299
54 469 2057
1105 893 4235
56 1398 80465
1864 592 14399
923 1313 34969
41 191 2057
607 583 71995
1066 1324 4235
295 844 71995
1023 537 69938
1205 695 3971
1394 1847 215985
1474 841 4235
1161 1092 4235
148 1786 195415
153 262 39083
914 1070 39083
292 840 605
1927 1316 59290
418 432 14399
1468 1815 14399
281 300 187187
1372 1069 4598
1080 87 28798
1698 876 14399
1169 803 143990
1828 1317 11011
579 614 8470
96 1054 847
1177 546 4235
786 1587 121
704 1590 847
334 1757 10285
1615 1075 26741
1808 798 605
352 254 10285
540 1784 10285
1307 1931 242
1336 1045 5929
1134 502 847
1286 294 20570
701 587 37026
1365 131 39083
9 383 2299
1117 1338 1694
1378 1555 39083
1950 282 16093
1977 636 71995
384 218 4598
707 167 42350
421 439 14399
866 834 133705
95 409 2299
1517 861 605
1168 801 2299
909 1411 30855
774 850 14399
1734 1980 10285
591 963 39083
1157 719 563255
50 806 2057
1537 1998 100793
134 849 11495
1985 1522 43681
1323 902 11011
168 1315 209814
1769 761 71995
1736 65 5929
1784 846 3630
1805 1903 71995
1237 1402 14399
1170 1534 22990
772 828 935
1144 1555 2057
746 575 14399
1587 1470 133705
1713 742 32186
362 1917 133705
396 451 4235
814 1269 14399
717 428 2541
1855 1348 30855
249 269 55055
1771 695 218405
974 1778 847
999 1483 26741
209 1728 2057
1788 835 2299
670 1869 2541
1352 1780 11495
177 1078 8470
1988 1331 2057
1205 1789 67507
1884 288 2057
1139 938 11858
1254 1472 244783
1157 1122 29645
613 781 14399
1277 1539 14399
1609 563 174845
1813 745 1694
777 1083 22
1976 1719 16093
1193 948 3630
1351 986 121
876 1363 16093
1985 691 2299
1450 1290 63525
1578 1056 16093
547 1409 14399
838 1262 11858
1429 401 22990
1958 375 605
1710 364 4235
1716 465 16093
262 908 39083
618 642 71995
869 1249 14399
312 1834 3179
8 1643 57596
389 1979 24871
675 1958 2057
1884 805 4114
1435 323 4235
486 654 11858
1745 1657 14399
1699 333 20570
658 1395 3553
1264 1531 605
1625 1273 80465
1545 1293 12342
1116 1823 2057
171 25 273581
112 650 117249
1978 1808 2299
799 1970 29645
152 1133 4114
237 1397 847
831 980 39083
685 531 4114
467 420 110110
179 1636 14399
1009 1839 11011
133 568 847
264 1953 26741
1219 1720 10285
1859 753 14399
368 1109 6171
425 665 11011
526 1675 11495
357 1674 14399
1361 169 2299
559 227 28798
1718 208 22022
1100 265 2057
1820 1673 187187
1866 1483 39083
1673 1963 14399
1259 1805 71995
1567 1246 34969
266 532 847
525 1046 14399
1175 508 4114
1292 329 11858
1442 1242 10285
277 1940 16093
1788 758 12342
1198 608 215985
40 1370 14399
1397 1955 100793
1204 1759 71995
1825 1520 71995
1368 1836 22990
1538 1457 71995
830 1742 39083
2 711 6545
1124 825 847
1701 1015 10285
1830 217 34969
1473 290 2057
1409 116 302379
976 283 2299
449 1049 4114
1387 646 14399
489 253 165165
1255 1793 605
1164 813 33033
1851 719 29645
1509 1523 503965
71 1898 10285
691 1452 26741
1003 302 6171
1487 78 2057
1377 1895 55055
1328 229 23595
326 1557 6171
1360 430 14399
555 70 489566
61 905 4235
1176 340 1694
1057 1072 2057
865 1896 4114
1114 728 4114
1694 1939 8470
1217 374 15730
32 1717 1573
1586 640 61710
186 1107 29645
960 862 16093
1170 1297 4598
1462 1016 11858
711 1581 154
1630 1152 847
406 1655 195415
1196 319 4235
1599 302 605
1909 1527 14399
1381 1920 16093
709 1927 1694
1245 15 4114
1502 441 2541
556 964 847
146 1178 4235
1533 968 22022
1863 1194 6897
589 1123 10285
1247 408 11011
1493 1173 4598
982 618 11011
615 1967 2541
1740 1346 10285
854 67 11495
130 1651 102850
107 1815 935935
708 76 14399
191 826 14399
1294 975 121
517 933 131043
1064 1928 71995
1992 145 34969
1816 1016 385385
1470 1165 4114
3 376 43197
1340 1652 5929
805 308 4235
1221 1616 273581
578 1207 10285
380 467 484
1500 1011 242
1514 260 4114
705 1883 605
1216 714 2057
456 1762 154154
1744 271 26741
1997 1604 29645
1150 1228 5929
1790 147 165165
1186 958 39083
1038 256 195415
640 424 605
1175 368 26741
1497 1153 71995
283 1597 4235
1219 1897 28798
1213 1433 52877
1401 644 28798
55 252 1210
216 1478 69938
121 580 43197
1376 1434 10285
813 1380 48279
1459 7 195415
784 335 55055
1032 854 39083
1275 1975 2057
1140 1840 4235
1060 778 71995
312 828 7293
1558 808 1210
996 1180 48279
221 42 2541
1500 1556 32186
100 963 1694
1303 369 847
17 6 30855
1807 1821 847
1287 974 77077
694 1419 726
888 461 273581
314 1193 11011
1601 820 4235
1129 1731 45815
738 1489 77077
343 1333 11495
1938 1533 8228
1886 1369 4235
1906 1831 55055
547 1862 4114
627 760 14399
400 199 231231
1913 920 2057
957 1775 26741
726 138 100793
506 1000 53482
1201 901 605
1978 624 2057
452 1855 11495
1655 1183 195415
99 86 133705
1442 487 11495
1742 551 14399
1905 1322 2057
1826 175 2057
816 528 14399
1827 23 71995
775 1191 10285
906 1439 10285
1039 1334 28798
285 1735 605
1325 1724 4114
928 1292 59290
1646 1553 2057
248 1777 2057
659 780 267410
613 1024 4114
1819 458 16093
1834 332 14399
245 674 10285
237 460 11495
1801 634 14399
1034 370 2057
600 836 11495
972 1601 2299
632 878 51425
1638 1189 847
879 316 244783
48 1857 4235
1131 140 4235
1687 1634 242
1669 1594 14399
985 1942 14399
1085 900 22990
1664 384 363
94 906 4114
1667 501 4235
11 827 5082
19 604 1573
242 702 2057
163 1802 19635
770 924 1694
687 633 39083
677 1713 5929
1597 250 17787
131 1810 117249
285 1539 25410
912 682 11011
393 87 14399
212 341 14399
759 116 302379
1452 777 847
859 1678 363
763 1390 43197
1257 267 14399
1900 64 14399
1984 561 10285
1562 1602 43197
1747 803 1210
1438 422 34969
491 784 10285
1781 170 174845
1346 41 39083
692 217 14399
150 567 10285
542 1286 2057
1137 610 1210
1901 836 2299
824 507 2057
1726 307 11011
391 1025 2057
646 1192 14399
1356 1933 6050
1794 655 726
1768 1914 39083
1870 1071 4114
1819 1366 1694
946 1420 86394
289 387 56265
1108 751 143990
1895 1640 143143
1281 442 11495
1211 474 20570
469 443 39083
322 1 11858
331 485 2299
786 453 4598
1984 621 1694
791 837 80465
189 676 503965
233 1667 26741
712 1424 6171
1781 40 2057
1977 1923 71995
139 1551 34485
75 13 174845
1010 1112 11495
546 1138 14399
699 211 2299
381 1749 48279
752 519 3553
1136 1347 847
86 660 51425
1461 1290 12705
213 586 11495
1792 1619 71995
881 681 5929
1849 700 6171
186 1111 17787
544 671 34969
1911 721 4235
1709 780 20570
1647 1738 45815
1101 1233 14399
1342 1916 2057
1050 1934 39083
1865 1996 12705
1127 579 29645
52 1421 4235
1925 696 43197
1291 1921 4114
228 1718 14399
125 142 34969
310 1057 86394
971 1005 14399
1431 1887 2299
1464 77 14399
1940 843 22022
1507 1235 2057
1799 399 14399
12 1947 39083
1873 1358 14399
670 43 5929
478 548 10285
1396 1480 39083
247 1373 16093
193 1106 2057
920 1266 20570
747 516 55055
599 1282 100793
513 668 187187
1782 475 4114
1105 530 275275
1402 1536 847
421 1059 28798
1137 1562 242
1192 749 4235
350 1829 1573
181 851 34969
1861 735 88935
74 892 1694
1505 1707 43197
504 1767 34485
1619 144 29645
1918 328 195415
943 90 21175
1850 868 25410
1993 1444 10285
114 1778 8470
631 743 102850
126 1854 390830
1854 1431 2299
136 1912 39083
1107 102 59290
839 656 20570
149 1139 154154
99 457 2057
1712 853 14399
652 829 39083
194 1443 32186
684 899 78166
356 1569 4235
1090 1149 273581
1195 1313 2057
842 1046 25410
1610 1008 6897
697 1882 14399
1868 1956 2057
1615 735 847
1515 1354 22990
1668 57 20570
1974 997 14399
1112 1995 13794
1240 1853 2057
706 690 6171
752 293 3553
426 1832 71995
428 29 2299
117 212 2057
392 1746 11858
1058 541 4235
1743 1530 34969
187 532 187187
1621 697 244783
653 239 2057
1235 69 2057
417 358 2057
1216 669 8470
1776 1250 2299
564 393 48279
1680 34 2299
405 45 847
1457 435 847
450 571 78166
1913 1656 2299
569 72 4598
994 127 4114
822 1901 11011
1069 1527 4114
218 1715 10285
1382 1535 20570
215 592 2057
724 176 12705
895 853 29645
1404 1963 71995
480 933 305767
1423 369 28798
1690 1206 55
79 347 34969
1067 1798 174845
1003 1461 4719
1998 1391 28798
246 573 6545
1121 1126 215985
1501 983 29645
952 394 244783
91 1838 30855
1111 481 5929
1197 1355 26741
345 970 34969
4 1426 10285
205 1021 4235
243 1568 26741
1086 111 11495
1561 1343 12342
231 162 2057
226 1018 605
1076 1413 4235
617 1032 2299
1296 1989 1694
30 1060 8470
870 1440 14399
564 1745 847
597 687 4114
755 919 86394
594 1081 4114
1477 294 605
1418 1595 27489
615 1247 55055
957 1776 847
1392 998 2057
1134 128 605
989 1309 39083
594 575 61710
1334 297 32186
1542 1282 29645
515 1607 6171
541 1233 14399
1252 1379 2057
1289 440 71995
1496 1508 9438
166 1441 605
651 1432 11011
1632 1394 6171
839 418 26741
808 1853 605
559 1669 14399
490 1026 34969
1428 1020 69938
1079 46 2299
158 609 71995
1544 1141 20570
1641 1750 12705
427 537 34969
676 183 14399
1570 1015 7865
750 589 21175
576 1964 71995
153 1806 14399
902 1433 847
1672 1460 2057
1723 94 34969
1920 1812 847
1574 913 78166
1283 979 14399
858 961 4598
1559 710 2057
196 1763 1210
444 514 14399
479 73 10285
923 96 39083
598 1542 8470
27 959 100793
1278 740 11495
1793 234 10285
748 1611 7865
681 1552 16093
1463 60 6171
1523 1686 14399
725 1447 12705
355 1254 14399
1982 873 28798
1648 1838 39083
1746 1071 8470
1231 940 2057
1080 1959 5082
855 105 14399
939 236 4235
838 1557 14399
584 1593 14399
491 1415 174845
1880 479 14399
1580 1416 4114
611 132 121
1081 1413 14399
1654 1133 4235
24 1973 34969
485 1942 2299
1671 1750 16093
799 1143 1309
1646 1889 39083
588 53 2057
214 28 20570
1576 1867 35574
1711 1720 34969
885 1405 10285
978 1359 16093
1833 496 4235
570 1040 118580
476 945 1210
977 545 10285
571 554 4598
424 1898 7865
1649 480 43681
643 810 10285
327 1445 4235
113 84 28798
1971 154 4235
1512 1347 5929
500 1702 1210
1747 1836 15730
1349 1591 820743
1466 1869 18513
359 1893 39083
1455 1785 39083
251 1082 4235
1104 493 6050
303 596 21175
1888 850 14399
1160 1951 605
1223 1400 4598
1529 1349 48279
1847 85 10285
1787 1232 2541
1269 857 10285
214 1684 20570
948 863 6897
1704 1067 34969
709 1763 78166
1429 856 605
914 148 39083
1752 1499 4114
910 1377 605
1762 1339 29645
337 1012 2299
666 979 10285
1894 536 195415
727 628 41140
633 1751 363
1684 493 22990
1267 807 42350
1692 141 2057
635 420 1694
648 638 26741
432 1509 100793
993 1930 71995
715 819 209
1547 253 4235
1310 1095 446369
556 240 11011
1399 383 2299
511 1997 112651
976 935 2299
952 337 14399
800 405 1694
173 1824 121
698 1739 10285
336 206 6897
247 0 14399
355 1770 71995
1545 551 34969
1534 297 160930
1367 385 2057
184 819 6479
482 1841 5082
1042 570 5082
195 849 10285
1113 1879 847
419 1733 39083
167 1809 21175
996 899 6897
1649 1536 2299
656 400 847
1476 1957 71995
1725 522 10285
1403 72 2299
417 1448 6897
143 433 14399
746 720 11011
1007 1152 55055
470 1982 847
891 1181 2057
225 843 14399
1119 733 16093
1970 550 1694
210 1130 14399
887 1600 215985
1878 1459 10285
543 58 605
146 227 71995
926 1566 39083
1846 1244 2057
891 642 14399
1506 100 8470
431 945 1694
937 794 2299
1795 220 847
1660 1602 14399
1422 602 2541
360 1969 78166
1931 827 22990
266 1764 847
221 1385 129591
492 1810 39083
198 659 1210
1248 992 2299
540 307 55055
1770 1968 71995
708 1239 2057
678 1077 71995
11 1456 28798
1962 1073 88935
20 1218 34969
1270 1340 5929
987 809 14399
1976 1333 4598
916 353 13794
156 1902 1573
1909 1153 14399
1907 1227 11858
1592 1511 14399
662 1410 102850
1917 448 2057
737 846 10164
666 606 51425
463 1270 100793
1307 1319 187187
1814 185 11495
523 1229 29645
1999 835 2299
1583 1369 21175
1668 1190 12342
1552 1685 14399
897 354 14399
1924 259 4235
826 609 935935
22 628 1694
1215 1000 10285
1174 74 61710
304 1659 7865
437 1212 112651
466 1589 16093
1162 1623 10285
1848 1378 10285
109 1154 7865
1674 453 6171
1078 988 143990
1796 917 28798
1528 663 80465
872 1858 127050
1321 1528 11495
436 397 43197
574 391 5082
1058 250 11858
1588 1732 385385
1436 14 14399
454 61 2299
1947 1891 2299
1935 1496 4598
1100 50 53482
175 934 4719
897 1502 14399
1530 950 10285
1002 1215 174845
1492 641 78166
1417 856 14399
1851 577 29645
27 1950 2541
245 531 26741
1679 1463 30855
1118 1966 80465
1238 1390 1694
1087 1017 11011
1618 1210 42350
710 448 273581
1639 1572 10285
1633 742 12705
1612 1785 273581
407 1358 39083
345 1953 34969
958 1128 1694
291 1537 503965
660 1182 71995
1845 1584 133705
1098 794 26741
1351 372 195415
903 519 39083
1400 1831 2057
1148 1044 10285
1176 1861 11858
860 159 201586
1610 275 2299
387 1146 4235
150 776 71995
968 213 847
160 240 10285
1716 108 847
1408 862 2299
1485 650 847
1486 6 2057
1820 1515 2541
507 142 69938
1598 1316 8470
377 1630 1694
602 847 29645
487 1034 2299
950 1373 2541
1086 371 10285
713 407 2057
273 1529 6897
1635 1760 39083
209 855 10285
1755 981 43197
929 1006 10285
119 323 2541
1541 151 39083
1598 610 20570
866 984 14399
346 51 4235
1212 381 16093
1021 733 4235
367 1202 12342
596 462 11495
23 1339 29645
857 529 2057
1360 1311 847
1070 39 16093
1446 1624 28798
18 1280 847
1828 1859 14399
764 1794 1001
806 1852 43197
1444 566 6897
1056 120 4235
268 44 484
1787 110 16093
1932 304 2299
1490 306 14399
1014 305 4114
1337 1093 24871
1922 965 22990
1389 1484 2057
1492 1244 14399
118 731 2057
872 158 4235
1318 1797 20570
1434 1331 14399
42 892 16093
426 161 6171
489 88 2541
162 740 195415
403 1077 1694
1477 126 605
278 184 770
942 605 14399
1458 1187 2618
1525 1934 2057
168 717 12342
533 1243 59290
769 1685 14399
1644 29 2299
1983 1930 363
1014 1011 4114
796 789 104907
1919 192 1210
969 1671 847
223 1879 604758
498 1726 847
207 1703 30855
901 222 63525
1957 1627 1870
83 1024 195415
181 97 69938
1 1051 5929
625 1300 10285
1981 1700 14399
1504 1294 71995
1875 438 14399
1035 1727 14399
5 605 39083
520 280 26741
71 108 20570
1844 529 11011
739 994 1694
1817 1783 4114
1087 1780 4598
1298 299 34969
321 510 1815
1532 1872 1210
416 1824 66671
582 1663 10285
1051 1936 112651
1048 985 14399
1101 1391 273581
415 1403 80465
1928 62 4235
802 254 174845
975 19 2299
346 1614 2299
1013 1122 71995
268 804 4598
1027 1197 71995
1915 1357 242
416 1451 847
483 737 12342
754 553 2299
1229 1860 29645
497 1023 14399
1804 1825 55055
788 604 14399
1876 1299 41140
1062 883 14399
1915 1017 847
16 947 59290
1389 1280 16093
977 1846 78166
36 679 4114
1183 492 195415
10 792 187187
1881 1823 4114
43 68 9163
1353 768 4235
91 591 34969
1129 481 503965
686 1594 2541
182 1839 14399
45 170 10285
1830 1171 39083
990 1103 4235
1925 270 11011
1258 313 244783
398 463 71995
1948 1242 10285
766 1321 2057
1454 1151 8470
1690 68 5390
1123 661 34969
376 1946 71995
683 351 287980
445 1729 14399
955 1708 201586
361 104 847
1695 1757 1210
1766 66 25410
890 349 12705
1593 1929 16093
765 1180 12705
1843 442 10285
584 641 6171
1108 1279 71995
1777 1150 14399
1554 693 4235
1842 730 12705
1494 273 6171
1237 1622 16093
501 962 5082
1837 1842 55055
66 1935 28798
348 714 2057
1696 1550 244783
1004 690 20570
1426 1639 359975
1278 1813 22990
1268 1185 29645
1951 132 110110
1766 338 12705
1679 1715 51425
59 930 1210
1645 1066 10285
1238 554 4598
82 102 12705
837 959 847
1891 1670 2299
869 770 28798
542 1250 4719
1651 1992 10285
713 1754 71995
351 1932 242
350 744 605
1564 1436 14399
572 1753 385
1936 842 5929
97 590 69938
705 458 605
1680 1325 4719
1605 623 935935
80 1196 605
1686 1614 12342
1710 513 55055
205 1255 7865
811 883 11011
1031 474 10285
1399 429 5082
1582 1743 2057
1265 371 1210
1022 223 2541
1556 1306 5929
1946 1006 71995
1748 1636 5929
1435 115 11495
1548 197 2057
1385 1156 12705
1659 341 14399
1035 782 1694
665 1341 14399
357 1676 8470
1169 178 847
1345 261 10285
673 348 71995
194 1263 11495
1376 889 11495
520 1414 4235
135 309 10285
486 1903 4235
506 1514 57596
954 300 2057
1053 114 55055
943 1324 402325
232 552 14399
3 1310 14399
1495 704 26741
981 358 34969
236 1287 5929
1607 331 28798
1476 654 100793
1048 1298 39083
1337 940 14399
130 1055 10285
1693 1251 100793
1315 657 4114
772 1803 28798
834 563 51425
1106 845 770
84 1438 28798
1579 1657 14399
1471 180 71995
435 1852 847
271 324 2057
1200 1863 2299
1052 762 11011
1019 370 4235
1272 1748 11858
1467 924 8470
797 1566 4114
1524 1299 143990
1194 934 12705
270 1147 1210
1688 1960 2057
1519 1007 2057
1332 882 2299
1868 793 34969
566 25 6897
1944 1262 154154
867 267 14399
1043 386 16093
558 1822 8470
1451 468 53482
455 155 5929
722 1038 10285
549 320 11011
1661 431 16093
527 1387 5929
776 991 12705
1482 1577 2299
1037 1760 847
1722 172 12705
149 1230 847
673 593 363
900 1510 484
1075 1374 2057
986 1096 5082
1981 946 71995
244 159 14399
1045 597 86394
499 263 14399
445 422 34969
1769 188 29645
1047 1520 847
1623 342 133705
1384 200 20570
33 1811 8470
1432 1723 6171
931 219 4114
523 815 14399
864 960 847
962 457 2299
390 1629 16093
329 1817 28798
1682 1793 2057
1986 1135 10285
1578 182 14399
509 508 8470
825 176 71995
1730 93 242
1772 447 14399
388 1025 2299
1240 1207 14399
145 333 39083
1159 626 4235
1653 134 241395
317 1719 3553
1147 1050 39083
817 82 4235
760 1144 734349
63 698 28798
1724 970 244783
1613 667 1573
882 21 1573
109 1848 7865
1844 110 847
38 911 11495
1756 1301 71995
241 904 6171
52 1271 2057
179 1396 39083
967 34 16093
1179 1245 1210
24 773 43197
1232 396 55055
689 335 605
500 1214 143990
220 601 10285
1084 1475 847
1211 614 20570
1407 990 2057
49 1856 2299
1281 413 4235
1893 941 2057
1656 1875 2299
1189 1163 100793
279 1729 26741
1841 874 4114
1094 1140 2299
471 783 100793
511 190 17787
1575 1374 71995
1835 1167 26741
816 287 847
1030 1300 11495
1564 1588 847
1617 1055 34969
1596 848 55055
12 406 39083
766 258 2057
1472 1867 14399
419 1382 39083
534 1809 605
1822 1759 29645
1084 1135 847
1924 1518 63525
78 1209 34969
1480 1918 39083
1501 1622 12705
668 49 11011
1213 612 2057
1569 1652 100793
624 1424 69938
0 1306 14399
1640 653 22022
113 197 10285
1722 1260 4719
1616 216 2057
1979 1328 363
1158 272 117249
1236 1890 71995
1688 684 10285
769 471 503965
1897 1366 86394
661 956 664411
125 70 34969
1274 1923 847
1303 1952 4235
308 1764 88935
1611 1125 2299
1335 1740 2057
1996 785 4235
568 1943 14399
1188 1297 4719
907 90 21175
133 1199 466697
608 1256 14399
504 325 3630
747 1505 14399
1009 408 33033
619 1260 6171
287 1037 77077
363 1944 847
1871 1886 14399
859 1517 71995
1721 1033 133705
289 672 605
726 1088 14399
362 928 4235
1367 1027 20570
1440 756 39083
1355 880 4114
1127 1648 14399
1179 1989 22990
1488 1065 14399
1239 823 454597
1446 1662 4598
1522 1637 22990
1621 1711 69938
539 444 34969
949 1691 10285
1663 815 69938
1285 625 847
1314 1116 12705
1518 1506 21175
1832 1005 14399
2 1130 1309
1727 790 14399
377 534 26741
516 39 847
675 898 489566
935 1878 30855
1155 1266 39083
1580 998 374374
1420 1697 14399
1317 276 8470
702 585 385
440 437 5929
706 1691 14399
1698 88 11858
356 652 2299
562 192 10285
1089 482 289674
1464 543 28798
528 966 8470
92 728 34969
490 427 174845
795 123 26741
905 644 14399
1704 410 244783
936 1001 34969
1568 505 71995
1896 1201 2057
1804 1350 29645
208 503 847
873 1734 30855
1843 936 174845
280 1327 2299
48 1751 55055
157 378 4235
1654 630 4235
983 374 4235
973 840 6897
956 127 34969
1638 574 12705
1466 1779 80223
848 911 1815
1974 1799 14399
997 773 273581
1732 1546 59290
204 1052 5929
1911 1767 10285
593 1405 2299
1821 1744 71995
44 1540 28798
81 1251 14399
1877 1171 28798
464 135 23595
1573 932 34969
1872 1185 55055
1553 1064 71995
1094 1612 78166
462 1926 3553
801 1065 4114
404 643 2057
257 637 5929
754 1628 2057
1295 161 34969
89 464 3025
757 118 10285
1575 430 28798
1010 62 4235
195 9 10285
409 1802 2057
864 1620 71995
1448 1372 218405
434 1465 847
1302 918 43197
1738 1128 5929
759 1801 100793
693 1203 14399
1498 496 847
1481 750 22990
1022 526 34485
845 246 7315
738 21 55055
1388 1902 28798
206 1693 847
1818 831 2057
81 296 14399
441 249 4235
852 1375 4235
395 1236 12705
1110 1020 26741
174 157 4719
1662 1354 22990
736 255 244783
1666 173 25410
1204 106 1210
1929 724 4235
1312 951 2299
340 1099 273581
316 1225 2057
1414 727 22990
748 518 12705
779 1172 12342
8 1120 86394
1717 301 11495
7 121 10285
477 1503 77077
382 1273 80465
26 1271 39083
59 944 110110
1039 1469 201586
875 580 2541
483 807 1210
1007930