9
7
3 0 900900
5 4 1330
2 6 1729
0 5 2100
3 2 2730
1 6 23
900900
15
11 8 117
5 8 585
7 13 34017
2 6 99
10 5 2475
9 10 855
11 2 153153
3 12 609
9 12 261
4 14 1395
1 6 957
0 4 69
14 13 9
1 0 897
153153
31
20 21 64350
12 8 285
15 14 150
1 5 31350
17 11 1575
19 24 34485
20 29 4950
1 11 825
23 24 6270
19 6 1815
22 12 34650
10 13 1575
29 4 71775
17 21 5850
0 16 75075
4 22 17325
2 23 2850
11 26 15
25 13 1575
6 27 75075
13 7 210
30 0 275275
16 2 225
9 14 4290
5 25 17325
28 9 25410
15 18 850
30 18 50050
3 27 10
10 28 19635
275275
62
60 27 237405
36 57 45815
53 58 467313
59 31 28322
32 33 3927
38 52 6545
41 2 4165
34 28 1911
1 36 9163
6 11 10829
0 28 357
27 45 4165
8 29 12495
43 16 42483
55 61 1911
12 35 1911
46 58 467313
6 46 9163
47 25 14161
49 40 147
26 15 7007
21 24 538118
42 9 1911
13 14 833
8 23 412335
7 54 27489
11 4 2499
39 51 1309
40 14 35035
33 25 45815
5 20 42483
4 47 42483
44 45 7007
30 32 102102
60 61 12495
12 1 1617
21 20 14161
17 57 2695
10 50 42483
37 5 4998
48 17 8085
41 3 833
42 54 7497
49 59 2499
48 7 137445
56 55 1911
18 3 7007
26 19 91091
18 44 91091
37 22 6545
16 50 467313
0 22 2261
9 34 105105
24 39 14161
31 15 4165
35 29 2499
23 10 12495
19 56 21021
30 2 357
13 52 14161
53 43 42483
934626
125
80 95 650
122 61 2310
94 32 3094
54 119 1558
50 29 175175
103 6 770
22 85 6006
20 111 2210
32 26 1734
5 77 18590
112 46 10140
62 52 27170
78 91 6300
77 14 2860
27 49 5915
90 70 1716
75 29 50050
0 100 8580
78 116 300300
74 9 10010
42 88 390
2 13 11830
8 104 910
60 56 170
47 98 10660
30 123 10010
119 23 770
62 63 48620
35 67 2262
111 79 1430
116 68 9100
100 88 8190
110 69 70
76 53 57460
118 34 165
98 20 1690
47 114 2730
31 52 10010
114 43 19110
121 87 15470
17 28 91
58 38 8190
7 74 455
4 3 2002
72 109 42
64 23 3850
108 117 78
25 37 2470
51 58 46410
25 45 650
1 28 10010
27 101 4550
82 110 60
76 97 11492
64 104 5460
109 50 15015
123 39 11830
13 55 59150
80 101 27300
73 11 4199
107 87 23660
92 1 4004
57 110 420
71 124 1820
44 108 910
30 91 350
42 97 4862
12 53 650
106 63 550
68 107 1820
102 6 154
91 65 700
10 44 58786
6 19 220
19 48 1254
84 40 10010
70 71 16796
89 113 109174
48 5 2002
117 105 7106
45 59 1950
105 75 110
38 103 2730
0 124 14300
59 120 128700
14 124 2860
38 57 210
7 21 1365
79 55 10010
67 2 598
115 11 43095
86 39 32110
83 85 2002
122 102 2002
15 36 2990
24 65 700
17 37 299
96 33 22230
60 82 4420
10 81 3094
93 90 10010
18 93 17710
16 113 676
99 41 14326
92 66 4004
49 96 1365
120 3 8580
94 46 1690
18 9 770
31 112 55770
83 24 10010
73 26 493
95 21 3575
15 56 1330
51 40 1820
115 89 8619
8 121 910
43 72 714
34 16 2730
106 12 11550
35 22 2730
91 99 30
66 33 1716
86 88 1950
300300
250
99 47 1495
152 22 55614
214 198 213
146 188 2028
150 13 627
113 211 14421
40 170 14079
18 50 33
235 187 19437
78 155 4693
212 87 261
213 183 2790
178 164 660
203 154 10725
139 31 279
8 20 85215
68 70 627
228 148 13299
125 60 6435
121 128 627
169 248 11115
36 223 33462
145 240 99
50 218 8151
1 86 5244
10 118 186
58 185 86526
166 49 234
148 48 279
133 231 20646
180 67 33930
191 141 1170
69 237 8265
203 189 12870
52 243 117
176 136 858
222 179 198
98 109 684
98 99 330
173 186 2622
238 95 20124
210 54 363
72 209 3565
175 188 2964
171 144 66
204 65 31434
200 79 6417
4 88 1653
134 53 7254
140 16 2964
62 122 7254
59 172 2223
76 37 3042
174 105 3774
201 76 69966
184 42 342
16 0 2418
73 74 2277
226 241 2178
193 81 2418
190 201 117
126 165 3999
60 11 2277
21 173 21204
58 101 2508
242 180 396
12 72 1173
227 74 2691
7 144 111
103 110 9
151 216 570
119 115 234639
125 237 495
205 221 2277
71 228 1209
114 56 92
17 185 1881
100 151 1710
239 84 62
164 90 310
227 235 93
123 26 8151
24 210 1419
120 212 1305
209 232 58
197 181 1846
7 34 2139
49 66 4290
89 198 3741
53 246 666
103 56 19734
182 234 1665
33 115 15138
233 38 2223
32 92 9918
174 18 318
192 22 7843
236 14 78
223 61 2574
211 81 15
143 160 657
205 161 207
175 4 1254
116 12 4002
131 25 3069
161 112 12834
28 91 17205
123 182 279
40 111 17043
133 39 138
21 191 14022
154 85 3135
166 59 3627
200 42 6003
55 11 627
44 77 234
134 149 10602
167 181 897
196 238 234
240 15 6138
41 27 22011
243 232 438
139 121 2574
96 248 117
64 215 3003
14 128 2697
33 52 4959
100 129 86526
206 163 1881
226 246 4554
129 10 114
229 165 1798
214 23 69
67 96 117
101 239 8294
9 97 10602
113 88 171
45 82 29412
171 177 41382
8 189 195
102 244 93
190 19 261
84 32 6
29 208 342
234 82 522
62 219 5382
138 197 10868
143 117 3069
57 63 114
36 79 5382
245 94 207
41 46 1287
167 199 1287
89 249 1305
202 75 3762
26 159 114
224 66 7150
222 233 2394
208 137 99
118 68 1209
97 124 1881
230 199 5301
142 85 645
170 108 464607
63 216 214890
127 215 585
83 135 1482
149 244 12834
176 224 1430
44 109 9918
247 132 2418
217 152 25668
156 19 2277
158 6 2535
178 2 1482
61 163 2277
219 217 4554
17 117 99
78 91 285
122 141 1170
138 242 1452
0 183 12090
179 110 11223
136 69 186
155 229 247
106 147 9405
83 54 4290
160 120 2691
35 93 342
80 145 45045
30 20 8151
45 172 3762
195 130 1287
106 57 7866
75 195 12870
51 159 222
112 107 387
140 241 198
157 114 710
24 73 4257
95 30 4446
71 231 5766
147 162 20691
204 146 1014
90 116 74
104 3 33
220 27 15
92 153 234
168 13 330
43 126 1767
119 107 261
93 236 774
28 86 510
218 153 3042
157 108 741
137 249 89001
1 5 342
31 48 153729
2 184 28158
5 207 261
65 6 19266
162 46 1287
39 192 667
51 29 6786
77 245 738
207 221 2691
196 225 85215
194 225 13
87 37 4446
43 34 2139
177 213 990
193 230 8649
9 23 3933
3 131 59334
94 111 20631
168 132 53196
70 142 2130
15 130 1089
105 80 66
156 35 2691
64 135 741
169 124 3249
247 38 3627
127 150 1311
104 187 429
206 202 3762
220 25 1767
186 194 17
158 102 5655
464607
500
313 346 84084
498 382 88935
36 411 19404
87 167 525525
39 40 97020
78 340 5733
52 81 5733
242 356 2695
134 424 80850
150 147 88935
285 434 6468
389 34 48510
132 44 4900
470 154 16170
265 261 242550
181 231 35574
249 378 16170
431 217 46410
458 16 22050
273 124 42042
399 219 485100
395 3 24255
466 439 35574
301 492 7854
111 170 24255
198 119 24843
174 476 16170
467 116 11550
89 493 88935
479 469 315315
150 235 889350
208 468 16170
71 130 17787
307 75 84
123 409 19110
191 95 35574
197 192 177870
277 67 48510
214 395 24255
272 108 9702
138 48 59290
336 38 16170
271 64 35574
255 178 14014
83 374 4851
225 445 6468
282 417 296450
476 165 9702
178 266 70070
425 164 8085
410 306 889350
186 270 3675
413 117 48510
263 135 80850
459 349 9702
421 234 35574
139 110 1470
393 428 80850
274 412 3234
495 200 18018
100 167 40425
159 307 2002
259 26 48510
341 369 11011
15 358 16170
235 265 80850
328 254 3234
283 196 8085
270 459 8820
383 380 177870
172 497 210210
204 202 126126
106 156 294
1 300 14700
65 481 921690
419 112 14014
81 406 9702
308 35 97020
91 312 3003
94 450 48510
402 305 3332
375 497 6468
109 266 6006
462 216 35574
268 88 882
396 70 7350
201 99 53361
100 272 16170
439 298 9702
12 343 8085
127 324 8085
84 58 5390
7 30 59290
462 239 462462
33 85 3003
330 373 11466
101 96 5733
364 180 48510
495 488 48510
27 436 15435
121 394 1078
258 45 2940
283 466 88935
131 87 8085
350 42 16170
323 379 490
139 490 32340
198 253 42042
354 6 1617
385 263 889350
474 279 97020
202 477 588
206 312 1911
389 227 88935
321 122 1470
43 31 286650
133 407 16170
173 51 88935
418 188 35574
305 348 32340
65 366 9702
491 103 5460
359 161 2940
463 326 735
280 475 97020
304 182 54978
214 326 24255
371 411 8820
384 136 16170
286 344 19404
213 113 266805
309 452 7007
187 119 1911
460 485 106722
215 187 21021
59 318 48510
367 72 97020
195 347 24255
422 323 16170
400 406 35574
302 130 11011
416 430 9555
47 61 16170
226 115 88935
24 206 4410
216 494 177870
186 438 8085
232 208 32340
22 386 16170
194 315 14014
199 295 889350
457 336 88935
429 215 33033
90 361 7350
297 415 16170
148 489 17787
268 303 97020
225 105 23716
257 379 34153
11 134 16170
49 417 177870
50 473 1617
291 416 4851
207 357 9163
383 308 32340
359 443 32340
471 325 105105
108 250 9702
128 211 16170
496 85 6930
174 267 19110
158 435 54978
56 115 8085
461 332 19404
151 290 42042
189 293 16170
479 347 24255
250 169 106722
451 455 16170
286 278 97020
21 441 70
230 143 9702
355 357 231
135 129 80850
408 341 10010
273 141 84084
17 28 23716
368 157 105
387 481 48510
155 233 24255
289 334 14014
360 27 8085
246 304 54978
15 350 210210
107 146 8085
374 92 63063
445 391 4410
386 6 42042
354 426 8085
140 293 70070
35 149 19404
91 63 30030
243 448 106722
327 145 59290
9 419 71148
287 315 42042
361 428 7350
444 321 1911
376 311 80850
76 137 1617
37 75 3675
385 55 889350
365 300 161700
474 488 48510
86 436 882
487 29 10647
136 345 4410
20 455 824670
456 454 59290
482 153 14014
223 229 2499
97 177 16170
475 367 97020
414 274 32340
427 458 121275
276 463 637
244 303 9702
401 209 242550
244 211 164934
313 23 42042
7 188 177870
252 230 9009
140 382 2695
183 469 24255
276 30 7007
165 78 5733
220 117 630630
319 245 177870
404 335 3234
222 270 42
5 53 21021
175 331 7350
311 152 16170
240 57 485100
459 162 6
290 201 35574
142 280 97020
294 388 9555
210 120 42042
124 456 35574
499 94 9702
125 161 64974
302 54 1309
322 8 5082
52 27 2205
493 175 24255
92 172 63063
185 143 9702
41 86 9702
437 166 32340
325 403 30030
66 42 80850
76 247 3234
241 21 80850
45 371 114660
468 356 88935
433 177 105105
363 109 1386
213 74 106722
316 366 42042
295 24 80850
261 333 24255
69 4 38220
316 9 16170
0 264 8085
34 103 8820
306 173 444675
335 353 16170
426 242 5390
88 333 7497
329 238 462462
144 223 1470
310 405 273
137 122 8085
41 349 106722
397 378 29645
401 480 16170
337 485 15246
484 376 40425
248 291 17787
145 97 16170
60 236 210210
49 32 17787
176 369 33033
212 339 11858
431 33 273
72 340 9702
257 197 539
255 18 42042
105 449 154154
77 181 14014
219 54 2310
110 63 2730
352 472 35574
163 317 3234
380 104 231
227 120 1617
203 53 273273
184 149 3234
194 457 2695
185 412 42042
152 207 14014
267 408 2730
128 66 80850
93 19 14014
14 296 17787
204 260 105
90 17 32340
446 156 70070
465 434 32340
205 398 9702
360 2 1155
309 83 35574
184 37 105105
330 26 8820
482 319 11858
342 282 296450
170 448 53361
155 0 121275
498 318 24255
443 346 84084
409 464 14014
435 228 3234
393 163 16170
195 229 21021
13 256 71148
381 71 16170
22 169 106722
483 123 32487
362 418 23716
477 365 2940
118 338 11466
433 160 105105
191 410 177870
299 392 8085
239 101 21021
59 182 16170
12 189 121275
384 486 35574
342 212 118580
25 144 16170
146 460 24255
377 251 1911
129 288 8085
248 68 2695
116 370 80850
427 96 2205
193 118 2940
277 423 210210
449 314 59290
192 5 17787
148 32 231231
112 159 182182
221 98 33033
327 171 5390
80 64 3234
241 331 7350
252 337 11781
362 269 118580
399 4 44100
31 484 11025
69 390 49980
394 102 70070
279 450 48510
490 1 14700
132 209 80850
487 16 57330
166 343 16170
203 483 21021
171 440 16170
499 317 126126
168 38 30030
168 429 6006
284 157 143325
465 237 97020
375 345 4998
238 99 17787
40 114 32340
420 478 32340
218 95 28028
381 262 490
70 322 16170
13 292 71148
245 446 59290
436 111 4410
496 179 8085
67 151 16170
126 158 16170
404 414 42042
142 153 3234
254 480 84084
407 329 35574
36 251 4998
314 46 35574
28 60 28028
278 237 97020
43 205 4410
51 138 29645
339 388 539
11 113 88935
221 432 3003
80 93 266266
82 452 35035
2 75 3150
461 486 35574
75 106 1764
141 247 420420
396 79 7350
236 50 63063
285 420 84084
390 249 2940
292 269 118580
491 467 5460
353 294 7350
73 351 3234
372 133 80850
464 18 14014
220 190 630630
121 470 35574
226 243 88935
478 442 80850
281 415 126126
200 8 18018
444 23 273273
387 284 4410
320 472 88935
287 402 1274
297 61 16170
473 351 54978
3 232 80850
397 164 29645
20 79 16170
126 437 80850
447 131 17787
298 84 16170
102 438 5390
224 352 28028
453 82 40425
492 29 3003
68 77 14014
358 324 8085
44 348 4900
440 58 70070
246 430 2499
240 372 485100
275 233 24255
62 25 59290
262 432 1274
180 39 97020
344 281 19404
46 10 462462
14 264 21021
271 489 177870
210 289 28028
114 98 30030
400 451 177870
176 199 25410
253 107 1617
413 275 48510
370 258 16170
424 193 80850
73 228 533610
190 19 42042
405 363 6930
89 55 177870
74 301 3234
471 154 8085
296 231 53361
332 392 16170
62 256 59290
447 160 21021
299 373 1617
442 391 22050
422 398 106722
454 423 5390
147 259 266805
127 56 210210
338 48 3234
494 57 80850
453 334 2695
183 125 1617
224 196 14014
320 328 88935
403 355 15015
421 179 37191
218 425 5390
47 377 8085
364 234 533610
10 288 17787
1778700
1000
789 815 5005
908 109 33033
471 66 2541
241 274 1309
176 745 12705
272 428 45617
536 187 4235
470 859 770
81 814 429
43 649 7007
679 178 77077
40 631 14399
326 429 2695
616 215 1573
692 305 1001
451 924 1463
173 746 5390
105 280 7007
305 175 143
818 333 14399
850 243 29645
98 875 15730
935 652 5394
497 330 11011
123 150 5929
45 831 2618
747 695 7007
826 115 2695
85 652 69
766 311 13475
216 457 29645
118 316 35
703 824 2057
323 769 1421
263 408 121
309 815 115115
369 993 2541
636 492 11011
664 707 1105
491 787 770
331 799 35035
355 545 9163
367 794 16445
374 559 561561
603 232 31339
261 890 6171
642 809 638638
783 182 1131
760 807 1617
498 181 1001
514 950 21
983 626 11011
925 447 935
691 328 35035
449 230 105105
84 978 59290
440 58 5005
178 505 10010
103 657 3003
816 538 143143
755 832 4263
124 193 4235
407 543 231231
129 912 12155
418 442 10285
46 552 17325
521 582 3025
275 191 11011
865 871 5929
594 470 59290
251 952 401115
878 47 27115
360 461 5082
504 773 5929
529 959 11011
400 10 2717
458 55 5929
591 29 11011
240 101 363
266 138 4235
417 497 20449
810 452 29645
256 612 9555
738 920 71995
640 476 2541
579 382 1001
426 234 11011
837 268 1547
496 879 847
325 719 5929
395 18 15015
895 272 1573
52 130 4389
261 354 605
808 413 11011
938 184 2057
774 2 309925
183 441 55055
83 7 102245
731 657 16709
568 387 2431
60 405 1573
759 542 13013
454 994 7007
20 248 1001
25 242 28798
662 702 1309
311 120 29645
917 839 8398
462 581 5929
982 876 777777
80 132 3234
580 851 605
944 158 2695
192 415 35525
705 512 29029
627 714 5005
937 302 17787
107 835 1463
578 465 539
614 447 19635
843 384 3146
93 892 29645
221 998 5929
690 123 11011
973 30 1309
820 483 726
915 500 1155
166 202 22
834 535 847
894 746 59290
466 659 16093
139 122 5929
606 37 7865
528 491 1265
820 621 12705
575 331 55055
943 473 8349
686 102 1001
409 41 1001
572 798 8085
866 704 35035
964 727 5005
999 487 55055
435 791 14399
435 3 26741
352 426 11011
253 914 77077
344 364 29645
781 156 36465
430 744 4901
620 609 25025
487 382 13013
583 658 4235
155 935 145
446 671 44275
854 572 5005
996 103 12705
790 256 1015
993 367 1265
453 728 11011
229 53 11011
506 716 4719
217 885 88935
956 900 847
565 756 1573
317 31 35035
855 280 119119
65 324 429
352 115 539
517 948 20825
897 105 77077
64 186 2541
926 509 2695
510 420 1573
393 781 23595
911 404 11011
523 640 88935
203 916 66
148 655 3185
107 679 847
467 3 2057
24 13 4235
507 200 2093
151 466 11011
370 720 302379
520 602 5775
401 218 119
79 886 4235
714 212 455455
7 683 40898
195 518 11011
874 144 1573
82 278 31339
604 971 231
380 819 21175
165 52 24255
223 109 11011
459 539 11011
198 402 77077
757 852 26257
818 772 11011
132 455 19635
438 586 21175
90 986 1421
724 668 3146
558 997 7865
896 633 136367
721 953 11011
697 270 14399
477 929 34485
547 283 133
856 644 4235
562 259 3509
455 163 143
618 975 60214
860 856 55055
258 335 825825
91 292 2541
484 619 4862
65 417 85514
381 11 16093
872 368 51205
844 489 55055
238 413 429429
515 883 21021
91 768 7865
913 917 22
488 12 2541
61 970 2057
139 525 33033
266 584 122815
859 965 570
582 70 935
847 421 231231
666 439 85085
267 112 2431
972 792 29645
286 870 55055
464 237 145
110 805 11011
96 148 2275
742 854 8855
611 512 11011
764 701 11165
989 434 11011
963 950 7511
119 593 2145
585 879 12705
33 990 2695
71 805 11011
196 588 11011
371 432 31339
480 315 385
88 84 13475
916 872 5005
279 537 595595
881 201 154
695 427 17787
749 824 11011
381 241 57057
94 544 187187
890 637 39083
687 70 5005
788 526 2541
67 690 187187
978 518 847
981 960 847
77 708 12705
864 86 10010
53 501 1309
253 867 231231
776 615 4433
436 519 6171
567 167 2541
529 795 65065
906 881 59290
111 108 1001
651 832 203
406 896 29645
942 48 77077
143 102 29029
516 509 4235
767 508 77
5 645 845
793 785 133705
126 225 29645
632 579 2717
692 796 770
57 522 2695
688 128 13013
312 479 45617
536 789 55055
342 559 14399
254 375 77077
666 694 5005
817 949 24563
104 995 143
778 921 7315
54 443 385
708 938 2057
511 147 11011
663 769 539
675 829 15730
650 682 3509
248 246 2695
673 416 5423
765 719 5929
969 704 25025
486 354 11011
898 826 15631
356 802 1694
836 14 1265
75 62 715
628 959 33033
522 171 29645
182 422 435
436 199 6897
291 843 187187
836 893 275
481 51 1001
293 829 5005
19 527 6545
474 504 5929
284 328 5929
336 366 4675
812 106 385385
710 210 9163
845 493 2695
609 880 5005
750 42 5929
567 249 14399
674 82 14399
276 485 143143
452 998 29645
372 428 11011
914 235 11011
873 857 2541
333 991 12705
740 728 11011
144 590 45617
678 167 33033
683 765 11011
612 742 1925
607 639 17787
25 92 11011
481 986 4669
711 906 385
490 653 77
869 190 7865
15 771 5005
958 701 385
454 142 9163
72 563 2431
637 363 2057
393 561 64493
830 634 21175
801 508 777
10 853 20449
748 952 2057
641 44 12705
106 28 4235
493 780 29645
594 556 1001
936 549 35574
410 899 2299
520 875 1815
779 442 14399
691 957 13475
255 316 2695
461 741 66066
623 513 6171
566 149 1573
406 631 2541
983 343 2299
813 42 77077
337 992 58058
827 574 4235
590 852 121
868 578 1001
23 817 29645
39 69 1729
134 834 7502
922 592 10527
432 943 121
19 380 4235
397 930 11011
50 468 605
355 239 1694
503 113 7007
153 965 2220
974 56 2541
571 799 5005
39 717 133
665 173 385
121 69 10241
391 157 100793
33 16 6545
619 953 3146
409 63 847
398 969 3575
851 4 19481
38 325 77077
83 924 1001
635 319 1235
533 369 144837
648 41 13013
80 310 11858
521 976 5929
839 705 91
736 968 55055
185 553 23595
855 149 1001
968 262 55055
693 910 3315
723 356 55055
593 207 2145
495 946 11011
129 860 7865
68 446 385
405 399 7865
700 909 12705
665 175 27115
101 365 24563
548 885 5929
137 936 112651
289 754 7007
76 519 605
300 179 77077
874 341 4235
240 37 1573
389 745 15015
626 227 77077
224 613 4235
17 907 17787
99 787 11550
671 987 8855
327 165 121275
23 907 17787
147 956 4235
733 762 605
297 725 11165
931 555 29645
244 267 6545
961 506 23595
797 776 4862
16 245 1001
460 696 5005
219 939 7007
32 753 45815
134 24 1815
534 570 4235
550 86 385
312 247 363
252 540 17787
629 164 51051
125 576 2695
250 118 1105
548 621 5929
158 307 7007
611 332 11011
383 553 4719
376 251 121
677 494 847
431 407 77077
379 14 2002
828 644 97405
231 682 2299
326 389 33495
587 89 102245
784 846 14399
469 699 12397
336 96 425
928 918 14399
934 761 10285
282 399 5005
546 629 5005
933 841 15015
321 227 11011
709 891 503965
624 689 5929
782 308 4389
319 797 1001
584 121 847
20 239 11011
97 242 8470
966 117 539
960 290 22022
230 944 13475
359 798 5929
499 415 15925
304 155 143
847 92 77077
645 72 26026
410 403 2783
141 925 2057
725 335 385
348 437 12441
694 194 55055
9 338 1694
187 273 156695
73 18 3003
307 361 1001
806 903 55055
838 98 4235
343 616 2299
104 565 46189
770 392 14245
145 378 2535
678 348 429
976 888 112651
35 763 1694
395 717 2233
408 0 1155
663 448 11011
833 87 1001
473 258 12705
371 761 847
592 8 10527
140 450 7007
422 46 825
51 658 12705
324 285 1001
279 283 119
68 243 859705
909 204 33033
264 456 8470
970 374 2057
922 357 45617
601 940 11011
73 734 231231
378 524 1001
784 276 33033
999 220 12705
700 743 11165
568 291 80223
735 45 35574
294 542 5915
327 298 121275
955 349 143
296 898 847
146 771 3003
889 154 24563
526 337 2618
749 633 5929
74 801 357
401 672 847
861 971 203
886 494 4235
345 822 11011
480 900 37191
212 736 5005
47 196 605
309 238 1001
589 955 29029
252 715 11011
61 180 11011
299 901 847
259 977 4114
463 711 17017
329 255 14014
825 985 847
85 35 3927
298 188 1155
257 418 3025
928 738 14399
627 563 715
954 987 41055
474 391 100793
972 78 5929
412 583 2299
934 660 47190
848 994 539
731 646 77
974 767 19481
394 54 33033
948 532 595
656 505 884
122 295 71995
236 156 1155
532 628 1001
786 930 8470
865 957 8085
204 730 33033
655 282 54145
74 676 51765
425 237 561
411 754 31262
492 632 7865
752 635 325
170 347 22022
613 840 4235
205 76 3146
133 152 33033
911 372 77077
236 444 385
912 472 385
995 89 13013
284 306 100793
828 379 847
223 66 319319
804 893 715
141 573 2002
748 224 2057
739 48 847
751 871 539
476 353 4114
792 397 5929
975 357 77
623 386 847
430 605 1001
117 647 11011
795 146 3003
0 966 8085
11 670 112651
310 160 847
739 203 80707
419 162 2057
260 510 10285
686 153 110
110 159 17787
192 985 2695
24 151 847
232 162 2057
126 27 847
294 293 8645
222 718 22022
685 209 21021
136 516 11011
878 858 385
837 882 1309
734 888 17787
884 195 17017
643 821 2210
59 322 55055
295 362 4235
577 260 14399
755 687 8085
712 804 5005
451 262 385
29 377 539
390 358 231
64 332 29645
416 489 33
844 918 5929
816 345 143143
608 265 22022
862 636 77
980 715 45617
135 79 165165
866 699 539
693 17 3003
650 445 11011
664 388 455
477 669 7865
433 346 14399
281 951 22022
334 197 5929
56 193 8470
185 265 66066
849 643 1365
370 877 17787
698 973 770
596 729 11011
180 411 5929
160 296 71995
440 569 11011
614 245 77
979 287 175175
991 469 2695
318 763 110110
661 840 16093
99 250 325
588 558 1573
285 254 77077
811 876 21021
281 401 33033
580 169 121
750 586 88935
197 287 35035
488 939 3234
984 194 4235
388 689 1617
988 870 55055
216 60 1694
777 604 29645
729 758 23595
136 638 3003
617 114 17787
159 108 5929
945 923 7865
271 703 10285
902 560 4235
598 786 14399
423 908 2057
672 31 4235
752 257 75075
21 94 1573
297 927 770
425 813 847
560 97 29645
130 768 1573
949 803 712327
889 220 847
597 696 2695
207 543 66066
869 597 6545
373 662 2541
90 462 30723
905 517 3675
274 217 5390
6 458 154154
361 111 15015
317 484 5005
992 587 3718
339 534 1309
119 385 770
363 904 14399
275 177 143143
438 478 39325
21 189 7865
145 387 1105
231 649 11011
226 475 22022
601 642 11011
384 819 7865
984 349 3630
116 59 11011
891 850 29645
552 954 315
861 630 29435
809 269 11011
26 903 22022
531 980 23595
351 842 847
437 634 385
812 709 29645
49 667 4235
290 299 31339
423 981 2057
213 385 4235
576 574 88935
383 114 33033
228 841 25025
533 783 693
131 308 1015
441 200 1001
127 684 136367
937 726 219373
919 615 1001
390 933 4389
120 78 77077
800 22 231
171 177 11011
499 540 2695
607 95 11011
338 87 15015
49 278 5929
34 191 77077
962 366 71995
421 55 17787
877 176 17787
189 263 45617
648 901 3003
825 821 407
608 515 10010
710 142 100793
962 38 5929
823 910 3315
982 596 7007
15 964 325325
808 249 1694
433 50 14399
502 247 30855
772 483 1573
233 557 8085
737 550 88935
143 735 385
414 467 16093
150 514 37191
569 524 77077
116 530 66066
169 677 187187
127 322 847
931 453 19481
913 292 2783
521 58 5775
867 932 1001
967 183 71995
402 168 77077
996 1 25410
555 157 100793
537 926 45815
498 591 187187
264 732 55055
303 595 49126
316 766 13475
88 545 8085
988 133 11011
206 927 55055
791 364 29645
570 392 12705
431 34 77077
775 803 24563
6 659 5929
547 286 3003
218 702 3451
853 511 61347
773 32 5390
544 12 11011
208 718 55055
244 81 4114
269 172 2057
228 513 715
439 774 2695
979 351 5005
318 946 11011
347 463 1001
444 680 10010
527 958 7315
163 424 4147
698 449 8085
301 329 182
541 747 3185
210 751 45815
490 722 12705
667 460 12705
575 546 5005
732 368 29645
967 535 12705
205 313 11011
201 339 17017
990 376 19481
842 807 14399
997 624 110110
741 713 42042
538 174 5005
168 1 11858
706 350 1573
942 726 5929
208 362 165165
174 443 13475
154 229 24563
790 170 385
681 845 17710
929 723 12705
963 450 77
507 43 910
814 573 5005
551 234 2541
456 320 14399
528 887 23595
135 36 4235
707 501 493
396 775 4235
2 894 26950
688 884 35035
13 288 110110
724 595 4598
112 358 286
44 95 11011
334 716 2541
802 161 331177
945 757 2783
314 475 1573
485 756 20449
277 919 11011
602 764 5005
434 610 5929
125 541 73255
554 622 71995
743 760 22330
63 989 14399
793 849 715
864 887 5005
344 93 59290
654 685 1001
36 598 24563
398 190 747175
303 531 1573
67 221 11011
744 5 14365
831 762 24310
638 782 5313
585 525 58443
830 478 39325
737 300 29645
554 100 55055
225 785 4235
386 523 5929
810 661 847
641 647 25410
304 27 6897
140 131 203
581 198 77077
902 868 7315
915 268 2261
8 186 6171
571 350 2431
472 605 539
226 800 539
684 179 5929
656 464 754
288 920 29645
113 164 1001
961 202 23595
4 897 5929
152 211 12705
599 419 11011
639 794 1771
289 811 21021
899 951 1573
923 172 10285
770 557 2695
673 124 1309
215 730 23595
342 610 14399
823 465 6545
620 346 4235
420 429 11011
496 445 11011
62 138 10010
675 882 2057
566 199 4719
941 270 4235
206 213 4235
796 181 1463
77 71 4235
551 777 171941
822 600 14399
503 905 35035
26 603 19481
323 713 19110
932 759 19019
321 502 2299
630 863 1015
315 211 11165
302 457 29645
188 862 37961
564 404 55055
549 857 302379
479 921 77
360 394 73689
365 895 3751
727 740 11011
22 858 30030
414 539 5929
427 100 29645
359 977 11011
495 892 11011
625 577 27489
788 314 11495
306 40 14399
670 219 539
486 209 7007
214 28 402325
589 562 2233
277 806 11011
941 424 385
838 720 17787
600 712 385
617 214 4235
353 448 4477
45 758 6171
561 235 20449
846 468 2783
681 320 1001
564 622 12705
676 459 1309
330 137 29645
396 947 6545
753 471 2695
184 375 55055
30 668 3003
721 780 29645
863 848 6545
313 697 847
835 57 2618
161 482 847
340 618 77
599 833 1001
904 669 71995
883 373 21021
341 412 6171
75 606 12155
482 500 11858
222 880 21021
674 340 12705
271 646 10285
947 680 5005
873 827 110110
128 940 11011
779 778 1309
377 625 15631
246 233 2695
706 9 16093
273 733 1815
530 660 47190
403 722 3509
859705
2000
1207 442 34650
889 1833 121275
902 1003 11025
1296 830 15246
0 276 5445
1595 675 127050
989 761 266805
205 847 1386
1288 1158 76230
1688 1535 4851
1870 411 5082
1684 241 177870
1368 122 106722
1477 198 190575
677 1995 58905
38 972 71148
357 1887 6930
206 74 266805
1961 1213 97020
680 1784 266805
1301 350 25410
1396 329 24255
1227 1568 24255
1240 1004 10890
1048 216 13860
419 1134 12705
358 661 48510
346 1102 7623
103 777 127050
1010 1412 177870
1836 967 17325
835 974 48510
852 532 11025
1376 1346 88935
1208 357 48510
359 1882 3465
1524 1249 23562
687 1519 6930
1126 102 2805
248 1442 22050
295 1407 58905
1134 489 38115
202 94 15246
558 1191 106722
395 916 533610
1901 1521 17325
1504 1922 106722
1499 1956 9945
143 340 137445
1185 327 40425
1610 552 17325
34 113 53361
512 1153 76230
1331 1570 4851
504 954 48510
1990 1664 5610
1508 557 38115
946 1328 13860
1493 1144 16170
336 53 6930
196 977 12705
1054 1841 164934
1845 93 17325
710 874 13860
287 308 533610
1235 1807 11781
1824 840 4851
120 1943 1925
994 809 48510
1396 132 266805
691 314 4851
1095 1751 431970
1278 917 242550
240 1770 121275
440 1715 38115
1730 482 9009
1949 1309 129591
362 1375 161700
1032 1403 6930
1772 1129 12705
278 966 177870
1009 1985 8085
1404 947 15246
836 1546 1386
526 591 9702
442 882 11550
1896 528 76230
4 11 190575
763 892 63525
952 1774 177870
1646 1459 106722
785 611 106722
471 1451 533610
1069 1119 533610
1783 1731 53361
764 51 30492
503 638 12705
1704 905 76230
1248 901 15246
431 1719 7623
1876 1189 97020
563 1852 38115
1569 1891 53361
373 1323 3465
1520 168 12705
1269 123 88935
1709 1494 12705
517 1478 76230
1342 735 25410
1051 717 17787
323 811 17325
466 676 13860
1967 6 48510
328 686 15246
665 993 3465
1782 1241 82467
1740 1487 11781
1385 433 6930
228 1365 144837
1817 612 37485
1784 1542 24255
987 1486 63525
594 688 24255
1274 1622 24255
1475 1735 17325
238 1289 48510
682 709 25410
269 326 48510
1867 1216 907137
1999 1113 106722
1907 1746 82467
780 1275 24255
913 658 381150
1880 1394 11781
1683 158 106722
669 164 121275
1211 1894 92565
1138 1950 24255
1861 994 106722
631 829 1260
497 285 121275
1471 525 88935
101 1174 121275
146 1410 38115
1263 1982 24255
1637 1282 185130
96 1937 28314
1316 441 48510
481 802 3465
1036 278 25410
1760 776 53361
787 493 63525
1220 414 12705
1866 1467 70785
664 1072 106722
1077 57 106722
1229 194 266805
510 854 97020
1878 1670 7623
1788 1764 3465
211 1247 381150
1280 120 12705
1523 953 18513
1695 643 35574
463 284 58905
1556 530 50820
379 347 53361
469 1978 97020
6 235 6930
1925 1214 48510
293 1785 48510
1335 1083 48510
1618 1788 121275
1896 1462 34650
367 1428 7623
1723 1814 5082
603 1423 99099
656 384 88935
223 1032 82467
860 1656 242550
1564 1982 533610
26 1132 97020
1113 358 106722
712 941 34650
1642 449 137445
1950 984 24255
815 440 266805
34 1527 24255
535 1955 3927
1199 1252 259182
483 1115 53361
1221 1024 106722
823 1806 129591
114 741 76230
1567 747 33033
1337 1539 121275
335 1666 42042
1431 1043 99099
1758 1930 38115
186 1829 106722
331 110 6930
1599 1092 24255
1780 1827 24255
1145 1561 38115
948 1428 18513
208 1455 30492
638 1141 88935
714 355 2142
1090 62 266805
570 885 29645
1916 277 266805
983 176 242550
1582 462 215985
804 1946 11025
1034 1298 3366
1127 1293 17325
1315 119 58905
1530 1532 15246
1325 283 53361
1799 1803 43197
944 1699 34650
1194 684 24225
1941 424 54450
1659 1194 1575
1925 667 80850
107 1849 34650
1956 995 3465
1909 1373 3366
584 1674 6171
722 1968 38115
939 437 69300
1155 729 25410
1617 1238 266805
1277 15 561
16 751 76230
1067 527 58905
557 1682 27225
543 934 48510
251 153 24255
1463 464 53361
280 144 48510
794 234 9702
1468 838 2205
18 1554 6930
1533 637 2772
1153 221 76230
1772 275 8470
1279 924 10890
259 1507 41895
1451 1901 38115
1215 1186 24255
1528 275 16940
514 1063 88935
352 1591 38115
1656 1510 40425
1593 895 76230
1317 372 15246
1912 1320 10890
1398 1312 16830
567 399 3465
1729 403 37485
1556 1487 1386
1602 1712 24255
1691 304 43197
67 1667 76230
1114 1448 38115
1413 1120 289674
1623 1589 266805
609 1791 37026
520 1195 266805
1777 1514 38115
1915 1966 24255
289 241 177870
213 1441 15246
127 899 1683
155 338 10890
1059 42 22050
439 522 1815
1256 3 24255
1277 868 18513
1626 301 15246
1341 1964 63525
479 1345 533610
1937 1506 1815
1802 1989 10890
1527 1805 242550
1100 657 121275
749 501 24255
774 744 48510
1065 1903 76230
832 447 24255
1190 1608 106722
154 1650 15246
982 928 2178
1069 1954 76230
1259 639 3465
1998 1250 121275
68 1825 63525
848 39 88935
1021 999 2142
1574 946 6930
443 1946 2205
649 1515 38115
1125 1835 30855
1511 1457 38115
911 394 48510
1273 1482 12705
515 1755 129591
1720 1229 177870
1531 1613 693
1762 943 18513
1692 614 242550
1669 1532 15246
1695 1848 266805
1759 252 8415
285 1239 24255
1450 1670 38115
1658 1123 99099
1893 1322 18513
1713 1828 24255
447 1306 17325
92 159 693
869 732 30855
1326 1240 37026
1096 1085 97020
753 307 38115
1945 564 38115
1168 1969 38115
866 271 88935
1017 474 17325
606 930 266805
1809 785 106722
492 1206 38115
111 108 17325
563 799 38115
145 656 266805
1838 1305 17787
506 1873 40425
1310 1755 1089
1285 1612 12705
1173 81 48510
412 1005 24255
534 1567 17787
1866 1513 76230
290 1327 3465
283 1744 533610
1179 1692 242550
724 817 53361
1319 406 137445
244 1633 38115
657 745 24255
360 272 3630
650 73 121275
199 1671 17325
472 1711 65835
1675 970 12705
286 438 48510
1400 686 48510
903 933 242550
1159 1321 106722
411 907 23562
608 831 15730
1992 672 76230
65 1446 63525
1285 2 6171
744 1131 24255
349 1886 3465
1481 895 76230
1460 827 88935
868 61 15246
906 1698 88935
12 1235 4410
1919 1800 53361
541 1217 24255
1832 1013 11781
849 1529 76230
272 1491 18513
1664 829 7650
1436 758 17325
671 1337 24255
1716 159 3366
1465 1821 69300
1237 888 12870
1914 956 7623
286 402 242550
965 1820 889350
47 333 7623
222 10 190575
572 1827 24255
999 421 200277
703 1228 34650
118 1702 6171
939 397 34650
750 740 1155
1593 1919 7623
180 1105 14399
1526 1840 3465
206 40 24255
396 950 40425
188 1135 121275
40 1272 24255
610 842 106722
643 730 35574
1506 789 117249
507 239 121275
822 1920 24255
1763 1496 693693
369 337 24255
1405 1650 15246
1851 1905 48510
1068 59 2310
1747 1573 3150
443 1701 19635
547 434 533610
79 1189 9702
777 883 63525
719 926 97020
1210 613 121275
1939 588 24255
904 665 34650
131 1990 431970
1877 1219 6930
1212 1254 177870
1447 1841 9702
1147 1514 266805
1299 1432 5390
635 809 242550
305 247 24255
398 593 24255
1803 1366 35574
26 197 9702
90 1426 4235
1045 334 32340
29 1476 24255
823 1538 11781
105 1168 38115
1141 480 8085
42 1627 121275
630 294 15246
1241 1923 3465
293 133 24255
605 1212 35574
1300 1479 9702
1600 1367 7623
366 36 10890
1091 1123 38115
704 716 2310
1751 588 25410
1003 523 11025
1339 499 533610
1281 735 24255
607 1382 25410
1672 1917 7623
1872 1005 24255
653 22 190575
1446 454 12705
150 1980 34650
1128 1288 15246
769 343 106722
1438 1679 11025
701 1678 88935
1942 1967 824670
220 1862 76230
581 1611 190575
157 871 88935
857 1544 4851
1388 1014 9702
1034 526 6930
1734 1419 121275
1172 448 9702
1387 1935 27489
188 1393 17325
1114 162 12705
1801 1447 9702
710 1055 8820
1098 781 11781
540 1111 76230
339 1465 54450
898 200 106722
1254 753 12705
1932 1436 121275
1324 693 242550
755 904 6930
1732 218 53361
1685 292 242550
891 1160 546
958 687 13860
1742 236 647955
1448 1727 38115
1495 587 43197
713 878 76230
779 160 31977
1874 185 6930
398 1828 48510
1857 1792 242550
1295 1605 15246
169 965 127050
1033 15 24871
1863 1588 302379
49 767 6930
1553 1793 6930
1791 1029 15246
1859 773 4851
1733 498 3465
1634 1671 24255
1205 511 39270
1665 1703 7623
1911 1351 53361
700 274 48510
620 378 53361
1688 1575 35574
461 1880 5082
1806 1706 53361
798 393 80850
370 1968 38115
1631 1044 2541
255 405 106722
1437 1079 15246
1749 253 82467
488 1076 38115
743 634 3465
354 1748 53361
337 390 242550
1102 1029 106722
663 1213 97020
852 1996 11025
625 1041 35574
1738 930 462
1442 470 24255
932 439 5775
1030 1347 2541
1369 921 99099
791 1116 80850
856 1485 38115
1482 1310 3630
959 839 11781
800 570 1617
1181 795 2541
995 606 266805
667 1064 2310
1015 1117 3465
1025 1041 88935
1053 371 15246
1149 1375 16170
1961 843 485100
853 85 43197
139 300 11781
375 805 30492
689 270 12342
151 1485 106722
177 1022 533610
290 1294 121275
187 1392 35574
872 181 17325
891 1062 6930
1995 1975 38115
248 1499 45
929 1774 177870
1815 261 25410
198 1260 17325
83 1606 61710
415 416 38115
199 488 38115
1754 1425 45045
172 535 5082
1681 766 58905
797 837 53361
1942 1851 48510
590 1770 24255
0 1355 76230
814 1121 18513
1873 1049 63525
225 136 242550
235 522 10890
1408 1590 76230
1294 1339 24255
174 1984 25410
1764 1972 18513
460 1332 13860
1056 137 16170
483 354 907137
432 1360 17325
1244 1373 18513
1777 258 92565
129 1680 76230
1684 798 80850
568 81 48510
1052 1547 4851
881 577 24255
998 1140 76230
502 978 22050
679 68 27225
875 513 17325
1283 1321 6930
163 58 121275
560 1370 24255
1093 1246 24255
1225 961 2772
1261 1993 242550
368 694 10890
482 192 38115
142 826 24255
1291 237 38115
48 1629 12705
1507 296 2205
1701 1520 12705
385 582 48510
603 1822 76230
900 1401 10890
256 229 38115
962 940 45045
408 1109 25410
1454 731 34650
233 672 6930
1680 77 6930
1640 1335 24255
1151 1985 412335
1110 492 266805
215 920 23562
1628 1012 5985
1921 227 86394
1377 937 15246
1150 1690 38115
309 1187 4851
155 493 63525
1096 1730 1386
648 364 63525
1783 187 106722
263 324 38115
117 489 25410
1377 1766 24255
704 1483 63525
974 697 7623
1881 963 24255
746 718 7623
1338 1976 129591
69 1620 15246
24 524 8820
59 1915 80850
1725 1581 15246
748 1693 5445
415 1745 18513
746 1291 647955
1350 593 24255
512 1860 266805
323 787 63525
1453 277 16170
322 967 3465
435 1779 11781
257 569 14399
654 1714 198198
1718 1009 11550
1486 1097 21175
450 1233 24255
1687 1810 34650
775 1519 6930
1014 864 5082
1898 217 24255
77 1705 6930
1534 539 53361
1088 1599 48510
1397 320 35574
834 340 3234
653 242 38115
1210 1615 242550
1201 628 34650
1752 365 5082
1433 1193 6930
382 1566 25410
960 455 10285
1970 896 86394
800 1832 11781
1890 629 4851
1667 129 152460
1518 1821 13860
1070 1922 38115
1618 194 24255
484 243 50820
1662 1794 117810
1362 831 11495
221 1647 990990
816 185 17325
1887 325 1386
138 795 80223
1340 1110 48510
1051 412 8085
1923 1767 17325
604 253 48510
1387 1462 2310
78 1577 38115
567 1139 92565
1320 792 17325
917 1686 48510
1716 1389 1683
894 410 266805
1625 693 3465
364 406 40425
1488 1694 15246
728 1460 17787
1714 1431 99099
566 2 37026
1084 379 53361
446 1137 25410
938 453 38115
1744 633 53361
1298 359 18513
1522 595 3465
1587 1418 38115
1354 1811 82467
1403 33 34650
1838 1846 17787
942 1085 13860
990 1220 38115
1264 1979 80850
926 19 6930
1540 1124 38115
924 1155 61710
1991 685 76230
140 1655 53361
1865 1122 48510
1846 1621 12705
1227 1454 242550
79 1472 11781
1060 173 6930
1138 51 76230
1549 390 48510
1135 1324 242550
1536 1100 1155
1994 1349 15246
1055 1178 4410
1509 1526 10890
786 752 161700
1619 862 15015
1426 818 8470
50 592 23562
1142 674 12705
1586 1199 37026
688 1927 266805
886 1010 355740
1927 50 3465
9 54 2541
972 1368 213444
1628 307 17325
1340 445 44100
1693 207 18513
1086 8 3465
1202 1459 533610
738 1948 24255
836 711 76230
371 1044 129591
1597 615 1386
1163 1056 121275
982 8 18513
136 201 34650
890 1538 11781
1768 932 40425
477 1683 7623
106 1522 3465
197 121 4851
1613 623 58905
1819 1108 242550
1316 713 76230
1753 38 35574
192 1884 266805
935 420 16170
1518 1225 47124
1585 82 242550
708 1700 121275
95 246 23595
305 872 242550
1156 983 22050
423 1042 25410
517 812 3465
538 301 6930
1323 282 76230
699 1635 1683
1461 1879 129591
709 771 25410
203 1251 38115
37 1574 7623
1231 247 24255
1787 432 12705
213 948 37026
1598 1152 58905
1492 1543 82467
1104 37 907137
417 1268 190575
742 264 51051
1330 1325 907137
1601 394 24255
1287 291 35574
490 1173 6930
1392 1008 12705
243 1986 68970
23 1500 38115
336 859 76230
21 1118 18513
568 422 76230
400 88 76230
1844 1007 34650
698 1892 141570
1332 959 15246
1826 550 24255
434 1132 48510
1906 1498 9702
1357 391 58905
112 622 38115
1270 1776 533610
473 499 24255
416 299 27225
244 1561 38115
621 401 6930
641 961 97020
1289 210 9702
1 140 48510
231 183 53361
1780 126 24255
534 1088 27489
756 1960 242550
1107 1099 10890
1994 1533 23562
365 1781 5082
782 43 63063
621 402 6930
770 1512 1575
1703 1773 88935
854 14 32340
1888 162 431970
458 1272 24255
342 452 693
1015 1564 24255
1571 190 137445
1267 1094 48510
487 168 266805
1641 1344 38115
397 955 17325
141 1515 24255
1812 1649 54450
86 91 381150
1297 662 97020
599 446 25410
1914 1663 106722
237 58 24255
1154 1789 2310
696 1908 17325
1018 1185 88935
1594 186 106722
94 747 15246
318 992 19635
466 465 9702
921 1382 2541
1918 99 53361
828 1023 15246
1871 303 5445
1236 190 24255
1033 1771 18326
845 1710 17787
908 979 9900
1470 28 58905
1282 542 92565
294 134 37026
176 879 242550
342 1645 129591
1559 516 38115
601 964 1089
1568 284 38115
363 452 48510
80 1178 121275
1250 1475 121275
1591 1304 76230
1563 1991 38115
1234 1191 106722
1312 1078 18513
1668 1406 242550
1829 759 53361
1602 727 22050
681 1427 38115
1119 1348 76230
546 1537 38115
229 1434 190575
109 594 315
1021 533 8820
1140 1854 15246
445 1952 22050
1498 264 3234
1306 905 6930
1760 363 9702
778 161 647955
1641 1318 266805
1525 1484 3465
807 555 762300
1686 721 412335
392 1786 242550
1136 55 34650
280 1418 38115
66 1257 76230
1886 36 92565
1046 444 7623
705 536 48510
343 72 53361
1663 590 4851
1347 1565 38115
1954 685 381150
737 1580 58905
1763 626 53361
204 1762 561
841 893 17787
1383 860 6930
918 824 38115
976 978 16170
349 12 11025
1327 600 141570
741 178 266805
104 1246 266805
1013 1101 38115
664 66 106722
1118 632 14157
1318 1864 24255
103 271 444675
739 1209 92565
227 991 2310
1666 1850 6468
668 620 35574
1244 551 5445
1823 918 34650
684 690 28050
214 1661 129591
392 627 16170
170 1722 76230
607 1978 23100
509 418 7623
124 1529 15246
1364 46 88935
20 1542 24255
980 1800 266805
897 649 6930
54 742 2541
218 1066 177870
1836 302 17325
931 555 54450
1756 1007 121275
238 388 242550
862 1256 24255
71 1757 82467
127 248 315
899 646 726
856 486 38115
268 654 15246
853 1150 43197
1166 680 12705
1834 182 1683
1720 1505 88935
937 1252 259182
718 1365 15246
1139 1677 10890
723 1292 381150
1792 1224 48510
1558 1756 17325
550 1681 38115
1724 1083 53361
765 928 6930
1752 97 3927
682 546 88935
1266 313 16940
1017 1124 24255
1678 1624 266805
1245 886 177870
1899 254 10285
209 428 76230
1661 1676 129591
1169 1333 5082
898 269 9702
1035 409 17325
193 374 53361
1871 208 28314
1080 1813 2541
1144 1262 8085
642 315 97020
913 867 69300
23 1598 24255
1081 1364 88935
846 403 11781
228 896 2541
122 1271 38115
977 1128 7623
1358 1354 24255
391 1579 38115
1971 619 17787
9 259 16170
554 62 533610
670 1913 27225
1449 652 38115
524 64 8820
1182 1399 190575
1997 1395 24255
1969 1622 6930
1987 1237 990
1203 225 22050
873 1749 82467
1198 548 106722
1211 226 5445
1026 996 2541
579 1016 15246
703 1562 24255
1839 780 121275
1554 1279 34650
1934 1474 70785
435 1473 24255
1127 950 17325
448 858 15246
841 1565 129591
1748 571 9702
1930 1868 381150
1496 1885 53361
1352 1125 12705
89 130 28314
121 802 24255
161 943 92565
236 532 3465
734 598 48510
678 990 92565
1057 151 53361
1531 309 63063
813 925 726
736 1560 129591
495 600 495
1000 1040 24255
1402 322 2178
1020 425 242550
1440 1374 17325
60 1804 48510
1983 463 3003
260 350 177870
1107 490 10890
1779 938 7623
1709 118 30855
1039 1934 27225
1037 1336 121275
1705 799 24255
1092 617 266805
137 646 12012
562 267 48510
991 1187 24255
1002 491 106722
52 869 129591
1988 1808 4851
986 779 11781
767 1492 4851
1054 380 8085
1718 1611 63525
1184 494 18513
1620 1878 99099
405 1785 533610
262 173 24255
556 1560 4851
1796 1834 198
1928 1996 24255
520 504 266805
160 726 990
768 1242 2541
850 639 22050
1813 1169 33033
368 1802 54450
1920 1547 63063
400 625 106722
460 43 9702
1284 681 38115
725 1673 3465
706 1924 76230
1543 1071 1071
1468 1001 24255
816 1501 38115
389 1109 533610
1559 821 190575
1604 352 24255
1391 1226 1815
128 205 76230
494 321 10890
414 1242 66066
215 1858 1260
1793 1171 8820
825 973 7623
589 1643 2310
458 884 88935
1052 80 24255
812 33 294525
511 1575 16170
1723 1466 24255
792 150 121275
1965 1638 61710
1552 1742 3465
1743 1563 12705
851 1900 38115
1998 979 34650
113 1644 106722
513 1715 190575
1037 673 121275
825 410 53361
1516 1399 76230
1899 328 12342
1381 969 88935
1175 1011 3465
1411 695 58905
1207 214 3465
1008 1511 215985
1842 1722 15246
1648 1712 266805
764 923 30492
586 362 32340
1794 484 13860
1232 1421 48510
790 351 53361
597 1769 48510
85 1573 1155
533 1875 16170
327 1490 17325
474 180 19635
345 181 17325
1889 366 76230
1255 427 14025
1302 1203 22050
111 233 24255
370 468 76230
1064 270 24684
1759 1669 1089
1972 1273 4719
86 1345 76230
1372 95 12705
957 706 34650
376 902 17325
1488 692 23562
1916 1639 38115
714 1544 14994
1480 1469 215985
1434 549 76230
145 1662 24255
1647 698 141570
303 1414 129591
330 1196 266805
861 123 177870
1857 855 121275
171 178 24255
335 1503 9702
577 1050 34650
565 835 48510
697 1629 129591
1217 1411 24255
1112 1537 58905
1980 679 54450
1778 562 48510
1872 24 48510
1847 528 53361
1379 1261 6930
1479 1957 24255
1918 478 15246
659 765 80850
331 346 58905
1234 505 12705
1304 1890 38115
1863 183 302379
348 1889 10890
174 1166 63525
1356 720 38115
1691 500 4235
147 152 12705
830 1058 152460
637 508 48510
457 1787 11858
1270 485 76230
1065 1477 76230
1020 104 24255
96 431 15246
547 1146 25410
1283 1390 84150
683 1737 24255
652 771 76230
1445 338 10890
167 1023 15246
437 1816 16380
884 627 177870
1856 1221 2541
964 154 7623
903 733 24255
1578 1727 266805
1275 1474 38115
578 633 53361
1754 1876 6930
132 1897 1386
330 1557 266805
1424 997 9702
749 1296 13167
674 732 30855
473 1977 121275
455 424 9075
1233 1965 12705
1162 815 25410
1584 1286 40425
1077 1737 9702
1869 1710 43197
1979 1303 11025
76 1630 76230
71 1939 24255
1458 805 30492
565 148 9702
240 1336 242550
900 299 462825
1619 1825 12705
1883 1206 18513
880 1570 82467
249 1682 462825
1452 1230 10890
1696 7 92565
1122 288 24255
35 1334 48510
677 298 17325
865 1833 16170
1672 1098 7623
1717 1415 266805
1546 49 18018
1130 1363 63525
1989 1248 15246
498 692 23562
1999 1935 17787
945 1432 88935
1797 832 48510
1326 662 1386
587 420 1617
632 1192 693
1315 754 3465
191 560 121275
699 1745 351747
165 453 6930
849 1006 25410
822 1231 24255
863 1944 15246
1073 21 12342
882 316 63525
537 1444 24255
796 1348 76230
761 782 53361
1976 544 7623
589 500 25025
1195 1545 7623
399 1700 121275
1268 1660 190575
1583 1902 25410
1583 444 43197
828 297 259182
1214 1708 824670
1790 75 16170
184 543 48510
616 31 24255
149 195 7623
17 1843 533610
64 909 48510
1101 124 106722
626 347 266805
134 1243 37026
514 701 88935
1421 287 533610
1974 975 106722
1456 915 82467
956 1900 129591
1232 927 121275
1245 63 533610
1551 462 38115
261 1264 127050
1464 878 38115
1331 1958 7623
1816 873 2142
1988 467 106722
224 1328 48510
890 1435 24255
1218 554 533610
577 694 6930
1106 1830 25410
1495 784 5082
39 1970 12705
115 306 190575
1043 813 1089
1962 760 35574
866 592 1386
1105 219 14399
268 1258 9702
1924 1614 2541
1582 752 2310
598 789 2541
60 472 24255
224 839 24255
510 558 48510
981 468 533610
184 1974 9702
1572 451 121275
1158 920 15246
1938 226 34650
929 428 25410
1631 380 8085
109 1855 5814
1405 525 12705
1717 217 24255
931 93 27225
387 1228 381150
545 1882 80850
1409 1651 24255
1429 1625 99099
1592 1960 242550
480 476 8085
582 1164 38115
1350 1156 11025
847 30 19404
1711 1450 38115
245 640 27225
559 509 53361
642 260 16170
1106 960 4235
796 881 3465
1299 1453 10780
521 13 215985
1104 148 53361
375 1550 15246
74 689 12705
361 10 38115
1626 1338 15246
1535 1 24255
1726 1026 106722
1165 319 17325
487 737 24255
925 1962 86394
730 786 16170
629 700 82467
947 1452 37026
1484 1952 121275
274 651 15246
407 1604 17325
179 1197 121275
1311 1205 8415
1103 166 27225
1576 1795 8415
1767 1163 17325
739 1267 3465
1239 78 266805
45 1164 647955
1739 1133 2178
1706 980 106722
1292 1039 190575
987 1095 12705
1847 1676 907137
617 887 25410
1798 1046 38115
1789 1162 431970
383 580 38115
75 1160 714
317 231 38115
537 574 266805
348 690 308550
1617 70 53361
1019 1398 1386
1790 865 16170
344 661 48510
1633 13 12705
1801 1679 4410
1208 351 9702
1408 1658 15246
1182 754 17325
1461 503 38115
1307 1557 48510
265 604 242550
976 266 88935
1002 1420 106722
1145 1721 190575
702 1627 17325
325 1249 23562
1423 318 4851
169 202 76230
1728 245 17325
1370 1713 24255
171 377 24255
167 1422 76230
1038 1743 12705
888 949 23100
1859 308 4851
98 1386 25410
332 1151 24255
527 1070 17325
1551 175 266805
1384 887 431970
117 561 215985
457 619 77077
1456 385 24255
1867 768 53361
1926 1179 24255
750 1888 1155
658 172 76230
1084 1861 106722
1500 968 647955
1912 1209 10890
611 1708 48510
1885 156 48510
1303 1059 187425
1147 1771 17787
775 811 242550
1637 1517 5445
669 404 24255
971 17 533610
858 300 11781
1422 1702 15246
1818 1047 34650
163 1142 24255
1301 1986 3630
209 645 6930
317 1530 129591
530 48 25410
1425 989 38115
319 1263 121275
760 790 266805
1253 1675 18513
651 1458 259182
141 756 121275
1471 784 25410
1736 748 381150
135 296 1155
797 1170 53361
56 157 88935
401 914 76230
529 1266 61710
1707 1812 5445
1022 164 24255
1651 1223 121275
1881 1445 3465
1251 1300 106722
1076 1731 266805
99 794 53361
529 636 27225
1074 1975 38115
844 1775 76230
927 1358 121275
1430 1265 242550
1131 618 266805
341 1685 6930
824 295 24255
250 820 76230
1808 1840 24255
1112 1186 17325
518 778 38115
840 332 24255
16 1898 17325
605 1309 53361
1066 1188 444675
1753 105 17787
386 1601 121275
1853 622 15246
1353 216 152460
1093 1171 22050
1940 246 495
279 975 15246
1951 1048 32340
1904 1869 25410
395 465 9702
475 1391 36465
1170 90 12705
1028 519 92565
1116 1087 12705
276 1910 462825
610 1305 266805
1596 1943 32725
1605 478 259182
1274 810 121275
1060 333 99099
940 1606 8415
770 32 2145
576 1259 70785
1440 1152 17325
45 200 7623
1758 660 53361
641 894 48510
1635 1035 3465
1725 423 96558
1928 1811 53361
1457 1344 190575
1197 614 121275
53 1444 242550
1497 1587 6930
583 311 12705
781 239 24255
559 859 76230
1385 1427 76230
702 409 34650
1441 508 106722
441 1329 3465
531 1768 80850
1579 552 24255
14 545 32340
985 1089 88935
1159 602 9702
820 1632 15246
421 1062 11781
1040 1938 24255
659 1951 80850
551 1649 190575
1997 1400 121275
1776 1797 48510
1736 763 63525
1883 273 6171
1621 1689 11550
601 212 70785
128 84 990990
266 119 12705
1079 788 15246
1467 1416 5445
374 1072 106722
72 1188 88935
1548 1521 17325
1595 544 88935
1204 35 48510
69 263 38115
1848 207 7623
996 505 12705
1820 705 80850
44 356 129591
914 1121 1089
1697 1740 3465
87 1907 24255
1933 553 129591
1630 644 25410
87 597 24255
1497 889 24255
855 1359 121275
1953 1795 3465
1334 635 242550
806 863 106722
1726 7 7623
1027 581 76230
1480 387 25410
329 1687 48510
1817 1247 3465
1378 1404 48510
616 464 24255
1133 258 2178
1381 1286 8085
1566 963 15015
880 449 274890
538 1552 17325
389 1082 38115
70 1562 82467
803 1761 12705
1086 353 24255
506 1959 80850
220 282 533610
969 650 24255
1271 1877 38115
467 267 9702
1226 1049 27225
417 774 17325
1439 826 16170
1219 1359 242550
769 845 106722
1417 367 38115
1435 719 48510
1913 1862 27225
819 615 74613
101 5 121275
67 518 38115
1897 1071 40698
1932 663 48510
125 561 12705
1741 1503 48510
1525 1586 1683
631 438 97020
585 954 42
1639 1665 99099
721 1307 24255
1977 1351 24255
28 591 693
470 776 53361
1253 242 18513
1376 425 40425
1437 1904 76230
355 1540 6930
1721 1372 12705
1823 1826 34650
1936 189 76230
1654 297 15246
1290 1765 76230
1063 745 266805
1704 1959 48510
1607 755 76230
1438 491 24255
875 624 121275
1161 1908 48510
1297 304 1386
1148 1843 266805
232 1129 99099
232 848 17787
846 783 129591
315 966 48510
386 1108 242550
596 740 6545
203 1038 12705
1004 1198 76230
666 1747 21420
459 1830 38115
321 876 13860
595 1707 8415
382 531 127050
32 1536 30855
1645 1483 12705
1963 953 8415
339 383 70785
324 1290 266805
341 1019 1386
1953 344 48510
281 1909 6930
1728 1430 242550
668 1773 35574
450 897 34650
454 1948 48510
578 683 24255
1073 125 12705
922 249 54450
429 1295 76230
876 1609 48510
850 234 8820
801 1265 121275
1545 1590 15246
717 515 17787
3 716 48510
427 1342 1815
1349 255 106722
1443 772 17325
628 647 242550
1775 912 533610
819 1439 1155
1200 1410 38115
1509 1367 92565
1917 1417 76230
806 1746 53361
957 909 242550
250 1333 5082
1739 1594 76230
496 1154 24255
1478 25 25410
1864 1741 242550
1766 495 17325
1190 1319 4851
279 1835 1815
471 837 266805
910 1891 53361
1931 734 48510
1090 1384 12705
1311 1558 42075
516 851 266805
316 1580 5775
1653 1257 381150
1581 1648 266805
1463 1555 5082
1111 1911 15246
312 1796 47190
1115 1868 38115
1513 1082 38115
675 1893 1815
942 973 6930
1157 553 38115
27 130 5445
952 808 266805
1184 20 693
114 1696 5445
573 1612 16170
1824 725 11781
1541 170 106722
1643 586 32340
993 1117 45045
1616 1276 5082
320 1414 53361
1280 1120 15246
1623 223 4851
1973 1238 106722
1603 100 17325
584 919 6171
1061 1548 48510
691 1183 53361
1724 256 129591
76 30 48510
376 1472 38115
1394 838 1071
707 791 24255
1449 1765 190575
334 1200 48510
766 388 34650
1346 1413 2541
1000 193 266805
126 381 242550
166 1936 5445
660 1180 53361
783 1640 693
289 1653 25410
82 139 24255
11 566 5445
1733 695 3465
883 906 63525
803 655 12705
1302 1569 48510
1081 298 24255
1895 1380 38115
1050 1654 6930
1642 1470 19635
1660 678 27225
430 1957 40425
1175 708 17325
986 640 92565
219 1818 12705
1383 19 117810
712 306 17325
618 1042 88935
1910 1313 27225
1504 998 106722
356 158 53361
1278 1222 242550
1837 1879 1386
1993 55 242550
1697 608 25410
596 1571 6545
413 1624 25410
107 373 58905
833 1906 53361
623 1657 58905
1177 1165 27225
1596 146 5775
1176 711 76230
1395 541 266805
1964 451 11550
1831 893 462462
1390 418 990
575 361 533610
52 1067 82467
65 27 63525
310 179 17325
29 1255 6930
110 1473 48510
572 1148 24255
1284 762 24255
1401 1424 15246
1902 1393 63525
1402 1058 4356
670 1180 76230
1161 1216 4851
1719 634 144837
1689 951 11550
1810 901 76230
115 1443 17325
459 1490 58905
539 827 17787
1850 1455 71148
793 1018 177870
312 1614 6171
915 1831 17787
1610 521 2310
864 1814 86394
1955 743 8085
1501 1236 38115
874 1201 762300
1380 1074 381150
1875 970 88935
1362 808 12705
41 579 76230
156 191 121275
1262 102 17325
1646 1091 106722
1572 1644 24255
230 56 266805
1981 1329 45045
1592 1819 242550
211 222 190575
1366 984 8085
501 647 242550
1805 804 242550
1036 201 11550
1157 281 17325
788 116 48510
911 1884 48510
1844 583 34650
861 871 88935
112 1926 38115
542 477 92565
88 1243 4356
1584 22 17325
801 1489 40425
564 934 533610
1782 1750 9702
843 57 48510
1973 429 15246
1078 1011 129591
1524 1215 15246
574 580 266805
949 1781 39270
1589 31 24255
147 1230 10890
116 456 242550
1588 262 27489
1921 1099 5082
671 1931 48510
569 1031 726
814 1415 7623
1313 436 38115
1363 302 63525
230 1420 266805
707 1057 82467
97 507 8085
1314 1357 17325
1136 1528 23100
345 1094 34650
935 757 161700
149 92 495495
1097 818 29645
1409 1929 53361
1281 1466 121275
1577 131 12705
496 1149 8085
736 1798 15246
1845 1615 121275
1657 1343 58905
1609 636 3465
1929 733 63063
1080 1352 25410
1984 1892 10890
25 408 127050
1494 724 266805
1505 1223 8085
1192 1668 48510
46 1842 2541
1027 1966 45045
1870 1006 5082
715 1735 54450
1204 1406 48510
1903 807 76230
1852 720 38115
1075 1330 7623
1143 481 92565
326 673 121275
933 252 34650
1287 419 177870
757 867 485100
1874 1369 693
1167 1045 15708
144 1940 6930
1371 666 13860
469 1353 13860
1597 922 13860
73 936 3465
1143 696 5445
1757 1761 17787
502 810 11025
165 1947 4620
1799 189 38115
1652 908 10890
612 426 4410
182 486 45045
536 923 19404
1860 1389 38115
1786 951 242550
985 1202 533610
870 1512 72675
793 1690 38115
18 1068 39270
1174 63 48510
955 1534 38115
523 1992 17325
1196 728 53361
1769 1047 97020
1894 310 990
1419 1729 11025
1523 1945 18513
571 1858 8820
1837 1378 6930
1865 251 48510
992 254 935
1854 981 15246
817 1632 129591
1983 311 1617
751 369 38115
556 726 9009
485 1343 3465
988 602 24255
142 1374 24255
1698 1061 266805
143 1603 40425
1412 1397 35574
1317 1694 106722
1224 353 824670
1963 573 6930
381 1137 6930
1053 89 15246
1853 1031 28314
1616 944 6930
1361 1322 18513
100 84 38115
1856 196 43197
968 988 3465
676 372 15246
1491 1636 7623
1855 1386 198
1734 288 121275
738 1971 24255
430 384 444675
436 1502 12705
945 396 444675
879 1222 485100
1130 1476 12705
1822 426 69300
1732 210 53361
1103 575 38115
360 1030 33033
497 1550 3465
1193 1849 6930
1481 378 53361
476 885 45815
1933 1269 17787
1489 644 63525
1673 1659 17325
313 1947 10780
1464 138 1089
5 1260 121275
407 731 17325
844 422 76230
393 971 48510
1607 377 24255
1407 1636 6930
314 762 48510
1699 877 242550
212 842 15246
1416 1652 38115
152 1502 215985
1539 1469 1155
834 1308 9702
1341 1025 63525
1181 941 16170
1576 1167 1122
1388 475 2310
1508 599 177870
1677 1638 36300
624 1941 17325
1949 1553 38115
821 133 17325
1146 1276 172788
1809 195 53361
98 1510 40425
135 413 215985
433 997 23562
4 609 10890
1293 729 63525
1839 540 34650
44 576 5445
723 910 38115
1028 1087 1815
177 772 24255
47 1176 533610
549 404 38115
1750 916 106722
1517 758 27225
1549 1429 15246
1075 1516 15246
108 870 2475
962 153 24255
1360 1172 117810
630 1600 106722
613 292 121275
1815 773 9009
175 1585 24255
958 1314 242550
1001 833 53361
655 61 7623
892 479 88935
936 1958 129591
1356 1944 76230
83 1555 12342
1183 1355 266805
912 1634 48510
1778 519 38115
1578 1608 53361
106 1541 15246
857 1655 693693
1016 1024 15246
1177 715 462825
41 919 10890
648 1371 76230
1258 1905 19404
291 1674 5082
461 257 29645
1807 1379 11781
548 1308 106722
907 1012 126
1895 759 129591
265 727 22050
1218 1433 76230
1493 645 32340
1987 877 6930
1361 91 38115
1981 456 6930
1804 722 266805
1089 273 12705
1212750