9
7
3 6 462
1 2 14
6 0 22
6 4 8778
3 2 7854
2 5 7
8778
15
7 5 98
7 3 3430
5 11 21658
7 9 10
3 2 910
13 10 1547
7 1 5
7 10 245
8 4 35
0 13 429
9 6 5083
3 14 91
11 4 3822
12 4 21
21658
31
2 28 308308
18 5 1666
1 13 1309
15 18 8246
14 23 539
7 25 2548
27 21 2002
13 6 28798
9 25 1274
19 20 6370
8 24 539
17 28 308308
12 16 21658
4 30 2695
17 3 1694
6 3 32186
12 7 476476
10 0 5390
29 26 2597
4 26 2695
14 9 7007
20 30 3185
11 27 490
0 22 11858
5 2 14014
1 16 4641
24 29 2842
23 10 31262
22 8 77077
19 11 41650
616616
62
59 26 1105
23 17 14
32 46 715
36 29 221
5 33 3553
13 45 70
41 4 22
13 44 110
39 34 17
58 56 11
19 53 385
22 23 715
0 44 14858
21 41 2
37 9 55
12 53 385
50 5 12155
38 54 70499
55 16 828971
2 54 121
47 11 77
20 11 55
2 25 1331
55 2 121
52 18 935
29 51 1309
9 2 11
49 17 2
50 1 1870
41 24 1210
20 43 1870
40 26 18590
11 44 55
37 8 10
1 49 1210
10 41 10010
7 43 24310
2 42 11
61 52 170
30 6 41327
15 28 7865
52 37 2860
48 4 18734
6 3 289289
34 48 289
14 15 1309
34 56 6545
61 19 10
35 24 57970
30 31 4862
60 12 4862
27 50 5
49 40 15730
25 28 1815
16 23 1573
25 32 20570
57 45 4199
10 37 18590
48 3 578
13 19 11550
29 19 154
828971
125
83 5 14007
107 93 429
92 75 14
117 94 1518
63 74 9261
123 39 46046
107 75 693
29 121 69
74 42 21
103 119 8151
13 106 2310
32 80 29106
85 69 253
86 68 5
72 68 3
30 119 126
55 19 143
123 11 2310
80 45 15246
24 3 6
70 6 99099
95 60 77
36 68 277830
65 57 175329
11 110 770
106 78 19404
27 113 483
54 68 2646
68 37 21
66 31 1386
46 33 9867
84 35 17710
70 2 66066
9 98 539
47 79 6
66 64 6006
46 99 25047
10 55 1089
2 0 3003
14 61 10626
47 18 3
100 73 429
21 105 189
70 30 126
15 65 33
44 52 1001
63 75 67914
118 3 106722
62 116 69069
82 47 33
14 9 16170
7 120 231
87 51 21
111 34 210
58 117 4356
68 108 15
53 58 1089
30 12 175
88 11 6
36 31 630
23 3 14
77 3 58212
48 8 4290
55 96 63
63 57 693
8 74 315
1 38 180642
110 69 5005
122 98 539
122 71 77
25 43 231
21 67 735
114 105 1386
48 108 345
41 32 9702
91 114 22932
77 91 8820
119 95 2772
21 76 15
111 35 1050
87 50 2205
53 11 495
4 67 54978
25 45 99099
124 111 15
56 73 693
115 40 231
30 111 198450
54 62 1386
22 32 15
47 83 105
81 101 1386
99 16 192027
29 47 630
103 97 429
89 9 462
104 30 105
54 78 29106
112 34 663
49 101 897
28 99 23
80 118 106722
4 44 3234
87 90 525
40 53 4719
78 20 66
9 97 99
59 77 42
36 44 6174
113 74 2205
122 17 14
75 81 6930
53 1 99
56 111 441
21 96 441
36 26 3
6 109 231
95 58 30492
105 97 297
41 29 882
50 63 882
90 16 3795
7 12 385
10 102 23529
277830
250
17 234 2261
136 185 1155
204 215 273
34 237 9009
229 60 1989
173 104 16731
10 0 5775
31 22 6435
170 18 21879
194 119 74529
188 247 5733
105 30 1365
86 9 66759
38 71 60333
33 40 2475
52 64 4641
161 231 18513
183 84 53361
99 111 14157
155 109 627627
154 244 507
13 78 55575
210 129 273
80 66 17787
86 81 36414
59 166 45045
232 120 3003
26 112 33462
130 142 3465
148 103 33033
241 118 9009
195 100 51051
200 160 198
124 152 1155
46 24 5070
230 203 45045
211 233 3465
150 28 16731
186 115 27225
14 98 9009
144 235 169065
67 58 495495
20 220 1911
69 24 663
75 156 4641
231 39 2541
242 149 91091
122 212 27489
181 54 7293
62 159 23205
101 224 9009
221 140 6435
152 127 121275
93 4 13923
50 185 51051
172 15 15015
25 135 7497
155 72 33033
239 62 2275
34 126 819
200 40 45045
128 137 49686
167 246 585
206 17 7514
54 44 3003
145 107 2145
110 139 45045
122 169 4851
56 192 33033
53 245 139230
57 135 28665
125 131 2431
171 89 41055
238 143 29575
61 116 14157
240 104 1287
217 129 5355
7 203 1365
237 114 1071
197 149 13013
123 8 845
29 175 13923
192 240 70785
47 205 99099
219 187 495
133 142 266805
157 73 5733
173 112 117117
108 247 11466
245 85 28665
121 242 7007
67 249 429
75 125 60333
113 179 35035
163 177 16731
147 21 4851
180 49 11781
176 168 273
83 156 3003
63 1 585
201 108 3465
5 183 11781
7 107 12675
215 53 4095
181 199 36465
244 36 9009
170 188 4095
208 51 543609
214 241 9009
193 199 9009
94 202 3003
9 52 66759
16 88 1287
136 90 2541
63 81 1071
146 97 64350
124 100 51051
131 56 3146
202 144 9945
70 0 6435
162 190 31977
133 236 53361
207 60 9009
20 128 72618
69 138 231
198 151 33033
25 178 1617
179 19 910
97 65 17325
154 143 24505
234 224 735
164 189 1287
239 132 5005
223 221 9945
132 68 3003
217 172 3465
134 37 1989
102 51 28611
82 72 9009
226 161 14157
3 195 69615
14 230 495495
77 28 14157
151 207 693693
187 76 585
99 58 28314
123 218 507
182 23 32175
46 85 4095
2 218 117117
175 42 1071
87 146 10890
21 243 11781
26 61 83655
118 35 69615
23 43 225225
64 6 904995
171 184 105
73 55 3003
153 121 8085
74 184 75075
95 117 819
33 59 8415
27 1 15210
22 96 184041
190 243 31977
210 249 21489
153 80 24255
35 248 4095
71 106 5577
246 177 83655
6 223 9945
137 194 248430
36 95 13923
225 89 5355
158 138 266805
82 139 585585
213 11 5733
109 79 2541
113 227 15015
77 191 7623
27 186 6435
182 238 139425
18 106 16731
90 119 21021
45 127 24255
206 180 9537
5 32 11781
55 39 12705
87 91 3366
229 13 9945
196 78 2145
157 220 162435
44 94 231231
31 167 4095
12 134 33813
88 166 6435
141 110 495495
114 176 5355
48 222 935
76 11 69615
30 117 21021
248 41 7605
45 228 15015
148 169 693693
84 191 266805
225 236 11781
232 198 561561
68 101 9009
163 189 16731
93 162 3366
213 158 4851
43 130 45045
219 65 17325
8 168 13013
201 116 1089
196 50 7293
79 140 38115
3 4 13923
96 193 33462
209 15 21945
92 126 575757
12 208 28611
235 150 3978
211 174 294525
57 165 10647
178 212 8085
160 19 102
216 145 21
222 227 1870
83 66 231231
16 141 9009
228 197 65065
147 47 99099
120 164 45045
42 233 4851
48 226 429
111 70 14157
115 37 3465
92 98 819
2 38 3549
174 209 1155
74 10 5775
103 204 51051
29 214 819
49 41 6435
91 102 200277
32 205 45045
105 165 134862
904995
500
221 490 3315
208 254 4950
133 397 150
254 293 495
108 91 78
268 307 231
420 125 858
233 197 12600
362 291 40500
296 190 12012
160 480 3465
92 398 42
212 58 30492
319 160 5082
297 440 6930
362 408 900
241 68 390
96 441 154
30 418 64090
396 238 30
493 150 3630
404 487 15
12 367 105
297 453 15246
68 278 3150
119 175 2
27 433 18
188 318 561
189 92 210
478 492 3630
278 182 90
372 434 105
118 10 770
341 170 2178
390 377 1650
255 160 105
375 24 429
178 481 15015
401 102 12441
493 277 585
317 12 6300
461 298 15
437 193 7
46 71 300
73 215 462
46 211 30
407 343 390
48 231 210
492 289 330
124 128 3
330 202 1260
40 91 396
27 218 2574
449 290 78
112 316 21
201 39 154
171 237 42
72 337 462
186 480 1575
477 230 14586
413 288 6435
464 300 7260
191 444 4290
86 313 6
32 458 7
226 331 15015
396 270 6
299 443 462
369 356 35
391 365 858
71 193 40425
262 16 21
50 446 4620
405 461 42
283 108 4641
443 206 34650
120 13 4290
45 462 165
15 9 4641
448 260 94500
197 448 6300
311 207 3234
8 303 14586
429 37 462
265 252 924
494 46 60
234 257 5148
245 402 140998
6 57 4500
58 392 66
266 322 3553
163 486 5
364 284 2772
338 473 24310
370 213 195
416 447 1326
334 415 11550
364 456 1386
275 273 30
150 497 1815
310 196 30
267 116 462
450 371 15
94 361 15730
61 412 83160
330 237 1260
347 96 39
350 158 64350
271 316 2310
158 294 1
220 478 30492
236 154 30
95 353 42
87 459 76230
393 22 66
470 247 1890
488 357 546
362 475 60
382 90 21
346 424 378
403 280 66
290 206 4620
305 195 17017
251 431 21450
465 207 18018
267 51 6930
374 373 3300
69 128 4950
228 461 13230
229 334 4950
56 365 42042
427 368 3
158 243 141570
170 67 18150
64 260 10
479 249 30
352 136 14586
55 304 882
280 285 396
141 417 210
366 99 546
385 212 858
217 177 363
409 98 30030
333 148 76050
275 106 180
256 46 18
364 43 3
185 260 300
106 52 1980
255 196 105
397 114 90
489 380 6300
460 380 94500
366 121 13860
346 3 3234
74 289 180180
151 432 8580
463 34 9900
12 179 8190
98 427 4410
131 390 21450
60 348 6006
25 92 30
410 33 1155
226 422 10725
360 306 11
115 220 16632
101 109 21
210 476 78
155 482 28665
229 292 64350
260 312 30
440 304 882
90 486 20790
156 199 2262
93 424 30
54 435 242550
343 63 25740
173 423 6300
147 292 2310
32 195 294
91 142 1980
419 250 66
46 239 450
0 243 5940
426 115 3528
61 402 132
127 325 429
399 349 300
432 0 1980
426 462 1260
78 154 15
309 135 70499
257 61 2376
181 61 45360
76 127 10647
181 351 900
455 184 6
181 301 15
29 376 17325
41 354 450
223 378 825
334 490 450
152 55 105105
173 178 525
53 66 2210
174 326 78
351 487 900
261 433 450
201 357 8820
7 316 462
32 440 13230
243 436 39
176 144 33
324 476 283140
323 62 390
162 172 462
154 36 3
482 434 4410
438 421 2310
286 219 66
50 410 2310
246 433 450
434 342 21
274 192 2310
359 424 6
386 335 11700
4 28 15249
379 300 2310
185 125 9438
24 358 990
215 41 12870
284 439 70
485 110 429
246 157 2145
121 320 7260
269 280 78
291 449 6
302 67 2145
18 0 34650
348 486 6930
193 153 105
463 383 762300
233 97 3150
285 173 36
75 453 462
131 265 23100
146 239 15015
80 281 105
290 330 5460
376 120 10890
474 355 11550
460 89 23625
456 172 90090
105 240 1155
90 412 291060
126 381 30
252 468 2574
406 281 2
397 261 450
169 259 90
427 223 105
228 54 145530
217 320 7260
52 414 50820
329 249 138600
428 186 1575
182 487 90
331 291 210
233 88 420
71 399 14700
433 244 270
317 483 105
345 275 10
62 370 167310
325 378 726
83 227 390
461 400 36
353 102 63
17 224 858
327 244 6
196 70 210
206 354 63000
143 469 48510
220 136 198
271 339 5775
139 6 30
32 262 18522
166 196 5
388 252 182
333 91 11700
34 460 900
63 128 3960
489 344 2730
425 5 2310
356 339 63525
137 197 2310
152 118 13475
254 30 100
2 358 10
225 181 12
59 465 4620
447 480 585
376 309 11
40 247 2772
11 466 62205
159 165 6006
17 204 64350
92 295 1
87 130 2475
386 31 210
291 411 1260
435 469 48510
128 248 550
396 199 12
326 122 30030
250 289 69300
100 299 3094
428 462 34650
450 185 3300
88 5 420
313 109 47250
148 240 2925
311 21 77
393 18 6930
497 232 1155
228 466 990
156 17 1170
389 395 2145
165 217 3630
484 89 105
281 262 2646
438 276 45045
6 113 3150
381 113 4950
451 181 42
263 319 858
234 129 18018
200 286 105
103 249 1
214 119 16940
413 335 64350
411 141 13860
264 308 315
452 355 80850
287 65 132
442 291 105
287 94 1210
457 408 2730
248 286 6050
189 225 2958
499 498 10010
191 281 6300
250 472 210
53 278 1050
4 486 63
475 214 2860
179 428 630
196 374 300
131 284 60060
452 37 16170
415 69 21450
85 198 990
287 190 660
114 84 90
433 263 30
377 276 1155
109 340 18900
311 75 462
412 44 6
123 459 66
184 423 180180
104 256 54723
324 154 180
72 478 50820
397 117 30
35 306 330
278 145 42
369 399 455
82 202 210
445 471 330
208 279 30030
19 129 135135
203 76 390
132 471 1575
496 129 165
446 20 210
42 237 6
395 89 2475
46 315 90
354 353 3780
277 132 55575
173 151 420
313 380 47250
274 361 14520
188 333 585
373 169 900
222 233 5
135 140 1859
396 376 3150
361 58 2904
201 254 9900
424 370 270
202 142 1980
381 293 5445
155 137 8085
81 198 165
249 306 1980
209 19 15015
329 23 110
467 97 6630
454 433 6
251 308 900
293 244 6435
119 322 1694
264 424 315
121 115 5544
134 149 1155
288 453 693
336 446 66
84 384 30030
275 38 10
426 122 2730
358 450 346500
227 282 167310
173 63 360
107 117 1365
365 218 36036
460 233 567000
205 308 44100
491 0 2
159 471 1386
154 169 13500
54 430 6
74 216 330
145 485 546
487 51 90
164 85 273
169 49 42
187 296 1
461 257 216
205 48 485100
373 464 7260
487 362 40500
204 242 2145
350 378 4950
356 180 385
259 1 19227
96 443 6930
340 176 103950
138 317 210
220 272 462
262 168 273
498 128 660
19 328 3
198 346 594
265 149 80850
315 235 62205
29 470 1575
140 47 15015
424 57 900
143 394 30
56 111 30030
14 284 78
329 427 4410
477 431 55770
296 321 462
468 107 6435
194 170 30
77 396 105
474 313 9450
253 397 15
143 79 42
221 442 1155
268 494 2310
340 400 396
324 336 9438
57 448 4500
133 183 66990
493 9 2574
59 3 25410
65 258 754
282 422 6435
464 387 26
470 130 2925
109 275 4500
332 476 33
27 314 429
274 72 101640
247 161 42
495 383 330
349 176 150
167 474 6
26 414 1430
341 177 33033
8 397 36
118 473 550
363 237 105
762300
1000
588 922 255
223 683 6
831 113 324
462 282 26010
881 190 90
726 644 3315
31 4 1530
415 366 27000
816 374 19227
98 839 30
464 491 13500
216 280 102
720 106 5865
858 402 6
838 489 12285
493 242 15
288 682 40698
601 859 1530
472 13 1
56 67 450
121 600 6
888 243 900
718 71 195
58 296 11730
746 490 30
309 84 15
433 317 585
547 951 1170
541 614 76050
544 956 30
2 483 51
833 412 180
301 555 3150
181 491 9900
559 203 15
81 324 30
55 642 5355
315 653 7650
511 848 65025
34 208 765
289 530 390
178 510 900
528 418 19890
717 901 30
68 825 1530
27 979 82110
923 959 9690
390 124 3315
583 185 105
778 110 99450
755 841 35100
621 853 22950
276 66 15
951 450 15
772 376 630
757 769 36414
241 57 765
850 916 900
335 723 30
86 593 9945
16 331 15300
158 436 3
393 951 225
205 193 13005
738 76 195
556 982 225
47 695 3366
551 0 6
341 582 255
520 759 3
340 166 15300
502 64 10710
601 162 6630
699 854 18360
425 118 9690
61 96 7650
632 826 49725
3 681 5850
581 693 3150
186 24 255
499 856 90
142 192 540
346 660 15
255 459 3825
248 704 2700
873 257 1530
271 859 90
754 479 49725
730 566 210
149 552 3150
379 135 1530
361 514 3705
104 980 9690
141 893 195
212 229 225
898 948 9690
990 85 30
811 361 3150
723 522 2340
290 747 102
213 45 19890
933 170 1530
831 909 15
913 643 62985
894 427 182070
315 54 7650
566 316 11700
160 37 969
939 281 3570
920 245 1530
974 182 3825
690 891 585
564 348 90
992 663 45
206 637 9450
637 175 765
944 107 1260
895 986 1530
821 364 114075
92 979 180
274 267 1530
291 191 3315
940 743 6
302 448 15
349 302 90
460 443 49725
357 544 51
537 178 180
47 399 51
796 821 152100
226 989 6
269 985 38019
687 485 9690
228 971 46410
936 920 9450
139 915 3315
630 690 15
700 553 130050
653 103 1530
515 95 1530
521 312 26010
365 410 6750
230 419 273
212 797 3825
326 896 2340
101 901 630
176 982 30
81 484 17550
742 790 390
635 225 28101
666 145 13500
792 200 40500
568 322 969
811 420 180
462 25 3060
816 421 234
947 889 6
488 458 1350
222 503 39
467 97 225
410 327 10710
965 785 195
842 455 210
570 739 810
54 784 255
149 168 630
199 444 6
378 749 54
63 540 675
686 698 11700
655 164 390
298 785 87750
744 266 9690
877 866 15
145 338 1530
754 517 30
56 187 4845
209 83 1530
739 501 21
868 90 663
988 365 540
177 740 270
136 781 56610
449 815 49725
263 388 99450
908 163 102
852 576 9945
925 833 2700
895 430 51
359 644 67626
897 131 6750
704 842 13500
819 523 9945
280 634 119340
197 409 2295
620 408 39780
365 504 450
836 156 3570
892 749 9450
561 719 39780
194 739 117
620 874 15300
611 860 72675
958 28 450
933 602 14535
925 912 510
884 419 675
610 579 255
552 542 255
128 71 5850
77 113 9828
28 557 450
246 665 9
82 947 195
295 558 6300
674 16 450
172 707 9180
854 102 5400
885 126 9900
565 389 255
617 145 15300
710 189 306
387 900 510
499 931 6750
627 799 1710
641 9 2340
893 119 17325
790 540 6750
856 265 1530
540 931 6750
824 92 5940
100 247 2601
822 491 1350
930 897 1530
765 800 30
777 512 15
722 694 15
428 252 25194
941 269 45
437 167 29070
432 23 5850
440 706 45
702 159 62985
406 984 450
736 394 1575
639 46 19890
199 146 225
837 70 13500
388 355 510
238 337 450
220 605 3315
473 838 15
386 163 10710
902 810 15
364 529 585
479 812 2925
25 401 16380
540 938 6
376 9 180
378 877 108
15 867 30
999 745 15
14 263 1530
629 102 30
636 929 450
740 409 4590
879 957 3510
221 936 45
579 727 255
771 862 12597
278 587 7650
11 665 90
592 244 15
773 666 390
810 926 6750
202 706 450
732 778 30
914 285 34017
333 48 105
637 655 28350
674 600 1170
766 54 1530
348 336 1938
978 1 4845
113 598 51
487 140 510
229 267 3150
460 920 11475
998 961 585
617 505 15300
6 465 15
403 325 13005
887 928 5865
659 140 6300
588 884 65025
429 825 41055
41 323 450
857 459 255
608 207 22287
496 640 4845
883 881 3510
582 331 7650
763 802 19890
745 684 30
516 108 30
23 604 15
766 712 35190
88 968 15300
237 551 900
855 243 290700
18 297 51
422 466 5202
779 987 1365
639 433 5850
832 613 30
678 154 126
904 835 5865
488 795 30
232 144 1350
810 827 1350
929 924 39
395 543 540
557 91 5850
901 238 18900
255 921 7650
229 387 4950
31 464 180
5 180 1785
812 99 165
102 433 20250
173 49 8775
8 707 390
845 377 30
508 268 3315
369 538 9690
676 30 1530
572 50 9690
665 307 30
774 147 44574
433 968 6750
101 432 19890
510 313 9690
977 680 22287
222 295 450
814 177 30
858 128 17550
198 959 13005
570 224 255
583 62 255
160 789 585
401 2 2340
721 698 510
249 184 9945
775 111 14535
415 569 2
127 874 7650
834 724 15
752 67 225
861 806 90
12 218 1326
879 612 255
120 219 105
59 676 5355
731 173 390
146 976 4845
584 180 675
411 989 45
626 195 7956
142 663 270
650 182 225
298 320 35100
837 137 13500
73 984 225
21 58 90
236 934 3315
745 485 450
747 416 11628
870 833 2700
995 248 78
970 574 255
894 18 182070
255 204 7650
559 801 22950
49 756 3825
903 787 10710
161 91 90
366 484 1350
707 575 6
948 883 1170
463 206 210
426 758 255
116 830 26010
675 383 27000
127 509 195
192 268 7020
765 640 225
403 22 510
74 714 2601
863 615 30
899 746 225
150 515 30
350 850 11730
782 858 1365
980 553 1530
558 634 7020
421 41 3510
861 667 90
468 67 15
689 951 234
507 621 765
392 452 13005
864 592 30
553 567 255
531 442 51
714 417 75429
69 713 510
978 105 225
223 434 450
29 69 3825
306 761 5850
564 942 315
587 234 30
154 426 306
268 667 2700
245 172 52020
709 739 90
292 536 22287
581 994 51
214 870 9690
64 293 255
171 671 14040
678 883 7020
637 274 1530
502 688 21420
228 173 2340
944 759 180
789 781 90
358 819 102
412 654 10710
231 420 612
849 803 3315
480 880 15
991 223 30
70 528 1350
416 131 1170
549 476 2925
381 551 90
821 843 2340
749 128 6750
115 464 180
628 396 273
118 366 180
247 440 9945
271 112 15
675 876 630
787 95 139230
801 794 3060
132 838 273
39 279 540
210 421 1170
155 347 13566
504 92 450
189 952 9690
266 950 900
96 151 1365
398 647 22287
655 217 90
916 765 405000
897 562 7650
438 353 153
693 877 450
254 144 765
301 633 10710
84 431 40500
614 869 195
650 299 390
87 105 45
526 137 510
750 599 4845
942 550 5865
386 114 10710
670 768 1170
495 458 90
413 178 180
318 769 36414
734 839 30
597 668 19890
380 272 4845
986 20 3060
840 507 22287
68 960 51
78 88 3570
200 184 1350
581 666 2700
543 716 26010
770 871 9690
196 238 16380
622 592 3150
330 415 4950
564 404 1350
39 841 540
657 134 6630
368 456 6630
606 283 765
107 308 390
743 657 900
453 525 255
340 506 6
492 611 450
827 170 99450
703 97 51
627 114 29070
44 15 450
423 435 29070
516 378 216
638 57 5850
818 519 9945
117 418 39780
699 633 26010
122 768 11628
925 972 390
177 436 40500
837 535 175500
619 686 450
105 585 30
793 464 225
682 910 1530
427 318 182070
810 367 15
907 73 3315
990 801 2700
926 662 1530
830 524 247095
543 178 3240
91 860 2925
302 232 20250
74 40 169065
753 51 13005
839 111 45
345 606 9690
551 807 15
577 998 3315
253 812 17550
780 80 5202
591 271 30
966 805 195
691 927 15
328 394 3150
658 326 152490
73 424 15
319 249 663
218 495 1530
562 568 9945
44 372 7650
947 648 36
599 451 98838
969 891 9945
43 460 15
647 842 90
486 165 1938
436 808 510
691 135 2925
232 20 1350
443 728 255
593 242 1530
246 943 66861
842 253 2700
528 320 17550
481 832 630
736 152 3315
833 351 6
404 667 2700
705 23 1170
447 740 765
248 34 3150
989 352 30
200 159 225
67 916 101250
45 113 7956
724 394 20250
242 452 26010
663 79 15
364 283 8775
916 431 40500
80 700 26010
724 122 216
87 946 111435
446 86 2295
603 6 30
915 792 675
697 362 3
505 796 11700
828 549 15
656 206 90
50 100 2601
328 820 6930
239 966 255
342 35 510
258 476 3315
636 200 900
21 233 450
710 839 126
652 534 111435
222 263 17550
973 366 15
200 885 900
563 380 39015
695 70 180
414 667 900
192 382 6435
699 2 18360
785 605 2925
437 792 900
848 312 130050
870 446 9180
653 366 20250
749 511 675
356 215 7650
803 81 5850
349 548 23205
975 792 165
371 202 7650
49 778 149175
289 631 3
892 198 765
827 125 7650
931 886 1530
445 372 13005
393 197 225
623 989 18
654 918 255
855 77 900
844 559 3825
129 844 3825
711 646 9690
659 155 1260
325 63 13005
340 161 90
681 533 165
316 829 180
52 7 3315
129 109 55575
68 144 59670
880 359 3978
392 373 255
383 92 16200
183 549 1170
486 304 1530
157 623 130203
565 11 14535
449 304 7650
737 691 1575
516 776 1530
851 36 1326
275 344 7395
622 294 7650
183 780 43758
854 983 30
60 537 13566
499 954 450
953 671 1170
84 632 2700
383 556 225
806 410 6750
957 72 2340
332 888 15
32 283 49725
369 458 450
46 813 3978
384 688 3570
33 484 105
865 729 1071
751 810 45
338 474 38454
147 755 90
586 716 6630
105 953 1170
964 28 3825
32 911 62985
59 362 9945
762 535 1170
743 64 9450
471 414 9690
824 678 7020
199 817 45
512 779 3150
320 669 540
250 133 30
969 706 630
794 370 1938
560 270 15
431 872 30
919 51 510
302 275 450
356 454 612
704 6 13500
811 741 450
499 321 21
943 540 90
596 615 4095
511 708 255
138 130 510
722 380 2295
993 966 90
227 667 3
906 131 15
685 578 630
285 997 306
97 791 195
748 793 5865
967 262 14790
21 310 195
494 841 11700
992 947 315
126 497 390
650 523 8775
104 968 510
356 407 105
353 76 1989
194 500 58311
806 61 450
259 177 15
35 148 198900
102 536 45
668 729 765
662 383 90
783 634 510
678 831 3240
70 554 30
138 89 6
371 277 510
823 665 450
289 692 15
438 106 3825
574 949 6
989 993 90
215 282 7650
417 360 13005
94 84 15
696 197 663
223 853 1350
663 903 1350
935 179 69
756 715 4845
723 467 225
181 798 510
619 616 4845
879 602 9945
16 475 3825
804 382 195
555 578 630
142 771 153
475 767 255
241 673 561
645 957 195
195 531 3978
921 166 175950
988 928 765
270 806 270
722 119 3825
320 478 3
411 997 765
563 177 135
408 339 6
48 625 630
211 221 140505
663 915 675
148 205 7650
470 235 9282
168 820 8190
762 930 377910
4 764 5814
685 580 3570
3 706 1350
360 954 7650
30 917 510
945 39 4845
169 822 1350
494 20 11700
372 133 45900
990 273 15
847 523 11475
884 330 3825
431 596 585
48 174 90
316 470 2340
298 291 5850
996 737 3825
839 312 2700
967 406 630
75 539 3570
125 334 1785
426 498 15
563 397 3315
264 753 2601
240 323 9690
764 743 126
15 346 405000
17 886 969
300 741 6630
597 574 1530
625 54 180
281 116 130050
515 573 6
607 664 510
435 532 102
500 763 63
434 624 9690
492 10 39
775 659 450
257 231 4284
882 638 30
818 788 2805
257 669 540
690 888 87750
138 675 37800
621 488 22950
937 845 30
77 457 5850
120 26 51
196 806 180
765 329 30
232 136 630
749 822 1350
770 576 5355
587 337 450
317 513 9945
454 772 3978
461 877 30
608 223 9
253 93 510
561 546 676260
873 733 19890
375 379 102
453 123 1638
472 941 49725
877 254 45
406 755 13500
831 362 1350
529 286 62985
278 541 5850
584 512 6750
477 776 49419
615 628 8190
735 634 6
340 168 4590
381 451 5814
950 980 90
305 546 1326
677 878 51
66 175 585
709 745 450
655 677 3510
391 964 255
41 302 6750
724 156 2700
137 936 6750
823 626 10710
845 2 14040
84 122 108
38 153 306
547 260 306
422 522 7956
120 172 4590
815 982 3825
570 711 15300
638 190 90
311 632 78
950 518 210
153 790 90
521 935 2142
997 256 510
643 222 2925
881 19 255
843 896 2340
868 558 585
722 289 20250
555 481 630
446 932 42
469 306 6
705 838 7605
103 905 246330
963 376 30
171 237 180
365 846 15
385 458 66
169 24 5850
205 47 15606
204 413 58140
354 974 3315
564 29 225
751 466 3519
133 757 1530
83 524 765
265 594 6630
482 641 9690
797 284 255
441 447 23205
852 670 38025
439 661 255
664 489 40950
936 896 9450
961 901 45
527 677 390
102 53 30
404 760 9690
209 865 1989
306 63 11475
279 589 390
609 294 39
445 981 969
642 457 765
251 66 5850
513 595 255
759 669 540
314 746 6
38 786 9282
584 990 101250
109 36 7605
42 955 140505
75 833 900
7 409 26010
209 648 612
42 892 1530
263 390 3315
6 761 450
895 962 51
680 279 90
535 853 1350
941 157 765
287 210 4845
184 996 3825
193 519 14535
890 656 22287
178 261 30
686 213 5850
679 14 1530
394 408 270
958 294 450
343 858 3
880 169 17550
201 110 1530
280 829 180
905 583 5355
303 672 210
904 555 450
652 706 45
701 117 390
346 725 30
650 65 15
363 3 51
415 847 1350
271 419 1350
817 201 14535
672 270 19890
813 957 234
233 439 3825
752 875 62985
832 199 17550
167 143 51
826 934 49725
327 847 1530
635 223 9
571 15 30
733 123 1638
156 651 3
584 217 90
543 590 102
188 903 6
545 436 15
180 809 21
876 264 20349
107 423 1170
472 899 2925
570 208 765
174 405 222870
579 802 1530
252 665 36
799 395 450
679 671 3060
260 477 49419
653 649 1530
544 72 3060
251 649 139230
400 990 15
489 746 1350
824 86 1755
926 438 160650
406 368 900
84 712 90
689 171 468
40 288 2601
600 395 38610
21 759 52650
910 55 19890
719 492 30420
346 789 6750
929 618 195
988 115 2340
676260
2000
1170 1987 4356
1371 756 50820
1363 1897 132132
1245 861 18876
487 1977 462
629 1578 6292
977 1636 44044
964 960 7260
1867 1842 50820
1391 201 53900
1588 1718 31460
1753 1080 132132
345 431 10164
1727 1123 56628
533 307 6292
999 139 1452
116 1871 9438
1141 42 6292
235 1809 736164
734 151 32340
1118 1163 1716
191 1147 132132
305 1621 18876
881 900 71148
581 654 6292
1958 1622 30492
302 317 18876
61 664 56628
920 1380 12012
1501 1674 2772
1716 1991 56628
1216 1649 308308
1039 190 924924
1219 979 132132
1504 1565 118580
571 1298 924
1780 999 132132
1695 1355 572
78 1497 924924
1728 1574 132132
756 446 6292
1634 1509 132132
1238 526 396396
163 1641 396396
50 1840 4356
558 498 56628
1553 610 2772
1663 1184 10164
934 66 44044
1425 724 10164
787 327 30492
1959 1087 7260
1713 1403 213444
88 806 2772
1699 1582 468468
403 587 3388
521 1173 132132
1684 1490 30492
1755 801 6292
956 831 9438
1659 565 132132
1007 997 286286
852 987 396396
356 1236 36036
35 815 18876
333 926 30492
1364 745 18876
1449 1397 6292
864 1113 396396
858 1849 213444
1864 1093 97020
1394 426 71148
1788 1155 44044
77 699 56628
829 1062 597740
972 211 30492
1467 1486 60060
1272 73 81796
1353 1825 44044
1491 1060 12012
1024 971 7260
349 1201 18876
639 1022 56628
738 650 94380
1310 1757 30492
1301 1341 924
1628 1847 18876
1758 1500 6292
1038 538 245388
1301 1386 29172
275 1595 18876
1813 1959 94380
1133 991 71148
384 1733 736164
578 1875 308308
1795 1471 44044
493 69 94380
992 1353 44044
524 265 13860
1902 1711 30492
682 1569 71148
273 1483 7260
496 1136 924924
1730 157 245388
182 644 10164
1701 1950 924
1311 1878 50820
1233 1519 10164
342 1739 71148
0 201 32340
1321 1448 152460
141 1670 30492
1 755 152460
875 202 30492
487 1158 6006
1297 1920 30492
555 1996 50820
1901 223 16940
642 971 18876
783 1379 4620
1822 1268 21780
1896 414 10164
1900 945 30492
1885 683 1452
981 152 18876
1606 748 4620
765 587 10164
678 757 6468
181 162 3146
787 442 30492
197 1440 132132
220 411 132132
1995 1750 396396
1909 522 1716
1892 724 12012
886 334 132132
598 1494 56628
565 1375 94380
769 109 5148
660 1619 71148
2 191 28314
185 1490 30492
1566 438 132132
519 343 132132
1100 1205 220220
52 1343 32340
403 1053 31460
976 1477 50820
59 195 21780
838 168 16940
590 1294 10164
350 1511 18876
421 1101 71148
1026 357 10164
1200 1551 3388
1871 1855 6292
221 1369 18876
1624 1462 59290
542 563 71148
1919 248 44044
127 1422 30492
1149 26 2420
914 977 44044
774 255 71148
1345 464 36036
1908 1747 31460
628 594 736164
1160 1487 132132
257 1150 152460
1436 1575 5082
1904 1923 4356
1715 1132 44044
617 1120 660
1454 786 10164
1275 1668 71148
1361 647 10164
366 1606 4004
323 619 94380
415 1403 10164
1675 429 6292
63 631 12012
1938 1083 132132
1455 1791 152460
1642 941 94380
1446 1913 23716
1690 1253 152460
1058 1129 18876
986 1602 18876
482 961 152460
883 684 10164
49 1591 283140
1943 1473 30492
1034 917 924924
1739 719 308308
508 263 6292
1107 662 660660
434 1376 44044
137 417 71148
484 422 10164
221 1108 10164
1692 317 245388
383 226 44044
1114 1844 36036
1389 1012 10164
1206 304 30492
666 1882 5082
466 608 8580
7 919 56628
528 1623 10164
1505 599 132132
937 1032 30492
676 395 18876
1428 376 6292
1823 1754 30492
657 930 462
494 1035 30492
447 1508 44044
1202 1594 18876
326 1166 132132
1205 186 4620
1616 504 56628
743 738 9438
544 595 56628
229 908 18876
645 246 56628
541 1666 4620
1089 1030 10164
93 557 30492
1018 994 7260
463 1535 56628
1506 1495 10164
883 1853 396396
1145 424 4356
484 373 10164
1650 457 71148
121 48 81796
337 134 71148
1861 1653 56628
1737 1594 31460
297 1749 16940
1275 1881 30492
1799 1527 10164
1508 423 44044
325 76 10164
1221 1067 132132
1220 1874 660660
1112 776 213444
848 1722 44044
717 1802 736164
1786 1029 56628
814 1053 18876
1140 398 56628
1081 1908 50820
1956 1265 56628
1746 131 106722
318 1109 30492
1560 1104 152460
1896 1413 6292
1533 1689 71148
1151 1559 10164
1081 1758 3388
1352 1419 18876
1107 1 50820
549 488 23716
1169 367 60060
1004 1984 56628
98 954 71148
596 1278 10164
1316 1194 6468
827 490 13860
180 788 8580
175 1480 7260
1555 674 32340
867 837 13860
1198 1522 18876
1862 1646 31460
164 786 50820
154 238 396396
947 482 13860
767 378 355740
980 116 8470
1838 1435 71148
634 397 10164
1411 24 15246
605 27 81796
1479 1372 6292
507 673 44044
346 355 31460
1181 106 56628
1995 257 30492
1441 1888 81796
9 476 10164
1942 1259 81796
651 1694 132132
160 175 16940
638 1828 5148
1422 1821 18876
1933 1936 10164
1747 579 31460
1889 850 924924
1715 1698 44044
473 1265 4356
1495 768 18876
890 925 18876
901 930 114114
1985 913 50820
576 907 132132
242 1866 132132
941 159 4356
1599 208 308308
1554 860 1452
1429 319 44044
122 1505 132132
1040 1974 18876
64 1980 71148
118 340 213444
1118 979 12012
1213 19 30492
111 207 1452
726 313 924
273 1146 7260
62 653 924924
1260 361 308308
1935 1376 836836
1264 223 18876
1559 368 132132
75 1405 44044
396 140 18876
513 1755 3388
21 1084 21780
1466 799 213444
735 627 4356
156 1061 50820
536 868 355740
1561 789 18876
1270 289 13860
90 948 132132
1084 1321 108900
1306 1748 30492
1042 1284 10780
407 133 132132
288 1977 15246
356 1537 6468
1549 360 10164
99 237 10164
1040 1049 18876
882 1819 18876
1681 1157 44044
623 870 434148
1707 1451 132132
1029 775 4356
600 975 84
1593 853 10164
680 131 9702
813 158 97020
591 75 10164
603 1764 19404
938 1096 6292
1590 704 12012
1092 1459 10164
988 1564 50820
436 659 16940
124 1072 18876
59 1079 30492
1727 1109 21780
202 1491 10164
224 1875 44044
1790 1209 396396
444 392 10164
363 1453 213444
1763 1256 245388
643 1228 18876
330 1291 18876
1399 1076 18876
995 1825 18876
103 254 18876
1712 1721 30492
975 13 1092
477 33 56628
702 642 132132
525 1761 44044
553 718 132132
1437 1791 1452
1917 1509 132132
1928 1032 15246
149 262 56628
1863 1611 25740
1394 611 924924
1678 220 10164
1982 1658 132132
1133 1926 23716
854 849 31460
1206 1949 56628
800 148 18876
802 618 6292
259 1768 396396
1930 602 132132
251 1732 18876
972 628 56628
1388 632 132132
955 422 94380
1449 1612 6292
732 1072 18876
312 1358 213444
1746 1333 5082
1014 46 4290
1023 1100 220220
1016 1991 21780
406 502 10164
1753 226 132132
255 1845 213444
1814 1973 396396
1232 761 924
222 887 4620
367 1775 132132
851 1952 6468
1102 107 66066
700 819 28314
1903 183 21780
285 1074 56628
1778 435 81796
1464 1285 660660
347 616 13860
1148 94 30492
60 353 6930
1141 967 245388
337 1261 924924
0 621 19404
508 178 924
706 491 213444
981 150 396396
564 1851 66066
1415 1631 56628
1442 1432 36036
605 1025 6292
213 306 56628
439 1218 23716
768 643 94380
1738 1099 25410
1426 120 10164
408 1004 396396
1843 1824 21780
1941 703 924924
1672 1006 396396
1330 32 213444
209 1676 10164
1298 775 13860
1487 1017 132132
750 1160 56628
24 916 28314
1115 84 355740
1880 1191 18876
1453 805 10164
1235 169 4620
1135 1656 924924
1831 1421 50820
1534 693 18876
1924 56 21780
1669 386 736164
382 467 368082
828 1293 132132
1416 550 32340
1544 700 9438
808 419 71148
1493 252 220220
1448 1184 30492
1884 28 132132
473 456 21780
130 855 10164
236 1640 132132
256 103 245388
1036 1061 132132
510 923 4620
1687 588 924924
261 593 2772
811 32 10164
1131 1577 6292
1390 1044 44044
902 432 10164
420 1356 12012
1877 479 66066
1427 1911 30492
781 539 10164
90 1610 56628
694 1558 132132
1113 1003 396396
1025 1482 10164
541 1251 12012
1615 104 30492
1177 48 81796
178 145 19404
82 270 32340
622 1282 94380
1975 121 18876
293 167 30492
1864 1528 19404
793 1603 132132
958 1077 6292
1639 813 19404
1964 1343 19404
1737 474 6292
984 1214 245388
719 295 23716
722 576 396396
110 1236 36036
898 1934 71148
248 758 44044
372 292 152460
687 1548 50820
534 1560 152460
125 218 30492
1744 57 18876
1589 388 19404
1047 592 56628
1993 1834 23716
1983 647 31460
1948 1027 10164
892 1397 1540
1990 1517 71148
1035 529 56628
1057 839 66066
778 1020 6292
782 607 2772
510 892 32340
607 1492 18876
744 1194 12012
1292 705 132132
1075 1477 10164
51 1815 44044
1200 1464 3388
1806 478 71148
1719 856 10164
1295 1357 81796
1890 1922 94380
844 1179 9724
1934 305 30492
1860 1176 81796
1873 1168 6292
1938 5 132132
1037 30 4004
1293 660 132132
296 1090 286286
644 1796 213444
1468 1452 10164
614 188 13860
1752 1289 12012
1639 1902 213444
1246 1359 19404
1000 198 396396
1931 1884 132132
483 1669 18876
573 938 10164
612 640 660660
1552 580 94380
722 584 10164
871 355 50820
1971 1409 44044
1306 10 30492
573 1742 30492
586 681 152460
450 77 30492
360 1611 4356
1750 506 396396
1079 1406 71148
1546 1304 71148
1890 274 132132
1351 1910 132132
1837 1502 10164
315 1245 10164
900 572 16940
711 1255 50820
1926 297 118580
291 1249 6292
438 1749 44044
1310 514 56628
275 146 7260
452 746 19404
1191 1314 396396
10 1315 7260
523 1517 16940
1238 1547 18876
556 1219 56628
359 1013 10164
1600 1648 30492
804 1396 94380
583 101 396396
687 1646 7260
147 782 4620
1535 780 56628
1854 959 132132
333 1106 56628
1504 1721 10164
1375 696 18876
1313 595 56628
875 4 396396
943 154 396396
1456 1398 44044
1547 182 24684
1161 945 56628
1682 276 35574
1672 967 56628
1373 1766 660
1368 669 56628
891 1637 11858
1105 352 30492
973 965 4620
137 517 30492
1922 1038 18876
1039 1374 132132
1148 1584 396396
1465 895 18876
516 1196 18876
1519 570 13860
1387 618 7260
199 1288 44044
1260 1467 44044
80 170 132132
1450 730 31460
1026 1401 12012
733 1770 10164
1836 219 308308
168 571 4004
685 1213 18876
1330 563 213444
1460 174 396396
1754 908 21780
385 1990 213444
1304 1095 30492
1459 776 30492
1576 151 23716
601 390 32340
1498 243 7260
658 798 132132
1323 1834 16940
1767 1082 94380
1870 1031 71148
153 136 35574
686 1235 4620
133 1657 18876
832 369 33462
1447 1362 18876
1849 237 213444
501 28 220220
682 552 924924
917 179 66066
1564 311 355740
985 1656 10164
1276 1409 44044
1187 421 213444
1189 574 50820
1518 1660 18876
1405 671 748748
96 1808 21780
1195 520 94380
858 1273 10164
163 1361 30492
865 1543 118580
970 189 33033
1128 1697 7436
468 1726 56628
256 1478 56628
1949 676 245388
227 428 18876
319 1620 924924
224 306 18876
155 1883 12012
1308 1841 152460
874 505 118580
281 1170 56628
456 1022 30492
948 1664 50820
825 16 132132
954 105 308308
1333 1820 50820
1481 106 245388
366 970 286286
1345 338 12012
752 1662 94380
850 1440 132132
918 1932 19404
797 677 18876
1556 1665 30492
614 772 19404
1677 83 18876
1400 1220 18876
1954 1514 6292
1865 683 94380
245 215 5148
847 1692 18876
1262 606 18876
1546 266 924924
558 942 5148
1024 1543 50820
1704 1501 4620
1636 872 132132
830 249 2002
128 1419 2420
1407 147 572
1630 464 36036
652 781 50820
144 1428 44044
1286 529 56628
185 1616 56628
1456 1441 572572
1761 1438 44044
1937 1784 21780
774 358 10164
1325 1992 924
1999 20 30492
331 985 7260
396 1069 30492
1927 425 355740
1883 933 36036
34 1259 18876
681 1932 30492
661 950 132132
107 882 9438
1998 1096 572
1031 1241 924924
1695 1212 220220
374 1889 44044
785 1552 132132
6 190 132132
1905 465 30492
1813 1192 132132
968 468 56628
79 1481 245388
1254 650 132132
966 1826 156156
638 1526 2772
1458 1349 3388
1404 1762 6292
1972 1983 6292
1239 4 30492
1760 286 23716
980 1121 11858
1769 359 16940
879 1856 56628
1794 394 56628
937 994 18876
878 984 736164
827 623 1452
503 187 10164
1913 601 28028
38 19 10164
701 1240 44044
68 17 22308
205 1866 132132
99 1413 31460
932 1644 18876
1544 1745 132132
1320 1066 2772
1916 231 10164
812 602 132132
1826 1981 12012
1390 35 18876
34 1305 132132
1002 1520 56628
483 784 132132
1145 914 1452
18 757 462462
210 1042 28028
1334 1705 132132
1679 1688 10164
1005 173 30492
887 624 32340
1668 354 132132
1665 877 198198
1542 57 132132
74 748 19404
577 1950 660
1857 1059 97020
1117 884 18876
64 1823 71148
1215 1446 71148
1393 8 32340
129 633 30492
448 1086 396
1164 1574 3388
1964 816 30492
625 453 36300
1247 613 6292
1116 1462 3388
1771 1055 30492
1827 393 44044
128 1968 3388
1529 1996 50820
55 388 97020
439 1266 44044
1688 1878 71148
1292 1578 44044
1587 1691 36036
250 569 56628
527 472 132132
477 1058 132132
1729 1007 66066
1005 233 30492
1120 407 18876
1783 783 32340
1387 621 30492
946 81 52052
770 1593 18876
1571 1364 94380
1810 341 858
1244 1937 18876
801 386 245388
890 513 16940
1930 1652 44044
1144 826 18876
1774 1256 18876
1366 679 94380
25 1851 5082
1614 380 56628
1579 1443 245388
1829 1972 10164
842 671 6292
714 1631 962676
1822 1142 10164
670 1833 18876
1136 915 10164
697 633 30492
96 1545 13860
1988 1893 16940
1967 548 736164
652 1108 50820
1852 1911 152460
1581 85 50820
935 1667 308308
1137 129 30492
1331 1589 36036
841 1790 30492
425 362 10164
1789 940 84084
1994 591 30492
961 1703 30492
434 833 31460
839 76 5082
1046 1199 132132
1167 36 18876
1123 1239 30492
58 1289 12012
373 888 7260
912 1344 8580
284 721 1452
1798 385 10164
450 1217 30492
1112 1655 19404
836 1433 1716
1276 1684 50820
916 966 11154
997 1429 572572
1258 197 30492
530 1125 56628
1396 1370 18876
1804 842 22308
1507 329 81796
192 1671 19404
840 886 44044
1815 1811 660660
1940 1383 56628
1193 353 858
1613 593 198198
1415 245 396396
1393 270 420420
286 1277 3388
1255 516 18876
296 1928 66066
1401 1203 1716
1772 741 7260
346 1805 408980
577 1290 18876
736 1350 21780
471 1724 2310
744 1226 94380
1479 123 31460
1380 1402 12012
210 1512 6468
515 562 3630
795 703 308308
924 1989 10164
1110 101 132132
1732 1805 81796
520 962 132132
1524 212 44044
344 1127 30492
1561 1557 320892
295 1019 118580
1597 1858 50820
706 1186 213444
469 1986 30492
1567 459 30492
496 203 44044
1163 232 22308
451 357 2772
1966 568 94380
770 392 18876
1496 540 213444
1994 1111 396396
822 1336 132132
1253 989 152460
322 1536 736164
301 174 30492
276 732 132132
530 330 245388
371 818 245388
1598 242 132132
1188 506 18876
1316 1675 4620
864 547 4356
834 1033 30492
1352 685 245388
673 1576 44044
1700 461 10164
1154 279 132132
949 351 81796
454 1810 7260
354 645 18876
236 696 56628
1767 1663 18876
1583 431 30492
992 432 10164
261 228 2772
1776 1317 30492
1638 784 132132
209 528 132132
417 1485 10164
1182 1151 152460
780 646 30492
1770 1597 132132
1156 398 18876
1016 912 13860
902 910 18876
180 17 66924
698 1612 10164
546 1161 21780
92 535 18876
1765 25 106722
176 1694 132132
796 1818 30492
1356 534 50820
1247 1363 6292
1476 1710 56628
105 1034 308308
91 401 10164
777 160 3388
1020 1045 18876
559 674 20020
1077 493 31460
1900 294 152460
1773 69 94380
463 309 10164
1286 1771 21780
1098 251 132132
1778 828 44044
1654 1229 18876
240 1322 2178
150 1282 18876
1901 545 23716
699 919 736164
87 1887 228228
1411 1028 2772
1143 690 396396
1978 1254 18876
1207 802 44044
800 252 18876
149 1673 18876
1918 672 13860
1369 1814 56628
1041 1427 56628
1659 324 132132
1088 1683 132132
1736 1101 924924
1139 351 18876
1615 1319 396396
1103 1431 18876
13 1423 12012
1296 1874 18876
1228 946 22308
467 370 368082
1876 1126 213444
1317 67 152460
1751 1173 924924
472 1166 132132
1854 1838 924924
1848 31 50820
1735 1931 71148
1912 112 1452
1987 1999 152460
855 30 1540
123 66 132132
648 441 71148
1091 1408 245388
1801 391 21780
135 1466 213444
1165 745 18876
89 777 44044
1410 807 5148
1337 1435 71148
1697 1155 6292
1719 859 27588
323 1210 21780
1073 958 18876
1617 993 152460
486 838 71148
1287 928 56628
70 514 21780
1532 408 56628
584 753 7260
301 1803 10164
1682 1575 106722
1314 630 396396
987 1382 30492
1811 990 1716
336 1172 10164
1741 636 28028
462 291 6292
924 764 213444
837 1442 2772
1177 379 1716
41 281 56628
1420 588 924924
1223 1098 330330
1846 1689 924924
247 557 30492
1599 735 132132
321 600 97020
230 258 50820
750 1131 245388
604 554 132132
1986 712 10164
1302 159 2772
1605 54 132132
1086 1217 152460
1963 1188 18876
31 906 21780
339 495 213444
1457 1554 18876
1586 364 132132
206 1291 10164
1647 3 56628
1295 1392 245388
440 375 4620
115 1734 19404
763 1063 10164
1869 62 71148
1395 1740 132132
691 723 7260
1948 1346 132132
1905 474 18876
1686 564 50820
1503 1698 10164
1588 1980 50820
83 944 30492
613 230 10164
1939 869 6292
669 452 30492
1342 1119 30492
279 878 18876
445 198 56628
18 1152 66066
1430 1338 50820
1062 921 31460
1203 1471 8580
1230 870 18876
885 1779 213444
1463 996 132132
1052 216 18876
512 55 97020
1243 679 132132
92 655 18876
1336 1960 132132
1450 1484 10164
795 51 44044
720 1660 18876
481 1030 132132
1671 60 48510
1725 334 44044
1915 1569 32340
949 383 81796
247 414 152460
833 1225 18876
935 747 44044
1645 819 10890
936 1907 25740
1945 590 56628
743 515 66066
1050 37 132132
1562 1244 10164
430 327 132132
267 86 10164
1460 1059 2772
165 1702 3388
404 1175 44044
1573 269 30492
68 554 18876
1051 598 283140
1418 1146 18876
657 1664 25410
1868 1604 1716
739 1243 18876
1807 1965 924
1347 1417 396396
1700 1197 213444
1596 1174 245388
1530 372 30492
939 1634 132132
1638 957 30492
143 277 132132
675 582 213444
1796 110 30492
1679 343 10164
1212 307 18876
1836 1181 132132
1912 1701 12012
929 200 44044
458 811 132132
1729 361 66066
1726 82 2772
1370 318 18876
117 866 132132
740 277 44044
114 817 18876
1486 480 69300
807 1523 5148
1410 698 2772
391 162 5082
47 1882 330330
818 1657 245388
1693 1963 50820
843 739 5148
653 845 71148
492 1592 66066
1305 298 60060
585 976 18876
1793 1853 132132
1545 1643 13860
45 551 1452
246 932 18876
427 1201 56628
1947 1828 18876
1171 731 18876
287 894 99099
1010 194 30492
1929 723 152460
843 451 13860
194 1832 56628
789 171 132132
1280 734 32340
1680 586 10164
1886 1263 56628
348 1224 10164
927 475 31460
1391 1503 16940
240 1548 50820
1731 936 4356
324 1917 132132
918 1625 32340
1867 1585 7260
1423 1702 23716
1230 1609 132132
648 1377 132132
1424 229 81796
1124 1175 44044
1522 1602 245388
1281 831 9438
1303 869 858
1521 991 10164
1885 689 10164
136 1274 5082
804 1816 18876
1384 1551 18876
1454 1910 132132
863 733 1540
1064 22 132132
1121 1982 44044
1434 639 56628
561 102 66066
502 1090 44044
1621 965 18876
1307 1960 396396
1955 320 30492
1374 1308 10164
1720 697 132132
6 1641 132132
243 823 152460
566 1207 6468
1608 1923 13860
1354 1349 18876
791 1297 396396
1526 1799 13860
641 874 3388
1785 1468 30492
690 1653 56628
1895 15 118580
253 675 106722
785 575 9438
760 670 132132
715 1208 4356
16 532 5082
1366 1817 18876
1404 1209 132132
1284 1858 23100
1946 1974 132132
183 340 30492
370 320 28314
1332 1323 6292
1043 86 132132
1662 1451 132132
545 1518 10164
455 9 7260
758 238 132132
1408 12 245388
1056 235 736164
815 332 132132
1068 853 50820
27 1073 44044
1398 825 44044
1327 1273 18876
525 1927 71148
1709 44 132132
575 2 9438
1249 1743 132132
715 1159 13860
1329 1418 18876
1199 1632 6292
1439 1686 1452
225 1185 132132
1827 1351 44044
695 1066 56628
1389 1756 132132
413 1176 18876
214 1140 18876
631 1021 5148
552 313 71148
585 409 245388
1879 1093 2772
1189 1633 30492
822 1319 132132
368 1417 132132
1125 402 21780
1968 272 132132
1476 1723 5148
1226 1174 18876
1824 1400 56628
1540 424 132132
925 1572 18876
1567 794 30492
771 285 396396
1252 1763 245388
880 1841 21780
381 205 56628
469 655 18876
1609 1935 44044
1334 1001 10164
909 1355 1716
747 181 53482
1625 773 84084
779 314 56628
1234 1267 245388
635 404 18876
1002 1920 30492
1666 1685 30492
1921 1488 4356
1743 1627 36036
1482 865 23716
192 1894 84084
1153 132 10164
512 1957 13860
915 39 1452
142 1192 132132
1632 335 31460
435 1626 245388
1580 1951 7644
1271 402 152460
1063 1997 18876
1601 1857 97020
689 63 132132
551 851 50820
1562 728 32340
737 1257 30492
459 1617 30492
1532 910 18876
293 1956 21780
1367 913 30492
1651 177 21780
1439 1078 1716
1957 400 4356
711 1288 50820
1340 615 30492
1499 215 5148
1893 23 50820
389 1258 213444
1142 260 44044
1524 923 220220
665 227 10164
680 973 19404
1607 990 29172
821 537 18876
1919 1531 10164
663 1848 10164
931 1071 18876
1819 336 132132
952 666 35574
1385 713 132132
927 1788 94380
1300 58 4004
1513 1944 18876
1309 567 30492
1455 569 4356
531 1916 132132
762 1362 18876
1414 1198 10164
662 1335 10164
705 1129 18876
1178 1782 10164
400 1489 320892
1652 138 44044
460 1696 13860
1392 862 245388
332 596 924924
862 803 81796
1232 443 97020
1765 939 10164
1342 143 396396
1215 1914 213444
1412 649 56628
1962 1180 10164
418 803 81796
446 1214 81796
1001 989 30492
433 42 6292
1850 1808 1716
21 499 18876
114 1492 245388
1944 1821 245388
1861 1818 56628
692 153 71148
1760 1328 32340
1573 1872 213444
1943 769 21780
233 580 18876
1484 495 213444
1601 1892 32340
716 566 4620
1704 1507 572
749 754 4620
308 667 94380
310 1208 1452
901 410 2772
849 1795 44044
500 1344 1716
1379 896 8580
544 271 396396
177 1050 56628
702 1802 18876
1036 1324 71148
91 578 44044
369 341 234234
100 693 18876
1969 419 71148
727 876 132132
582 1202 30492
1048 1607 12012
144 794 132132
290 503 10164
1809 1299 736164
599 1279 396396
142 1248 396396
1299 1897 56628
1071 521 18876
1218 1703 71148
315 1335 213444
485 38 18876
1444 1469 28314
634 1378 94380
799 1438 10164
721 1424 6292
342 884 10164
998 942 2772
1880 701 6292
1877 1733 122694
637 1382 71148
1069 1180 30492
766 1074 56628
1015 1745 132132
729 1973 5148
926 1678 71148
1124 1550 10164
1296 95 56628
1023 1716 18876
1800 1130 18876
1846 1242 132132
829 1378 31460
1955 1772 30492
659 1906 44044
1009 70 50820
1525 394 18876
1667 389 71148
518 1252 56628
759 203 31460
1494 1283 56628
23 826 4356
428 771 56628
509 1847 132132
1839 982 1452
415 716 12012
1728 377 308308
269 1287 56628
1281 1717 132132
1511 375 924
891 1820 66066
1500 290 18876
1748 1787 56628
65 1654 16940
860 1531 152460
1045 1470 94380
1909 1992 13860
22 300 1452
1903 1610 56628
29 204 44044
1835 265 4356
1381 283 660660
466 115 12012
1658 963 132132
996 125 30492
957 378 50820
1172 1845 10164
840 309 16940
1340 765 396396
1162 820 50820
448 1766 118404
1542 805 132132
1978 579 18876
953 550 12012
268 1961 396396
1842 442 71148
1881 1056 56628
1385 1939 44044
816 760 50820
1525 325 18876
1843 134 30492
1307 1556 30492
661 1844 12012
54 87 12012
266 1496 71148
156 1516 10164
1624 792 5082
384 1777 245388
365 1942 6292
454 14 10164
1204 742 94380
1015 1195 56628
1515 1865 18876
1368 264 56628
969 1635 18876
112 626 7260
1094 1530 10164
1318 609 736164
1752 1724 924
726 1028 684684
993 1309 30492
1447 1852 10164
646 1478 30492
1705 1269 924
1936 271 30492
1088 278 396396
1981 1350 30492
846 841 213444
1187 1122 71148
619 1797 50820
470 809 13860
195 752 283140
1782 405 12012
790 1946 71148
898 597 924924
665 206 71148
1357 1891 81796
1373 1533 50820
7 1070 30492
371 1837 18876
539 427 30492
471 889 66066
1644 1472 132132
592 608 18876
1105 641 132132
691 963 1452
955 1873 6292
461 1388 132132
1512 1119 13860
445 481 18876
1474 899 16940
377 1620 308308
1138 1774 30492
1970 1246 213444
852 1348 30492
1965 1568 29172
1461 609 245388
158 98 19404
856 5 132132
956 561 66066
540 1976 5082
358 362 132132
911 951 18876
658 176 132132
1262 727 132132
1886 1237 736164
1485 287 66066
500 1196 132132
1381 1497 132132
179 894 33033
899 26 16940
1111 835 18876
1076 511 12012
1231 475 6292
299 429 572
873 1047 30492
617 809 69300
627 347 21780
1339 1598 50820
56 606 56628
280 730 81796
1817 74 10164
859 146 21780
523 1153 44044
1528 1970 213444
1833 1465 94380
1134 518 132132
1371 222 4620
1169 1907 300300
88 1060 32340
922 1510 56628
684 1720 71148
1348 412 213444
492 470 5082
1075 169 36036
152 725 6292
559 1718 31460
310 1329 132132
311 84 355740
494 720 10164
241 231 10164
1951 1395 12012
1210 1921 152460
527 845 30492
1779 1222 71148
1741 170 44044
893 1870 50820
46 1850 22308
418 1167 6292
610 1027 4620
239 1425 30492
567 821 10164
1557 1780 18876
380 344 56628
497 1499 5148
1302 616 97020
640 889 66066
1690 1080 50820
1876 731 30492
1830 267 2772
433 1984 94380
824 1708 50820
49 759 94380
1110 1680 132132
218 395 10164
239 546 30492
65 1714 3388
478 1565 23716
907 1048 660660
1651 708 30492
94 630 30492
1738 1976 66066
1677 751 81796
1786 1812 2772
947 1868 13860
491 983 30492
522 1049 245388
767 978 50820
1918 1283 4356
1222 1577 3388
1816 1445 320892
810 119 3388
1186 1645 30492
282 1008 19404
1887 1693 2772
399 1863 2772
857 1584 396396
108 259 396396
387 1399 56628
1044 45 119548
196 1583 132132
612 1899 132132
1327 736 18876
67 1570 152460
214 509 94380
95 549 132132
1271 1513 21780
1347 104 30492
1384 710 18876
1904 272 4356
326 688 396396
1570 1568 1452
879 1806 30492
903 940 132132
406 1204 1452
1707 1000 396396
397 1647 10164
1670 312 213444
649 97 245388
1472 677 18876
1784 1783 50820
460 1614 2772
1775 382 56628
455 376 6292
1773 1437 1452
1710 1266 18876
1416 304 19404
656 1227 572
1406 1346 71148
1341 1555 19404
1924 1712 152460
1326 664 18876
1807 480 97020
1523 15 10164
140 620 18876
1250 139 21780
624 1952 6468
1735 1563 10164
995 836 245388
1268 1457 18876
1608 1630 2772
1759 1582 1716
207 978 4356
1538 1017 18876
1154 895 132132
635 835 320892
1126 1127 213444
1681 871 50820
303 1859 18876
1521 798 10164
893 1742 30492
1144 1985 50820
244 1082 6292
53 1566 18876
746 1359 97020
387 1539 30492
1958 1623 30492
1052 753 18876
1065 1493 220220
1009 499 18876
1696 974 12012
1267 1832 736164
120 793 132132
278 1313 396396
1655 728 19404
668 172 18876
1571 1445 56628
1182 316 13860
1339 126 50820
14 754 19404
339 709 30492
1241 430 924924
1320 1998 4620
1473 1290 30492
43 1673 132132
289 234 13860
20 167 30492
1488 249 1452
350 1360 245388
124 78 132132
1502 847 10164
33 1431 736164
1158 1649 12012
1953 399 2772
43 814 18876
1264 1643 5148
280 1152 9438
126 1386 660
1792 1604 18876
113 537 18876
876 1862 6292
1115 1872 71148
951 1211 18876
1685 1311 132132
694 1294 71148
225 199 308308
983 1674 396396
888 329 6292
457 597 71148
1325 331 18876
1054 543 18876
790 1087 50820
335 122 18876
1713 1162 71148
761 1538 32604
40 1699 66924
897 1945 4356
817 1331 56628
555 589 10164
1012 1757 213444
1483 39 283140
1097 1318 736164
560 1137 30492
861 141 18876
1008 1159 19404
155 283 132132
204 1736 132132
412 1104 30492
1436 1683 660660
1629 1966 4356
905 1383 56628
1365 667 18876
1954 1225 6292
1947 47 132132
556 629 18876
157 288 56628
1183 1197 30492
1216 1516 308308
184 379 2772
953 1839 1452
1801 988 21780
903 1510 56628
303 1227 31460
778 1054 6292
1785 53 18876
1711 1776 396396
1231 11 924
1579 172 245388
1224 1626 18876
1789 1128 12012
292 213 4356
1185 562 4356
1953 262 21780
1731 274 4356
217 1251 1716
686 921 660660
713 704 132132
707 1412 283140
476 1190 132132
1759 217 94380
171 1138 30492
1324 348 71148
1591 615 4356
1414 1971 10164
61 791 396396
1829 352 213444
933 1831 6468
1278 410 152460
1420 1860 44044
1458 1975 2420
1714 1116 836836
906 1929 21780
186 298 13860
1332 108 18876
1529 184 13860
729 405 22308
1691 524 2772
1914 1261 71148
1777 440 1716
1055 668 30492
1894 1637 11858
517 737 152460
1553 1354 5148
1898 228 13860
877 1322 2178
93 1272 18876
212 1840 132132
880 1563 18876
345 208 44044
714 1051 56628
636 1915 6468
1263 328 10164
1515 1041 56628
52 328 32340
1338 200 10164
1103 349 132132
1979 1300 6292
1469 1740 198198
1277 1132 132132
365 885 10164
920 625 4620
1856 3 736164
1541 1768 132132
1257 127 213444
148 254 132132
426 458 10164
1744 1498 7260
1099 1139 4356
1520 1229 736164
952 1037 12012
321 161 924
1147 1489 18876
1722 968 132132
1013 1792 132132
1014 1613 28314
717 72 56628
1706 1421 132132
1179 1011 924
1687 498 132132
749 1234 1716
1587 1328 13860
594 1237 736164
742 1781 7260
258 308 660660
490 11 19404
1135 755 10164
896 193 18876
897 284 152460
164 488 16940
294 497 30492
507 1539 10164
1962 1725 44044
810 1156 16940
867 1064 10164
1312 1800 94380
678 1269 32340
1003 651 396396
72 363 30492
764 1067 10164
1628 1452 18876
173 547 21780
763 1010 213444
1898 1102 5082
1506 866 30492
1536 548 736164
909 772 36036
268 663 10164
543 1794 396396
1475 1178 13860
437 929 4004
1855 1065 220220
1070 132 213444
1164 1537 16940
1280 100 12012
560 962 132132
1168 409 245388
1895 931 3388
709 1097 56628
1586 622 18876
1365 187 18876
1730 959 18876
234 1961 30492
314 792 28314
1285 1798 10164
12 1581 18876
1367 165 132132
533 1157 81796
401 411 30492
1183 1240 132132
1068 1171 7260
1540 1941 924924
1585 1787 56628
1633 1879 396396
1619 943 30492
241 111 132132
130 848 44044
1859 138 132132
762 1430 10164
820 1709 132132
1618 881 10164
1541 1769 16940
928 857 396396
797 1149 18876
1274 1443 9438
1248 216 132132
1018 1751 10164
823 1480 21780
1402 1242 396396
505 489 118580
1078 1830 4620
322 922 736164
1193 1933 18876
79 1444 122694
97 1360 245388
1211 1550 10164
637 1326 10164
1432 536 10164
1114 193 1716
796 282 213444
390 611 6468
436 1190 10164
812 542 10164
453 535 94380
504 531 132132
1835 1117 18876
872 1057 66066
846 986 30492
316 1590 924
1618 1803 132132
1407 364 6292
250 264 283140
374 572 44044
1676 1605 30492
441 1706 30492
1572 969 94380
672 299 924
1650 117 50820
538 166 18876
708 423 132132
485 447 18876
1433 420 12012
1717 1940 56628
253 189 7623
873 950 71148
1997 188 1452
73 81 37180
1969 692 924924
300 1143 4356
1106 1979 245388
581 302 132132
844 519 572
911 166 396396
603 211 213444
1279 1150 30492
1085 1640 18876
1812 1627 13860
113 416 283140
489 553 23716
1793 1461 18876
806 1085 18876
1891 1033 18876
1534 381 56628
244 712 44044
1021 1635 66924
1988 632 44044
260 1470 44044
1967 1130 245388
725 788 44044
1595 695 245388
773 1434 132132
1648 1089 152460
1527 29 44044
998 1661 4620
1804 863 4004
532 1223 5082
656 1580 14196
905 583 396396
44 40 18876
1734 1358 213444
1869 868 71148
1925 465 30492
393 1993 10164
654 741 6292
462 620 660660
119 1474 132132
1270 41 1980
1622 1600 396396
568 1233 10164
1514 196 44044
934 449 44044
1989 501 3388
1337 1642 10164
1315 263 6292
71 80 30492
118 444 71148
1764 1723 13860
1888 1899 18876
1250 808 30492
1781 779 21780
219 449 44044
1095 832 56628
486 710 10164
1043 1797 50820
1603 145 36036
1549 1091 18876
102 1925 198198
526 1372 18876
1708 740 23716
574 974 10164
707 1592 9438
904 1019 16940
766 904 94380
479 8 3234
1312 1122 132132
135 1756 10164
1762 1596 81796
834 1165 30492
443 570 13860
338 1661 132132
416 944 4356
1475 437 924
511 109 1716
1629 85 10164
1092 37 132132
50 1011 21780
36 688 396396
1558 1426 30492
413 1377 94380
1094 960 94380
71 1906 10164
982 89 44044
964 1083 4356
589 604 396396
1463 161 924
824 718 50820
232 1134 18876
854 751 81796
626 1221 10164
1006 1046 396396
2944656