500
0 89
0 167
0 300
1 58
1 264
2 142
2 275
3 255
4 75
5 191
6 492
7 47
7 48
7 333
7 349
8 56
8 243
8 323
8 478
9 334
9 347
10 486
11 133
11 266
11 376
11 397
12 292
13 131
14 33
14 86
15 404
16 117
16 417
16 467
17 407
17 440
18 61
18 376
19 146
19 158
19 221
19 277
19 455
20 234
20 292
20 331
21 200
21 342
21 460
22 308
23 48
24 81
24 340
24 474
25 28
25 403
26 171
26 344
26 455
27 174
28 39
29 355
29 405
30 336
31 182
31 196
31 282
31 372
32 203
34 357
35 225
35 492
36 142
36 382
37 196
38 235
38 369
39 70
39 478
40 77
40 260
41 204
42 293
42 486
43 109
43 156
43 317
44 128
44 131
45 145
46 88
46 201
46 236
48 269
48 301
49 389
50 64
50 173
51 146
52 138
53 304
54 236
55 423
56 233
56 301
57 132
57 381
57 431
59 219
59 435
60 128
60 410
61 200
61 248
62 205
62 402
62 459
62 490
63 187
63 295
64 350
65 355
66 145
66 253
67 177
67 292
68 363
68 367
69 381
71 129
71 332
72 266
72 406
73 457
74 185
75 116
75 354
76 181
76 291
77 452
77 484
78 163
78 380
79 264
79 289
80 214
81 173
82 129
82 422
83 188
83 372
84 212
84 250
85 288
86 172
86 378
86 418
87 316
88 166
89 269
90 112
90 173
90 242
90 263
91 395
91 480
92 279
93 350
94 170
94 319
95 119
96 155
97 179
97 209
97 239
97 348
98 225
99 206
100 145
101 285
101 358
102 143
103 294
103 320
104 250
104 428
105 330
105 440
105 469
106 118
106 195
107 339
108 309
109 325
109 438
110 423
111 139
111 229
111 344
113 420
114 196
115 250
115 321
116 401
117 193
118 143
118 322
119 143
120 192
120 205
121 436
122 367
122 488
123 332
124 150
124 229
125 133
126 274
126 335
126 481
127 245
127 249
127 475
128 134
128 198
129 134
130 365
132 258
132 433
133 485
134 147
135 139
136 499
137 336
137 486
138 208
138 319
138 345
140 328
140 335
141 413
142 249
143 312
144 366
145 194
146 265
147 223
148 176
149 369
150 404
150 408
151 382
151 427
152 195
153 224
153 282
153 470
154 327
155 222
155 313
155 366
155 414
156 313
157 389
158 199
158 216
159 401
159 410
160 201
161 324
162 220
162 272
162 307
164 355
164 398
164 466
165 204
165 307
165 393
165 465
166 312
166 343
168 238
169 172
169 388
170 259
170 426
171 180
172 184
172 232
172 246
172 473
173 292
174 396
174 465
175 319
176 286
176 443
178 499
181 276
182 294
182 329
182 412
183 336
185 456
186 256
187 310
189 436
189 459
190 195
190 429
190 462
191 451
192 331
193 364
195 341
197 348
199 459
201 257
202 250
203 217
204 310
206 250
206 348
206 432
207 309
207 324
207 336
209 304
210 217
210 337
211 243
211 334
211 424
213 375
213 447
214 335
214 417
215 247
215 476
215 484
216 454
218 352
218 389
220 373
221 249
222 273
224 379
225 237
225 330
225 390
226 493
227 358
227 377
228 462
230 303
231 481
236 267
236 424
237 298
237 361
237 446
238 461
240 416
240 456
241 271
241 426
243 288
244 442
246 271
246 356
247 288
248 448
249 305
249 351
249 497
251 302
251 380
251 484
251 491
252 316
252 371
252 391
252 413
253 326
254 262
254 332
254 370
255 430
256 414
257 494
258 343
258 444
261 340
261 369
261 406
264 291
265 496
268 331
269 384
269 410
270 411
270 430
271 348
273 426
275 435
276 339
277 360
278 334
279 339
280 492
281 413
282 413
282 450
283 363
284 350
285 391
285 460
286 302
287 372
287 451
289 419
290 314
290 363
290 392
296 478
297 439
299 309
299 452
302 498
303 386
306 404
307 338
308 371
309 495
310 326
310 471
311 316
314 420
315 367
316 417
317 318
317 367
317 434
321 344
322 439
324 362
324 475
325 441
325 449
326 487
327 338
337 377
338 378
341 423
344 419
344 442
345 472
346 481
352 387
353 395
353 476
356 389
357 402
359 463
365 445
368 431
370 493
371 374
372 399
375 426
378 383
379 385
379 400
380 479
386 495
387 415
390 480
393 453
394 441
398 462
398 483
399 477
402 464
409 499
413 425
416 439
418 445
421 432
428 468
429 463
430 431
437 441
456 461
457 473
458 466
458 489
482 496
482 499