1000
0 21
0 985
1 261
2 617
3 267
3 803
3 963
4 271
4 699
5 572
5 958
6 326
6 494
7 155
8 177
8 506
8 959
9 267
10 354
10 855
11 920
12 331
12 548
12 704
13 60
13 664
14 176
14 651
15 217
15 433
16 53
17 338
17 858
18 696
19 726
20 457
21 520
21 759
22 680
23 258
23 439
23 482
23 512
24 369
24 493
24 511
24 963
25 436
25 643
26 85
26 109
26 432
27 448
27 585
27 650
28 52
28 114
28 549
28 933
29 391
30 470
30 873
30 912
31 249
31 569
31 633
31 649
32 203
32 481
32 597
32 663
33 803
34 623
34 896
34 989
35 683
36 420
36 460
36 641
37 324
37 332
37 685
37 713
38 83
38 615
39 74
39 339
39 400
40 300
40 422
40 733
40 802
41 914
41 929
42 287
43 225
43 698
44 732
44 794
44 831
44 913
45 459
46 395
46 517
47 125
48 786
48 803
49 52
49 209
50 570
51 148
51 869
53 286
53 589
53 591
53 701
54 223
55 308
55 380
55 631
55 998
56 373
56 577
56 689
56 827
56 951
57 538
58 435
58 488
59 792
59 873
60 557
61 369
62 667
63 104
63 248
64 355
64 409
65 213
66 793
67 904
68 461
68 465
68 775
69 195
70 350
70 413
70 728
71 111
71 415
71 792
72 83
72 621
72 672
73 136
73 401
75 281
76 335
76 745
77 752
78 191
79 185
80 558
81 410
81 773
82 252
82 254
83 135
84 349
85 561
86 959
87 771
88 326
89 957
89 971
90 407
90 664
90 876
91 639
91 675
92 218
92 235
92 316
93 360
93 602
94 633
95 325
95 452
95 540
95 611
96 336
97 487
97 512
97 724
97 858
98 478
98 928
99 868
100 544
100 735
101 743
101 991
102 841
103 845
105 504
105 654
106 606
107 125
108 144
109 284
109 484
110 598
111 566
112 262
112 578
112 627
113 230
113 476
113 477
114 784
115 383
116 128
116 320
116 791
117 408
118 304
119 398
119 515
119 938
120 768
120 946
121 497
121 658
122 366
123 874
124 782
125 237
125 891
126 894
127 238
127 984
128 983
129 367
130 357
130 637
130 708
131 853
132 561
132 882
133 526
134 540
134 753
134 897
135 206
136 254
136 692
136 921
137 691
138 686
138 887
139 405
139 689
139 986
140 293
140 872
140 982
141 292
141 532
142 299
142 515
142 609
142 616
143 460
144 222
144 875
145 582
146 210
147 720
148 966
149 203
149 207
150 253
150 733
151 496
152 366
152 530
153 188
153 318
153 845
154 470
155 290
156 276
156 374
156 984
157 409
157 833
158 315
158 812
158 923
159 579
160 335
161 559
161 622
161 702
162 508
162 557
163 636
163 915
164 558
165 356
166 287
167 188
167 574
168 423
168 513
168 981
169 240
170 212
171 182
172 789
173 518
174 514
174 515
174 950
175 653
175 865
176 239
176 780
176 795
177 484
177 723
178 786
178 817
179 305
179 328
180 298
180 445
181 270
181 321
181 554
182 292
182 834
182 990
183 695
184 655
185 411
186 469
187 197
189 230
190 667
190 992
191 262
192 708
193 879
194 862
195 787
195 930
196 853
197 967
198 617
199 322
200 866
201 499
202 615
202 819
204 531
205 268
205 298
205 744
205 948
206 437
206 438
207 242
207 944
208 510
208 589
209 706
210 342
210 575
210 716
211 636
212 404
212 941
213 341
213 466
213 801
214 340
214 553
215 875
216 526
216 688
216 832
218 262
218 555
218 782
219 688
219 846
220 336
220 453
220 928
221 294
221 790
222 248
222 774
222 901
223 393
223 752
224 386
224 965
225 398
226 584
227 320
228 478
228 792
229 419
229 434
229 571
230 557
231 409
231 648
232 348
232 576
233 935
234 388
236 963
238 730
238 841
240 909
241 901
242 447
243 353
243 502
243 559
244 376
244 785
245 350
246 610
246 885
247 461
247 515
247 813
247 892
249 377
249 507
249 715
250 259
250 400
251 260
251 624
251 630
251 894
254 414
255 304
256 280
256 289
257 331
258 547
258 981
261 303
261 775
261 936
263 991
264 395
265 880
265 999
266 785
268 403
269 566
269 716
270 740
271 900
272 579
272 658
273 718
274 362
274 420
275 711
277 639
277 839
278 796
279 423
280 426
281 682
282 769
282 830
283 641
285 525
285 530
285 782
286 405
286 462
286 563
287 391
287 425
288 816
288 826
288 884
289 425
290 835
291 491
291 522
291 619
293 769
293 844
294 954
295 556
295 900
296 410
296 746
297 325
298 683
299 310
299 343
300 394
300 806
301 360
301 600
302 349
302 682
302 786
303 601
303 679
303 927
304 550
305 390
305 620
306 673
306 972
307 376
307 731
309 851
309 928
311 637
312 480
312 693
313 567
314 361
314 751
316 937
317 822
319 562
322 330
322 773
322 972
323 364
323 383
324 433
327 387
327 709
329 415
330 528
330 604
332 842
333 421
334 659
336 761
337 691
337 825
338 464
339 789
339 903
341 595
342 567
342 866
344 549
345 449
345 503
345 624
345 705
346 742
346 797
347 455
347 529
348 534
349 970
350 427
350 504
350 666
350 980
351 931
352 560
352 678
353 810
354 586
354 667
356 404
356 794
357 479
357 584
358 391
358 889
359 783
359 960
360 458
360 682
361 952
362 559
363 384
363 424
363 828
364 578
364 820
364 949
365 554
365 788
366 550
367 753
368 820
370 372
370 878
371 978
375 809
378 677
379 887
380 881
381 577
381 847
381 876
382 707
385 510
386 680
386 923
387 748
388 561
389 850
392 439
392 699
395 463
396 636
396 644
397 554
399 517
399 764
399 993
400 715
401 582
402 421
405 553
406 574
407 696
407 843
407 910
408 853
409 945
410 450
410 797
411 875
412 727
413 645
414 775
414 922
415 719
415 848
416 443
416 628
417 611
417 934
418 971
420 698
421 436
421 626
422 760
424 672
425 659
425 879
425 987
427 908
428 577
429 537
430 439
431 528
431 552
433 890
434 945
435 567
436 882
438 514
440 596
440 909
441 604
442 580
444 929
445 577
446 544
446 858
447 769
447 904
449 613
451 764
452 807
452 976
453 957
454 517
454 650
454 711
455 533
455 598
455 778
456 718
456 849
457 656
457 923
459 483
460 546
461 492
461 722
463 468
464 629
464 916
467 717
469 915
471 825
471 840
472 905
472 911
473 936
473 953
474 868
475 800
476 787
477 594
477 737
479 660
481 863
482 707
483 845
484 531
484 560
484 726
485 494
486 767
489 896
490 848
492 541
494 538
495 857
496 522
496 752
497 647
497 797
498 674
498 763
498 777
499 818
500 542
500 883
500 999
501 606
502 545
505 527
506 741
509 666
509 917
512 815
516 865
518 705
519 532
519 859
519 989
520 779
521 535
523 712
524 837
527 857
532 772
534 927
534 934
535 871
536 871
537 890
538 617
538 762
538 998
539 541
543 616
545 655
546 853
547 551
548 572
549 983
550 603
551 818
553 857
554 623
556 885
558 948
560 713
560 998
562 694
564 901
565 870
566 725
566 754
566 870
568 746
569 614
569 693
570 687
570 738
571 608
571 830
571 909
572 732
573 768
573 973
574 868
576 761
577 961
579 652
580 808
581 718
581 809
581 970
583 832
586 620
587 802
588 768
590 672
591 904
592 761
593 686
594 864
595 751
598 679
599 626
602 856
603 994
605 710
606 657
606 888
607 827
610 632
611 808
612 810
613 638
617 809
618 992
619 895
620 995
625 778
625 939
626 646
626 893
627 642
627 727
628 707
628 954
630 839
634 904
635 904
636 668
636 907
639 837
640 850
642 696
642 747
642 816
643 739
644 791
645 715
645 770
647 811
647 988
648 670
648 875
651 741
652 960
653 706
655 931
657 747
658 798
658 965
659 846
660 997
661 978
662 989
665 671
666 881
667 847
669 871
671 824
671 883
673 939
673 947
675 814
676 703
676 815
676 822
677 690
677 729
681 945
684 961
687 874
688 959
690 874
691 719
694 919
694 976
695 887
695 940
695 962
695 997
697 975
700 929
703 763
703 971
704 903
706 926
710 770
711 863
712 997
714 774
717 823
717 988
720 962
720 967
721 811
726 991
734 799
734 962
736 981
742 974
745 921
746 977
747 768
747 975
748 785
749 939
750 885
751 970
754 918
755 905
755 976
756 926
757 835
758 916
759 765
759 814
759 882
766 981
767 897
769 924
771 890
772 955
774 852
774 878
775 874
776 826
777 838
779 887
781 935
781 979
782 964
783 804
785 864
785 925
786 871
791 903
793 857
796 906
800 952
803 834
805 809
806 943
808 877
808 891
821 852
822 835
823 920
823 994
828 956
829 848
830 902
834 906
836 919
838 969
841 948
846 880
850 984
851 867
854 901
860 959
861 873
862 975
868 935
869 987
886 931
888 942
891 899
895 929
898 961
902 996
912 998
928 978
929 947
932 982
943 961
968 987
974 979