125
0 5
1 100
2 36
3 66
4 77
5 18
5 108
6 12
6 34
7 42
7 93
8 46
9 38
10 37
11 73
11 104
12 45
12 70
13 21
13 36
14 24
14 51
14 92
15 29
15 64
15 121
16 56
16 103
17 77
18 112
19 23
19 69
19 89
19 111
20 63
20 72
20 82
21 74
22 54
23 102
25 113
26 61
26 106
27 59
27 109
28 34
28 80
30 57
30 62
30 99
30 119
31 53
32 94
33 99
34 49
35 78
36 71
37 55
37 58
37 76
38 44
39 60
40 89
41 107
42 77
42 124
43 91
43 108
44 48
44 78
45 47
46 101
47 64
48 103
48 121
49 74
49 100
50 77
51 79
51 90
52 105
53 95
54 66
55 123
56 60
57 67
57 98
59 75
59 88
59 110
61 66
64 73
64 85
65 92
65 114
66 68
66 95
66 101
66 105
67 81
74 97
74 111
74 114
75 93
76 108
77 81
78 119
79 91
79 113
82 83
82 100
84 110
86 105
87 117
90 107
92 122
94 98
96 116
99 115
101 111
115 120
116 117
116 123
118 122