1000
0 325
0 793
1 211
1 515
2 299
2 523
3 270
4 211
4 784
4 918
5 311
6 84
6 272
6 697
7 266
7 345
7 627
8 27
8 225
9 278
9 286
9 777
9 865
10 557
10 837
11 108
11 337
11 387
11 869
12 176
12 387
12 640
13 880
14 482
15 107
15 126
15 521
16 292
16 916
17 48
17 231
18 26
18 88
18 226
19 584
20 929
21 196
22 43
22 173
22 398
23 648
23 970
24 744
24 768
24 881
25 668
28 901
29 366
29 432
30 204
30 555
30 831
31 375
31 726
31 788
31 821
32 413
32 564
32 736
33 217
33 237
33 425
33 536
33 584
34 36
35 449
35 531
35 748
36 656
37 538
38 664
39 50
39 215
40 361
41 318
41 765
42 286
42 347
44 888
45 931
45 938
45 978
46 495
46 830
47 132
47 489
47 873
48 780
49 633
49 794
49 834
50 291
51 377
51 441
51 654
51 950
52 434
52 737
52 760
52 778
53 549
53 945
54 209
55 208
55 367
56 346
57 510
58 199
59 147
59 290
59 752
59 813
59 956
60 318
60 467
60 790
61 581
61 695
62 211
62 941
63 122
64 837
65 186
65 680
65 682
65 959
66 496
66 576
66 636
67 553
68 139
69 441
69 559
70 238
70 822
71 465
71 980
72 222
73 100
73 117
73 620
74 85
74 241
74 288
74 454
74 606
74 964
74 985
75 717
75 939
76 251
76 915
76 999
77 472
77 477
78 264
78 320
78 631
78 721
79 483
79 895
80 785
81 742
82 165
82 426
83 384
83 801
84 712
85 374
86 850
86 993
87 802
88 388
88 567
88 621
89 787
89 982
90 317
90 348
90 575
90 871
91 344
92 384
92 586
92 823
93 269
93 461
93 603
94 117
94 437
95 342
95 574
96 541
97 129
97 261
97 829
98 274
98 424
99 943
101 309
102 341
103 497
103 634
104 519
104 553
104 732
105 277
106 653
106 745
107 975
108 509
108 843
109 807
110 385
110 484
110 707
110 771
110 852
111 216
112 708
112 960
113 487
113 654
113 767
114 806
115 126
115 445
116 382
117 674
118 529
119 373
120 250
121 818
122 607
122 718
123 444
123 689
124 604
124 773
125 486
127 463
128 551
129 783
129 847
130 164
130 905
130 995
131 364
131 498
132 639
133 400
133 939
134 192
134 303
134 391
135 272
136 768
136 961
137 560
137 675
137 681
138 433
138 928
139 248
139 829
140 296
140 775
141 358
141 453
141 505
142 949
143 693
143 980
144 754
144 838
145 179
145 624
146 828
147 399
147 466
148 201
148 412
148 924
149 961
150 656
151 734
152 944
153 228
154 425
154 902
154 969
155 177
155 809
156 582
157 197
157 291
157 861
158 378
158 650
159 770
160 307
160 691
161 376
162 215
162 343
162 764
162 863
163 933
164 301
164 729
166 748
167 499
167 622
167 990
168 328
168 649
168 693
168 736
168 786
169 417
169 644
170 415
171 586
171 857
172 244
173 403
174 733
175 368
175 486
178 281
178 504
178 698
179 942
180 188
180 355
181 496
182 757
182 903
183 357
183 683
184 760
184 770
185 715
185 870
186 258
187 391
188 220
188 964
189 761
190 492
191 380
191 653
192 242
193 555
194 824
194 832
194 943
195 340
196 558
198 327
198 854
199 452
199 599
199 774
200 543
200 824
201 703
202 364
203 812
203 853
204 319
204 528
205 243
206 397
206 501
207 743
208 259
208 322
208 998
209 624
210 562
210 958
212 444
212 978
213 570
214 473
214 697
216 658
217 258
218 275
219 406
219 583
219 859
220 227
220 358
221 275
221 876
222 414
223 391
224 484
224 766
225 527
225 751
228 747
229 312
229 330
229 446
229 476
229 800
230 458
230 483
230 977
232 916
233 760
233 877
234 846
235 590
235 716
236 311
238 600
239 943
240 525
241 587
241 619
241 706
241 855
243 476
243 525
244 782
245 396
245 526
245 761
246 379
246 792
246 923
246 974
247 408
247 500
248 584
248 842
249 784
250 281
250 954
250 966
252 854
253 979
254 469
255 264
256 292
256 670
257 639
257 722
259 407
260 563
261 378
262 925
263 353
263 988
265 269
265 427
267 821
267 922
268 295
268 810
269 475
269 495
270 512
271 323
273 635
274 908
275 568
275 897
276 667
276 757
276 882
277 651
279 702
280 330
281 354
282 422
283 497
283 714
284 547
284 643
285 681
286 696
287 494
288 630
289 577
289 797
290 294
291 329
291 856
291 914
292 327
293 628
294 968
295 376
295 906
296 333
297 337
298 729
298 935
300 545
300 664
300 872
302 369
302 983
303 779
303 807
304 752
305 722
306 488
306 922
307 612
307 852
308 512
309 620
309 651
309 882
310 537
310 614
310 642
311 326
311 937
313 466
314 781
314 987
315 709
315 775
316 727
318 389
318 919
320 819
321 738
321 763
322 635
322 690
323 595
324 645
325 881
326 405
326 456
326 555
328 410
328 617
328 678
328 735
328 756
330 874
331 571
331 792
332 864
333 887
334 530
334 599
335 500
336 391
336 918
338 583
338 628
338 673
339 656
339 685
339 763
340 702
340 984
341 694
342 687
344 930
346 588
347 523
348 838
348 841
349 598
349 719
349 928
350 850
351 478
351 553
352 781
354 655
356 583
356 592
357 462
358 565
359 541
359 657
360 392
361 372
362 467
362 762
362 833
363 611
363 890
365 803
366 626
368 683
368 710
370 654
371 763
372 456
372 798
373 833
374 403
376 606
377 459
378 684
379 612
379 743
380 744
381 792
382 556
382 988
383 803
385 460
386 409
387 652
390 644
390 654
390 694
391 618
392 567
393 947
394 432
395 558
396 817
397 641
397 742
397 979
398 639
399 534
399 935
400 535
401 429
401 504
401 627
402 499
402 519
402 529
402 811
403 974
404 821
404 828
405 607
407 424
407 534
407 803
409 626
409 874
411 951
411 971
411 985
412 834
413 997
414 455
414 698
415 521
415 632
416 443
417 544
417 643
417 963
418 462
418 638
419 597
419 682
420 663
420 942
421 438
422 692
422 777
422 896
422 940
423 539
426 494
428 640
429 605
430 646
430 672
431 595
431 864
433 593
435 736
436 440
436 605
437 969
438 603
439 456
439 886
442 525
443 928
444 860
445 629
447 508
447 894
447 942
448 575
448 727
449 730
450 623
450 637
450 698
451 717
452 555
457 777
457 952
459 728
462 582
463 906
463 925
463 944
464 475
464 996
468 551
468 819
469 509
470 687
471 495
471 536
471 901
474 662
476 849
477 775
479 582
480 573
480 867
481 950
482 921
482 999
485 706
486 781
488 955
490 987
491 554
491 826
491 930
492 832
493 557
494 513
496 500
496 839
497 875
498 679
499 884
500 585
501 917
502 516
503 723
503 766
505 561
506 566
507 608
508 929
510 795
511 693
512 806
512 981
513 534
514 843
515 679
516 828
516 896
517 709
518 777
520 632
520 933
521 539
521 648
522 838
524 590
525 753
526 825
526 870
527 592
529 904
531 668
532 726
533 634
535 818
537 745
537 791
538 586
540 748
540 900
541 868
542 543
542 935
546 760
547 851
548 820
549 910
550 935
552 870
554 805
555 588
556 804
557 833
558 691
560 761
560 863
561 973
563 712
563 953
565 889
566 657
566 993
567 933
569 908
570 722
570 746
570 778
572 750
573 602
575 814
575 846
575 932
578 795
578 940
579 602
580 850
581 725
582 869
583 793
583 819
583 840
584 724
585 907
589 881
590 807
591 870
594 671
596 719
596 796
597 689
597 799
600 796
600 868
601 684
604 786
604 787
604 899
604 949
607 808
607 945
608 754
608 802
608 997
609 906
610 642
613 721
613 807
613 815
615 645
615 864
616 970
618 937
619 790
622 909
623 987
625 805
625 903
626 701
632 649
633 887
634 848
636 816
637 988
638 866
641 880
642 936
645 872
647 765
651 677
651 835
654 926
655 659
655 858
656 782
658 840
660 899
661 766
662 755
662 859
664 955
665 768
666 734
666 959
668 924
669 851
671 970
672 833
672 898
672 983
676 959
677 977
680 731
683 967
686 797
687 700
687 846
688 851
689 948
692 878
694 876
695 899
697 757
699 919
702 997
704 797
704 809
705 979
709 737
711 719
713 821
714 913
716 750
720 767
720 820
720 822
723 854
724 946
727 733
728 807
733 942
737 827
738 913
739 967
740 966
741 754
742 983
743 845
747 859
749 786
752 789
754 788
756 888
757 886
757 893
758 769
759 843
764 934
767 965
769 992
772 851
774 989
776 882
780 881
781 782
783 789
785 970
791 939
800 869
803 962
806 909
809 822
812 841
812 981
813 844
816 899
816 947
820 892
821 954
821 977
827 958
836 870
836 873
847 891
849 867
849 911
857 981
862 875
863 871
869 915
876 976
877 960
879 930
883 918
885 908
890 971
894 920
894 957
906 927
912 916
915 986
972 984
973 992
976 994
982 991