125
0 23
0 66
1 23
1 95
1 96
1 119
2 79
3 12
3 49
3 121
4 50
4 73
5 8
5 40
5 76
5 107
6 68
7 63
7 101
9 10
9 59
9 74
11 54
11 56
12 70
13 87
14 67
14 95
15 27
15 102
16 27
17 35
17 110
18 27
18 42
18 89
18 99
19 87
20 47
20 51
20 64
20 120
21 76
21 84
22 57
22 98
23 124
24 75
24 112
25 36
25 50
26 32
26 33
27 45
27 113
28 92
29 91
29 111
30 98
31 53
31 75
31 116
32 108
32 111
33 41
33 104
34 111
36 78
37 39
37 46
38 39
38 110
39 66
41 56
41 60
41 68
43 79
43 80
44 54
44 55
45 81
47 110
48 121
49 117
50 54
52 82
53 88
56 80
56 105
57 123
58 82
58 103
59 85
60 114
61 68
62 78
63 83
65 73
65 115
66 94
69 86
70 77
71 82
71 86
71 106
72 93
74 90
74 120
75 83
77 114
81 82
83 117
84 97
84 103
87 112
87 118
90 100
90 107
92 121
93 121
93 122
109 115
111 123
114 119