500
0 355
1 177
1 257
1 433
2 26
2 302
3 51
3 98
3 252
3 338
4 52
4 276
5 159
5 234
5 449
6 330
7 368
7 374
8 313
9 318
9 454
10 46
10 212
11 221
11 296
11 326
12 105
13 258
13 333
13 408
13 422
14 44
15 21
15 105
15 251
16 18
16 108
16 402
16 404
16 458
17 283
18 136
18 264
18 416
19 58
19 109
20 37
20 336
21 57
22 193
22 489
23 116
24 173
24 277
24 322
24 387
24 456
25 342
26 216
26 350
26 410
27 132
27 160
27 221
28 315
29 168
29 304
30 142
30 463
30 465
31 57
31 443
32 190
32 246
32 270
33 164
34 190
35 292
36 47
36 272
36 375
37 76
37 209
37 265
37 413
38 146
39 495
40 92
40 495
41 216
42 77
42 319
42 324
42 385
43 151
43 306
43 435
44 234
45 112
45 466
47 428
48 483
49 50
50 278
50 335
50 408
51 64
51 485
52 135
52 248
53 111
53 303
54 234
54 407
54 461
55 218
55 250
55 314
56 243
56 481
57 147
57 290
57 364
58 275
58 391
59 201
59 390
59 445
60 91
60 406
61 152
61 158
62 332
63 271
64 285
64 330
65 305
66 150
66 220
66 255
66 359
67 87
67 187
67 377
68 207
68 422
69 94
70 183
71 198
71 246
71 288
72 293
72 343
73 472
74 143
74 297
74 418
75 160
77 340
78 194
78 373
79 299
80 101
80 155
80 244
81 180
82 247
82 267
83 245
83 291
84 137
85 148
85 438
86 387
87 113
88 449
89 212
89 249
90 106
90 167
90 231
90 321
92 279
93 384
94 278
95 174
95 401
96 331
96 346
96 471
97 232
99 427
100 138
101 262
102 121
102 328
103 467
104 213
104 379
106 430
107 462
108 176
109 310
110 316
110 414
110 467
111 266
112 266
113 388
114 264
115 290
115 375
116 123
117 478
118 209
118 491
119 206
119 232
120 123
121 229
122 179
123 197
123 243
123 468
124 211
124 263
125 287
125 469
126 138
126 444
127 147
127 479
128 156
128 412
129 300
129 335
130 153
130 181
131 319
131 460
132 184
132 281
133 352
133 460
133 487
134 345
134 483
134 489
135 167
135 360
137 262
137 305
137 417
139 199
139 382
140 359
140 448
140 495
141 189
141 223
142 209
144 407
145 216
145 298
146 206
146 356
146 410
147 389
149 226
150 452
151 211
151 332
151 335
153 344
153 348
154 285
154 305
155 208
157 494
158 164
158 197
159 239
161 217
161 308
161 346
162 169
162 254
162 441
162 472
162 493
163 254
164 341
164 472
165 212
165 379
166 203
166 362
167 355
168 340
170 382
171 353
172 342
172 406
172 494
175 474
178 222
178 383
179 205
179 233
180 346
181 462
182 273
182 343
182 371
183 371
184 295
184 473
184 494
185 422
186 402
186 486
187 235
187 431
188 494
189 266
190 366
190 392
191 459
192 338
194 249
194 457
195 226
195 337
195 451
196 338
197 299
199 327
199 388
199 442
200 233
200 367
202 443
202 444
203 296
204 292
206 496
208 425
208 494
209 437
210 335
210 410
212 230
214 268
214 469
215 293
215 311
216 365
217 332
218 445
219 244
220 329
221 260
223 426
223 428
224 269
225 277
225 432
226 380
227 228
227 460
228 286
232 357
233 405
234 261
235 391
236 484
237 393
238 252
238 407
240 397
241 353
242 271
242 492
246 450
247 313
248 447
250 446
253 345
253 484
256 341
257 464
259 447
259 488
267 291
267 399
268 412
269 394
270 394
271 415
272 349
274 406
275 465
276 317
277 309
280 456
281 490
282 355
282 358
283 379
284 310
287 369
288 347
289 445
290 498
291 300
292 472
294 397
297 377
298 453
299 401
301 439
303 328
305 358
307 390
307 405
309 439
310 438
312 370
312 467
314 419
315 337
315 433
316 381
320 456
323 424
324 455
324 477
325 402
330 361
331 403
334 403
334 478
336 363
337 345
339 441
343 451
344 426
345 372
345 479
346 386
348 460
349 376
351 492
353 357
354 382
358 420
363 459
366 431
368 442
370 439
373 446
374 409
378 424
378 435
380 475
381 391
382 390
383 486
384 426
392 421
393 461
395 453
396 465
397 454
398 471
398 476
400 460
403 458
405 499
406 410
407 427
411 428
416 429
417 436
423 441
430 472
434 474
435 452
440 498
444 492
444 497
453 456
454 469
455 482
458 470
469 490
473 474
479 491
480 484