781
0 173
0 357
1 714
2 715
3 16
3 664
4 359
4 495
4 700
5 20
5 73
6 224
7 582
8 71
9 317
10 165
10 213
11 151
12 37
13 219
14 194
14 694
15 164
16 64
17 218
18 175
18 545
18 754
19 393
20 201
21 384
21 427
22 713
23 534
24 83
24 586
24 717
25 738
26 430
26 625
27 547
27 710
27 712
28 256
28 650
29 473
30 660
31 548
31 579
32 33
32 136
32 230
34 126
34 525
34 583
35 90
35 344
36 700
37 335
38 455
38 560
38 636
39 57
40 202
41 302
41 638
42 564
42 629
43 64
43 497
44 530
44 680
44 729
45 659
45 779
46 411
47 67
47 453
47 624
48 51
49 89
49 305
49 697
50 165
51 620
52 584
53 347
53 620
54 161
55 231
55 312
55 399
55 448
56 391
56 722
56 750
57 522
57 622
58 721
58 771
59 563
60 114
60 779
61 121
61 191
61 603
62 271
62 619
63 672
64 352
64 389
64 633
65 151
65 240
65 558
65 686
66 307
66 578
68 441
68 681
69 211
69 743
70 440
71 137
71 430
71 671
71 728
72 565
72 763
73 504
74 476
75 84
75 126
75 236
76 290
76 313
76 329
76 387
76 585
76 763
77 595
78 300
78 773
79 489
80 333
80 357
80 418
81 693
82 120
82 386
82 401
84 396
85 440
86 273
86 515
87 253
88 465
91 236
91 363
92 707
93 452
93 578
94 758
95 630
96 157
96 698
97 187
97 436
98 321
99 129
100 300
100 475
100 552
100 618
101 357
102 109
102 164
103 366
103 769
104 411
105 174
105 569
106 343
106 410
106 507
106 684
107 281
107 770
108 228
109 525
109 535
110 371
110 731
111 666
112 472
113 554
114 673
115 286
115 372
115 413
115 543
116 351
117 515
118 397
119 373
120 121
121 609
122 157
122 598
123 238
123 335
124 363
125 293
125 459
125 691
126 460
127 570
128 264
128 281
129 305
129 769
130 151
131 547
132 380
132 490
133 336
134 327
134 364
134 543
135 667
136 430
137 340
138 265
139 219
139 550
139 599
140 462
141 528
141 634
142 591
143 188
143 662
144 324
144 618
145 265
145 601
146 482
146 525
147 242
148 278
148 692
149 454
150 198
150 336
152 498
152 551
153 569
153 695
154 318
155 503
155 588
155 760
156 635
157 207
157 272
157 629
158 213
158 512
159 226
160 464
160 685
161 412
161 707
162 265
162 314
162 315
163 190
163 291
163 473
163 639
164 320
164 563
165 383
166 534
167 204
167 418
167 739
168 415
168 484
168 491
168 745
169 508
170 555
170 662
171 381
171 718
172 328
172 610
172 702
173 642
175 751
176 274
176 565
176 679
177 310
177 407
177 741
178 641
179 328
179 352
180 339
181 487
182 738
183 379
183 425
183 601
183 722
184 763
185 279
185 341
185 358
186 493
187 355
188 344
189 674
191 224
192 252
192 509
192 726
193 653
194 551
195 398
195 422
195 532
195 602
196 402
196 626
196 676
197 287
197 628
199 446
199 509
199 521
199 718
200 564
201 409
201 607
202 310
202 608
202 688
203 505
204 561
205 327
205 635
206 599
207 477
207 492
207 639
208 464
209 304
209 608
210 337
210 481
210 561
211 467
211 731
212 340
213 516
213 689
214 532
214 668
215 735
216 277
216 580
217 678
218 280
219 326
219 426
219 515
220 232
221 355
221 776
222 401
223 257
223 340
225 258
225 775
226 338
226 476
226 478
227 757
228 317
228 403
229 473
232 362
232 720
232 735
233 351
233 746
234 294
234 715
235 419
236 409
237 563
237 690
238 520
239 314
240 481
240 682
241 515
242 490
243 448
243 740
244 288
244 514
244 718
245 248
245 616
246 485
246 524
247 335
247 451
247 477
247 647
249 636
250 493
250 626
251 315
253 272
253 712
254 695
254 717
255 408
255 629
256 336
259 376
259 577
259 707
260 523
261 720
261 734
262 766
263 373
263 596
263 675
265 489
266 353
267 444
267 778
268 325
268 591
269 282
270 409
271 317
271 386
273 661
273 752
274 526
275 521
276 471
277 507
278 431
280 571
280 620
281 631
282 663
282 665
283 333
283 560
283 759
284 391
285 548
287 633
288 303
288 618
289 348
289 350
289 440
292 313
293 766
294 643
294 660
295 346
295 378
296 400
296 600
297 411
297 753
298 441
298 617
299 396
300 334
301 627
306 374
306 619
308 317
309 678
311 665
314 634
314 761
315 569
316 431
316 544
317 365
317 464
317 573
318 377
319 593
320 765
321 486
322 724
323 579
323 749
325 375
325 388
325 494
326 367
326 732
328 531
328 663
328 714
329 480
330 495
331 617
331 744
332 357
335 741
335 742
336 541
336 669
338 401
338 461
339 623
340 663
342 381
342 439
343 775
345 366
346 526
347 730
348 556
349 517
349 591
349 652
350 700
351 572
351 716
352 432
353 632
354 661
355 761
356 548
357 676
358 453
359 414
359 765
360 515
360 670
361 605
361 756
368 446
369 479
370 495
370 499
373 646
373 737
374 428
374 727
375 687
376 777
377 406
380 658
382 537
384 437
384 501
385 667
386 748
389 447
390 646
391 537
392 427
392 508
393 465
393 731
394 692
395 662
397 420
398 606
399 696
400 613
401 580
402 454
403 590
404 470
404 733
405 523
405 772
406 690
410 528
411 442
411 543
411 623
412 721
414 480
414 570
414 680
415 780
416 531
417 465
417 642
419 548
419 704
420 460
421 537
423 670
424 534
424 762
426 776
427 611
429 610
429 666
430 706
430 715
431 775
432 576
433 466
434 501
435 588
438 749
439 719
440 709
441 444
441 593
441 770
442 474
442 612
443 585
444 654
445 591
447 767
449 460
450 554
450 578
454 506
456 760
457 471
457 657
458 557
462 565
463 500
463 567
466 718
468 569
468 589
469 513
470 536
470 689
471 662
472 608
472 653
473 645
479 554
479 630
483 484
484 620
485 537
485 546
486 632
486 743
487 603
487 699
488 554
490 541
491 764
494 736
496 568
496 677
498 597
500 644
500 682
502 546
504 510
505 580
508 680
509 553
511 686
512 519
513 543
517 582
518 575
518 771
522 558
525 550
526 736
527 569
528 616
529 724
530 640
532 764
533 623
534 747
538 541
539 775
540 643
541 715
542 691
545 595
545 762
546 648
549 758
552 671
552 688
557 612
559 565
560 758
562 621
562 772
565 655
566 679
567 674
569 651
574 721
578 742
579 654
579 656
579 774
581 641
584 726
587 738
587 740
592 708
593 677
594 688
597 767
599 701
600 725
601 683
603 689
604 738
606 729
609 641
611 779
613 744
614 636
615 693
615 714
618 772
624 719
627 643
635 666
635 711
636 693
637 699
638 647
646 677
649 768
651 744
654 760
658 705
662 764
663 708
667 692
672 720
672 732
678 759
680 771
691 723
691 767
695 713
699 746
703 759
715 769
720 724
721 768
722 756
738 765
739 755
747 778
750 753
757 778