6250
0 812
0 3776
0 3849
1 4095
2 654
2 2909
3 4170
3 5018
4 372
4 2325
4 4932
5 737
6 2093
6 3082
6 6054
6 6094
7 1470
8 3813
8 4653
9 1979
9 3853
10 4843
11 203
11 2298
12 257
12 1464
12 3614
12 6014
13 4180
14 19
14 715
14 3425
15 595
15 4679
16 5206
17 81
17 5316
18 4151
18 4929
20 4201
20 4427
20 5760
21 1081
22 3762
22 4215
23 606
23 5916
24 2886
25 5864
26 5105
27 1602
28 1043
28 2655
29 4174
30 86
30 2715
30 2970
31 2133
32 1312
33 1275
33 5276
33 5930
34 45
34 5156
35 1023
35 3520
36 1430
37 3308
38 3897
39 2576
40 2019
40 4214
41 4707
41 5607
42 5197
42 6078
43 5382
44 1146
44 1421
44 5155
45 1334
45 4817
46 3684
46 3932
46 5870
47 1485
47 4005
47 4946
48 2327
49 871
49 5137
50 2229
50 3713
51 1627
51 4880
51 5564
51 6012
52 1951
52 4807
52 4809
53 4619
54 1430
54 4132
55 3450
55 4526
56 2948
57 527
57 1375
57 1949
58 1922
58 5012
59 3309
60 3810
61 4715
61 5380
62 1396
63 3195
63 4677
64 679
64 2474
65 5035
66 263
66 2542
67 1612
68 2006
68 6243
69 3102
70 4789
71 2431
71 6238
72 1245
72 4678
72 5515
73 3133
73 4602
74 1160
74 4120
74 6183
75 3483
75 4710
76 221
77 286
77 317
77 4175
77 4528
78 1234
78 4409
79 4004
80 332
80 3453
80 4576
81 2105
81 4069
81 5520
81 5999
82 1344
82 1690
82 2294
82 5735
83 1246
83 1929
83 4264
84 1762
84 4873
84 5089
84 5972
85 3317
86 1384
86 2830
86 4518
87 1733
87 4462
87 4675
88 1436
89 1156
89 5235
90 4915
90 6066
91 3078
91 5127
92 635
92 4538
93 2121
94 4378
94 6013
95 815
96 991
96 5374
97 1351
97 3220
97 5362
98 1377
98 1962
98 3563
99 1074
99 4141
99 5527
100 1407
101 2408
102 2215
103 1729
104 550
104 3165
104 4909
104 5877
104 6076
105 2073
106 3826
106 4563
106 5132
106 5660
107 4420
108 1922
108 2125
108 2813
109 1230
109 3272
110 442
110 649
110 2185
110 5326
111 705
111 1618
111 5044
112 1865
112 4372
113 1930
114 917
114 3581
114 3792
114 4269
115 1172
115 2031
115 3855
116 4831
117 673
117 3785
118 1607
118 2780
119 3036
119 4861
120 1589
120 4165
121 1718
121 2211
121 2256
121 4877
122 933
122 4555
122 4729
123 1051
124 2344
125 5487
126 746
126 2625
127 921
127 3549
128 3618
128 5573
129 1876
129 4121
130 5140
130 5671
131 2250
132 953
132 1267
132 1431
132 2436
133 218
133 304
133 607
134 580
134 5612
135 424
135 2644
136 162
136 642
136 838
136 3018
137 3801
137 5093
138 3162
138 3300
138 3491
138 6146
139 3665
139 4409
140 568
140 2117
141 4221
142 1091
142 2204
143 2418
143 3061
143 5422
144 1575
145 3635
146 377
147 5156
148 2167
148 3810
148 4576
149 837
149 2150
149 2257
150 454
150 1089
150 1332
151 5179
152 2455
153 3102
153 4854
154 640
155 3765
155 4904
156 4614
157 1261
158 1581
158 1906
158 3228
159 4430
160 2766
160 5178
160 5885
161 2310
162 2018
163 3941
164 915
164 2139
165 2579
166 1538
166 6167
167 3192
167 3982
167 4376
167 5312
167 5730
168 1274
168 5690
168 6221
169 1925
170 321
170 1714
170 2291
171 2573
171 5105
172 1481
172 3486
172 5038
173 3683
174 2778
174 3822
175 3920
175 4182
176 625
176 984
176 3694
177 4405
178 214
178 3934
179 2800
179 4651
180 3715
180 5066
181 1424
181 4212
182 5405
182 5954
183 1971
184 4739
184 4892
185 302
186 5090
187 602
187 3176
188 4899
189 1453
189 2662
189 4940
189 5651
189 6042
190 977
190 5361
191 863
191 5111
192 2815
193 1155
194 4639
195 1600
196 4020
196 5766
197 1221
198 226
199 3624
200 5323
201 1734
201 3904
201 6109
202 6187
203 5950
204 4729
205 4479
205 5817
206 3115
206 5337
207 2151
208 2174
208 4123
208 4297
209 4851
210 2699
211 2754
211 4448
212 5184
213 1222
213 5773
215 709
215 2130
215 3148
215 4698
216 632
216 721
217 4975
217 5017
218 2292
219 1517
219 5057
219 5777
220 990
220 3721
220 4810
220 5081
221 2783
221 4531
222 1150
223 2225
223 5838
224 2322
224 4889
225 3148
225 4340
226 1369
226 2916
227 5029
227 6191
228 4357
229 2520
230 1290
230 5679
231 6222
232 1292
232 2020
232 5223
233 2534
233 2946
233 4954
234 3926
235 876
235 1024
236 459
236 3704
236 3755
237 3919
237 5327
238 5356
239 887
239 1575
239 1792
239 3357
240 274
240 6210
241 5425
242 3589
242 4588
242 5420
243 482
243 4004
244 4626
244 5898
245 4718
246 5066
247 1843
248 1386
248 2993
249 1889
249 2734
250 2225
251 3412
251 5386
251 6162
252 4198
252 5317
253 1379
253 4069
254 3091
254 3096
255 3611
256 535
257 2687
258 5085
259 1803
260 1496
260 2899
260 4155
260 5172
260 5714
261 4766
262 4786
264 2466
264 6053
265 4983
266 1381
266 3159
266 5783
267 4563
268 1058
268 2580
268 2620
268 5803
269 820
269 4801
270 688
270 5701
271 703
271 4908
272 3690
272 5486
273 629
273 1459
274 5261
274 5761
275 687
275 3203
275 4795
276 4716
276 4778
277 1939
277 3011
277 4608
278 1082
278 2510
278 5206
278 5869
279 1713
279 3870
280 2492
281 2137
282 1048
282 6060
283 2288
284 1872
285 695
285 1279
285 1982
285 3480
286 4381
287 581
287 2715
288 5672
289 3304
289 5457
290 655
290 2968
291 631
291 4410
292 683
292 4177
293 539
294 3390
294 3834
294 4571
295 3613
296 1602
296 1973
297 1666
298 434
298 3008
299 366
299 1473
300 5642
300 6143
301 1834
301 1895
301 1904
301 2016
301 4482
302 4112
302 4989
302 5796
303 4402
303 5354
304 2401
304 4599
305 3099
305 5277
306 2282
306 2678
306 5123
307 1807
307 3698
307 3965
307 6125
308 1308
308 2950
309 4177
310 2544
311 5284
312 2678
312 4610
313 1026
314 4470
314 5150
315 5080
315 6182
316 1001
316 1675
317 3301
318 2354
318 4043
319 3563
320 3102
321 4206
321 4784
322 2271
323 1586
323 3949
323 4591
324 883
324 1584
324 4445
324 4656
324 5642
324 5675
325 1608
325 5123
326 561
326 5453
327 1399
327 4227
328 774
328 1663
328 4305
329 4257
330 2826
330 3112
330 5246
331 1057
331 2367
331 3150
332 1026
332 3466
332 3516
333 659
333 2782
334 1169
334 6006
335 4381
336 1158
336 5532
337 2744
337 3958
338 2986
339 2675
340 2378
340 3360
340 3443
341 1045
342 3885
343 2243
343 4772
343 5488
344 3479
344 4259
344 5560
345 2089
345 6082
346 1660
346 2944
346 5758
346 5780
347 889
347 5647
348 3827
349 1438
349 3100
350 2177
351 3927
351 4767
352 2625
352 4826
352 5369
353 416
353 3325
353 6239
354 1693
355 470
356 1800
356 3138
356 5688
357 631
357 3455
357 6148
358 823
358 1310
358 2158
358 5570
358 6019
359 6087
360 1033
360 2335
361 4902
362 3418
363 856
363 1607
364 3300
365 4639
367 1696
367 2354
367 4690
368 603
369 996
370 590
371 1654
371 5009
372 4066
373 2260
373 4579
374 2982
374 3006
374 3154
374 6159
375 2299
375 2609
375 5259
376 2123
376 3597
376 4525
377 3616
377 5035
378 2833
379 3508
379 6111
380 2330
381 5667
382 684
382 5747
383 1614
383 2908
383 5204
384 3672
385 5086
386 3367
386 5683
387 2360
387 4954
388 1385
388 1968
388 3277
389 4874
390 3740
391 532
391 540
391 1929
392 1663
392 5966
393 3912
393 4118
394 5029
395 2384
395 3763
395 4472
396 1197
396 1260
396 5364
397 1309
397 2015
397 3822
398 1444
398 3746
399 1601
400 4744
400 6108
401 3648
402 2000
402 2493
402 3440
403 3858
403 4238
403 6207
404 3028
404 3674
405 3994
406 575
406 1569
406 4923
407 3059
408 2196
408 3745
409 2915
409 4489
410 1883
410 3803
410 4805
411 2851
411 3005
412 799
412 1853
412 2798
412 2931
413 1276
413 1846
413 2389
414 1890
414 4061
415 4363
415 4578
417 4763
418 3794
418 3985
419 2446
419 3501
420 1924
420 4903
421 1813
422 3422
423 3581
424 854
424 5135
425 891
425 1137
426 1399
427 1389
427 4863
428 2324
429 1191
429 2591
429 3268
430 2498
430 3239
430 6239
431 5902
432 1765
433 3599
433 5826
434 2645
434 3926
435 1653
436 4431
437 1643
438 717
438 2668
439 1626
440 1305
441 1135
441 2566
441 3999
443 3940
444 3026
444 3358
444 4547
445 2414
445 4922
446 1889
446 3682
446 4455
447 787
447 1249
448 593
448 4370
449 2767
450 3269
451 1853
451 5437
452 3304
452 4988
452 5921
453 2120
453 6140
454 1482
454 1716
455 648
456 506
456 1839
456 3598
457 1557
457 2330
458 1007
458 3861
458 4301
459 4392
460 6167
461 1791
461 2152
461 2393
462 3076
462 3339
462 4279
463 2018
463 6102
464 730
464 6040
465 5207
466 2215
466 2682
467 2225
467 2337
468 5735
469 3368
469 3449
470 5390
471 2959
472 6179
473 2870
474 1015
475 2976
475 3591
476 1167
476 2147
476 4634
477 4896
478 5783
479 744
479 5435
480 3262
480 5530
481 3847
482 3321
483 1458
483 3503
484 4667
485 2026
485 3234
486 3567
486 3893
487 637
487 2379
487 2848
488 4409
488 5227
489 2793
489 3881
490 3504
491 5024
492 1325
493 5124
494 3416
495 3628
495 5766
495 5878
496 558
496 642
496 6165
497 1013
497 3502
497 4233
498 5659
499 3187
499 4628
500 1096
500 4249
501 1141
502 2290
502 6235
503 1145
503 3369
504 1428
505 1057
505 5578
506 4971
507 4573
508 3442
509 1215
509 2304
509 4399
510 1990
510 5282
510 6113
511 4339
511 6052
512 3753
512 4419
512 5968
513 2578
513 4031
513 4241
514 1945
515 4544
516 3836
516 5871
517 3200
517 3458
517 4258
517 5739
518 4024
519 2014
520 1847
520 2234
520 4072
521 5621
522 3346
523 5821
524 1891
525 3017
526 2278
526 5519
527 1822
528 5689
529 1768
530 5659
531 4924
533 2176
533 4086
533 4835
534 1587
534 1628
534 3005
534 6041
535 4142
536 2302
537 561
537 4676
538 2030
539 5250
539 5319
540 3791
540 5872
541 3784
542 6230
543 550
543 1857
544 1255
544 2941
545 677
545 1519
545 2387
546 1558
546 3246
547 1090
547 5869
548 4893
549 587
549 5079
551 5402
551 5586
552 3925
552 5370
553 1436
554 1651
554 5936
555 5626
556 2160
556 2841
557 4191
557 6195
558 2727
559 3589
559 4119
559 4308
560 4058
560 4623
560 5621
561 5913
562 5293
563 1497
564 742
564 3475
565 6236
566 727
566 4565
567 5123
568 3344
569 4600
569 4925
569 5050
569 5201
570 2143
570 3863
571 1040
571 2333
571 4176
571 4179
572 6104
573 2579
573 2635
573 5340
574 1447
574 3332
574 5912
575 2838
576 2209
576 2250
577 1541
578 894
578 2835
578 5353
578 5843
579 5141
580 802
580 1278
580 3001
581 3650
581 5403
582 3224
582 4576
583 5559
583 6161
584 3551
585 3384
585 4115
586 3578
586 4476
587 4502
588 3389
589 1942
589 2223
590 2178
590 2831
591 1838
591 2027
591 2764
591 5371
592 672
592 3320
592 6214
593 701
593 1420
593 2174
593 2489
593 3113
594 937
594 4030
596 2939
597 4898
598 4440
599 1316
600 728
600 3292
601 5177
602 2398
603 2828
604 5283
605 2072
605 3248
608 2600
609 3322
609 3896
609 4103
610 5549
610 5860
611 2017
611 3827
611 4054
612 878
612 3169
612 5492
613 4086
613 5626
614 1488
614 1521
614 3264
615 2566
615 3876
616 5190
617 4265
617 6047
618 5962
619 2106
619 2612
619 3732
619 5195
619 5217
620 2104
621 5628
622 2137
622 5367
623 1965
623 3048
623 3933
624 1658
624 3560
626 1720
627 4942
627 6200
628 4557
630 1044
630 2706
631 3364
633 5662
634 2186
634 5583
635 5976
636 1100
636 3380
637 1669
638 2500
638 3649
638 3757
639 2202
640 4150
641 2523
641 2693
642 836
642 5472
642 6000
643 4761
644 5849
645 2457
646 1762
646 5977
647 845
647 2506
647 5067
647 5644
648 1253
648 1914
649 1847
650 3058
651 3503
652 2285
652 3475
652 5864
653 1003
653 5622
655 1119
655 3847
656 5124
657 1475
658 4436
658 5573
659 2622
659 4222
660 940
660 1215
660 5231
661 2885
661 3793
662 4322
662 4755
662 6020
663 5413
663 5726
664 5191
665 5765
666 1380
666 2134
666 5955
667 5076
667 5120
668 3786
668 5174
668 5517
668 5639
669 3366
669 4576
669 6035
670 1365
670 5474
671 3318
671 4122
672 1034
673 1404
673 1566
673 2012
674 2188
675 694
675 773
675 1164
675 6021
676 1524
676 2512
676 5781
677 4220
678 5555
678 6225
679 4215
680 3143
681 2816
681 5479
682 2096
682 5153
683 5509
683 5618
684 3652
684 4579
685 4774
686 1160
686 2242
688 5469
689 2504
689 3017
690 1540
690 3442
690 3507
690 4783
691 1929
691 2451
692 5833
693 1738
693 6098
694 3224
695 4093
696 2532
696 3366
697 1602
697 2856
697 2928
698 1573
699 740
699 4314
700 1749
700 4783
702 790
702 1557
703 5528
703 6076
704 2509
705 2188
705 2872
705 4085
705 4862
706 5161
706 5372
707 3042
707 3188
707 5895
708 3413
708 4891
709 837
709 1004
709 4353
709 4583
710 1780
710 4209
711 1764
712 3045
712 4964
713 3634
714 2339
716 3552
718 2183
718 4962
719 2157
719 4577
720 2899
720 4527
721 2458
722 2489
723 2635
723 5674
724 3656
724 4271
724 4707
725 4196
726 1204
727 4254
728 3632
728 4136
729 1311
731 1128
731 2824
732 2002
732 2369
733 5029
733 6122
734 4831
734 5121
735 2216
735 3972
736 2409
736 5058
737 3805
737 5737
737 5808
738 900
738 2756
738 4488
739 2617
739 4522
739 6240
741 3971
741 4798
742 1069
743 5083
744 915
745 4581
745 5917
746 3062
746 4889
747 3047
747 3286
747 4337
747 5580
748 4269
749 3131
749 4352
750 2222
750 4827
750 5470
751 1491
752 2130
752 5703
753 997
753 5111
754 1054
754 4823
755 1392
755 2274
756 1002
756 3066
756 3289
757 1560
757 3704
758 1223
758 3316
758 4615
759 5610
760 2301
760 3058
760 5643
761 3532
762 4721
762 5398
763 2455
763 4001
764 1650
764 2585
765 916
765 2691
765 3019
766 3719
767 1735
768 4937
769 3431
769 4543
769 4564
770 3236
770 5443
771 2908
772 5338
774 3509
775 1978
775 2414
775 5775
776 905
776 2678
776 3889
776 4907
777 1642
778 970
778 3952
778 4816
778 5384
779 2225
779 2672
780 3318
781 2184
782 1089
782 4333
782 5322
783 1513
783 1822
784 2223
784 5396
785 4761
786 3615
787 4502
788 3989
788 4353
789 2597
789 3782
791 2201
791 6083
792 3204
792 5694
793 3127
793 5154
794 3213
794 3974
794 4471
795 3788
795 4047
795 4284
795 5356
796 1538
796 3037
796 4000
797 3370
798 1526
799 2886
799 3876
799 4753
800 1020
801 5721
801 6149
802 2318
802 3807
803 3168
803 3537
803 5776
804 2156
805 1871
805 5035
806 4318
806 5579
807 2328
807 2533
807 4916
808 1686
808 2128
808 4560
809 2468
809 3313
810 3548
810 5098
811 5043
811 5166
813 5482
813 6097
814 3875
814 5171
815 3510
815 5944
816 2476
817 1758
817 2120
817 4076
817 4380
817 4860
818 4497
819 2241
819 4368
821 4341
822 1434
822 2535
824 3566
824 4729
825 4181
826 898
826 2883
827 5227
828 4465
829 4787
830 1382
830 2975
830 4870
831 2104
831 5363
832 6151
833 3972
834 1310
834 4523
835 1166
836 2222
836 3123
837 2011
837 2199
838 4011
839 3845
840 2598
840 3865
841 3636
841 5848
842 2534
843 4338
844 3620
844 4945
845 2920
845 3722
846 3122
846 5417
847 4844
848 5137
849 1344
849 5296
850 1768
850 2126
851 3237
851 5580
852 3914
852 4077
853 4461
853 4552
853 4598
853 6050
854 1689
855 3153
856 2313
856 4799
857 1244
857 1917
857 3971
857 4181
858 5111
859 1371
860 1437
860 5543
861 6218
862 5588
863 942
864 1104
864 1960
865 2202
866 1199
866 3142
866 3700
867 1646
868 4109
869 1513
869 4243
869 4447
870 2434
870 3080
870 6201
871 1210
872 2219
872 4840
872 4957
873 3866
873 5348
874 2821
874 5277
874 5645
875 5824
876 2640
877 2014
877 3674
878 3903
879 4036
879 4124
880 1676
881 3007
881 3989
882 4142
882 4309
882 5987
883 4558
883 5236
884 3063
884 4871
884 5501
885 4619
885 5068
886 5514
886 5542
886 6075
888 1479
888 4187
889 3470
890 1744
890 2108
890 5332
891 1727
891 3176
892 963
892 1158
893 5687
894 4731
895 3444
896 5313
896 5407
897 2076
897 5726
898 2919
899 4102
900 1080
900 3413
901 3354
901 3529
902 1238
902 1532
902 4430
903 3379
903 6100
904 2652
904 3361
905 4154
906 2490
906 5241
906 6153
907 2663
907 3001
907 5903
908 1785
908 2130
908 2458
909 1542
909 2246
909 3255
910 4005
910 5371
911 1150
911 2244
911 2526
912 1541
912 3935
913 5430
913 5756
914 2481
918 3231
918 4839
918 5949
919 2022
919 2423
919 3031
919 6056
920 4949
920 5559
921 1698
921 4127
921 4747
922 1175
922 3709
922 4821
923 1280
924 1395
924 2291
925 2222
925 3908
925 4986
926 2788
926 3051
926 4437
927 4680
928 3749
928 5392
929 1830
930 1523
931 2249
931 4419
931 5847
932 2190
934 3714
934 6155
935 5932
936 2229
937 3924
937 4062
938 2118
938 3783
939 5242
941 2761
942 1537
942 3606
942 6014
943 1127
943 4299
944 4915
945 3673
946 1336
946 1664
946 2255
946 3960
946 4513
946 4719
947 5621
948 981
948 3053
948 4609
949 1554
949 3468
950 1316
951 4464
952 5306
953 5821
954 1784
954 4586
955 5477
956 4433
956 5961
957 3402
957 4781
958 5542
958 5623
959 5520
959 6029
959 6244
960 3120
960 4229
960 5457
960 5577
961 3926
961 4110
962 3901
962 4905
962 5744
963 1852
964 2086
965 1933
965 2653
965 4595
965 5471
966 4172
967 6206
968 1390
968 2151
968 4915
969 2245
969 5624
971 1915
971 2405
971 5578
972 3465
972 4647
973 6121
973 6208
974 5393
975 2241
975 3940
975 4133
975 4276
976 4953
976 4970
976 5006
977 6091
978 5063
979 2598
979 4058
980 5055
980 5375
980 6199
981 5221
982 2748
983 4846
984 5616
985 1801
985 3117
985 4326
986 3003
986 3317
987 2192
987 2949
987 3020
988 1135
989 1957
989 3478
989 4203
991 3495
991 5908
992 1196
992 1257
992 4061
992 6003
993 1941
993 3942
994 3245
994 4889
995 1391
995 1676
996 1884
996 2571
997 2607
998 2050
998 6062
999 1200
999 4339
999 5355
1000 4033
1000 4125
1000 5100
1001 4056
1002 1692
1003 4001
1003 5101
1004 5862
1005 1171
1005 4816
1005 5620
1006 4549
1006 5906
1007 1684
1007 2621
1008 4310
1008 5052
1009 2168
1010 3096
1011 3509
1012 5956
1013 1470
1013 1499
1014 2499
1014 6171
1015 2151
1016 2428
1017 1928
1017 4912
1017 5414
1018 2410
1018 4968
1019 1802
1019 4213
1020 3034
1020 4451
1020 4986
1021 2653
1021 2870
1021 4875
1022 3451
1023 5376
1024 1967
1025 3267
1025 5182
1025 5586
1025 5693
1026 2719
1027 1593
1028 2871
1028 4799
1029 1952
1029 5270
1030 5193
1031 2885
1031 5760
1032 2266
1032 2672
1033 3669
1034 4937
1035 2331
1035 3184
1035 5632
1036 1092
1036 2304
1036 4006
1037 3577
1037 4189
1037 5634
1038 2298
1038 2647
1039 4304
1041 1946
1041 2149
1041 5628
1041 6197
1042 2683
1043 3522
1045 2234
1045 4766
1046 2825
1046 4019
1046 4633
1047 1811
1047 4329
1048 1282
1048 5866
1048 6167
1049 5187
1050 2838
1050 4425
1050 5780
1051 1491
1051 2313
1052 1270
1052 4901
1053 2041
1054 6188
1055 4587
1056 5304
1057 2494
1057 6078
1058 4737
1059 3320
1060 3642
1061 1338
1061 2638
1062 2516
1062 3559
1063 1936
1064 4249
1065 3184
1065 5695
1066 1499
1066 2815
1066 6055
1067 2385
1067 3167
1067 3503
1067 5587
1068 1563
1068 2481
1068 5640
1069 1986
1069 5098
1070 2680
1070 4459
1071 3982
1072 2111
1072 3097
1072 3507
1073 3524
1073 5180
1075 2762
1076 1291
1076 5285
1077 3702
1077 5048
1078 2362
1079 3926
1081 3571
1081 3744
1082 1992
1082 5452
1082 5599
1083 2339
1083 3135
1084 3567
1084 5446
1084 5555
1085 2572
1085 4196
1086 2565
1087 5051
1088 6020
1089 1237
1090 5318
1090 6067
1091 3351
1093 2736
1093 4084
1094 3301
1095 5461
1096 2602
1096 5219
1097 3077
1098 1726
1098 5983
1099 1931
1099 2459
1099 4640
1099 4895
1099 4897
1100 4958
1101 2701
1101 4073
1101 5547
1102 4996
1102 5014
1103 1360
1103 2185
1103 2437
1104 3873
1105 5512
1106 2576
1107 4584
1108 1563
1108 2457
1109 1738
1109 4207
1110 5852
1111 6106
1112 2671
1113 3006
1114 5333
1114 5694
1115 3297
1116 5168
1117 2695
1117 4792
1117 5103
1118 4306
1118 6137
1118 6218
1119 4507
1119 6018
1120 4192
1121 3664
1122 6212
1123 1579
1123 1877
1123 2076
1124 5965
1125 1151
1125 2383
1126 1772
1126 2430
1127 1998
1127 5131
1128 2326
1128 3991
1128 4578
1129 2005
1129 2165
1129 4460
1130 1565
1130 5622
1131 1203
1131 2329
1132 1511
1132 3046
1132 4718
1133 3246
1134 3083
1135 5188
1136 2657
1136 5440
1137 5943
1138 2215
1139 1203
1139 4911
1140 2431
1140 4000
1141 1690
1141 5799
1142 1925
1143 3213
1144 1825
1144 6004
1146 1977
1146 5179
1147 1697
1147 5375
1148 3172
1148 3482
1148 3687
1148 5152
1149 1296
1149 3921
1150 5283
1151 3818
1152 1548
1152 5104
1153 5065
1153 5309
1154 2832
1154 5461
1155 3385
1155 4731
1157 4952
1159 1202
1160 1251
1161 1256
1161 6090
1162 5543
1162 5707
1162 5742
1163 1798
1163 5570
1165 4947
1165 6224
1166 1450
1167 1955
1168 5118
1169 3396
1170 1927
1170 4485
1171 3790
1173 1263
1173 4179
1173 4972
1173 6219
1174 3249
1175 2169
1176 2007
1176 2945
1176 6226
1177 4752
1178 1460
1178 1756
1178 3028
1179 2807
1180 4017
1180 5349
1181 3231
1181 3411
1181 4520
1182 2179
1182 3584
1183 2089
1183 4643
1184 2680
1184 6046
1185 2971
1186 3453
1186 4020
1187 5308
1188 1221
1188 5671
1189 3335
1190 3376
1190 5712
1192 2224
1192 4802
1193 5676
1194 3024
1194 4270
1194 5036
1195 1475
1198 2957
1198 2972
1199 5053
1200 3081
1201 2035
1201 2348
1202 2655
1202 2808
1204 2597
1204 4707
1205 6237
1206 2182
1206 2492
1207 4576
1208 1777
1208 5935
1208 6093
1209 1416
1209 4943
1210 3179
1211 5885
1212 1249
1212 4469
1213 6191
1214 2562
1214 4334
1215 3623
1216 3884
1217 5802
1218 4302
1219 2682
1219 3208
1220 5025
1221 1601
1221 5965
1222 5566
1223 2427
1224 5602
1225 5235
1226 1305
1226 2904
1227 2938
1227 3098
1227 3272
1228 3830
1229 5901
1230 2065
1231 2178
1232 5100
1233 3097
1234 5897
1234 6005
1235 3386
1235 4379
1236 3513
1237 1268
1237 2948
1238 2128
1239 3520
1239 4393
1240 2219
1241 3826
1242 1935
1243 5302
1243 5983
1244 3149
1244 6234
1246 2996
1247 5716
1247 5793
1247 6219
1248 2947
1249 2467
1249 3444
1249 5723
1250 2645
1250 4544
1251 2790
1251 3735
1252 4987
1252 5672
1254 3690
1254 5900
1255 2601
1255 4405
1256 3114
1256 5140
1257 3580
1258 3670
1258 3710
1258 4438
1259 2196
1259 5669
1261 1793
1261 4388
1262 2938
1262 5278
1263 2439
1264 2778
1265 3498
1265 4190
1266 2445
1266 4221
1268 3520
1269 3591
1269 5331
1270 4589
1271 2679
1271 3054
1272 6223
1273 4815
1274 1329
1274 3549
1274 5901
1275 4703
1276 3144
1276 5659
1277 5400
1278 3258
1279 1875
1279 3936
1279 5328
1280 2542
1281 3714
1281 4567
1282 3420
1283 2353
1283 4373
1284 2024
1284 2784
1285 5313
1286 3572
1287 1517
1287 4555
1288 5548
1289 1883
1289 5945
1290 3740
1290 5134
1291 3434
1291 3993
1292 1409
1293 4146
1293 5776
1294 1604
1294 5019
1295 5684
1296 5587
1297 5043
1297 5212
1298 2540
1298 2761
1299 6187
1300 2200
1300 2805
1300 2936
1300 4758
1301 2372
1301 5761
1302 5071
1303 2884
1304 2279
1305 4992
1306 1385
1306 2488
1307 3615
1308 2700
1309 5529
1309 5682
1311 1345
1311 6086
1312 3244
1312 5366
1312 5742
1313 3505
1314 3284
1315 3489
1316 3000
1316 5989
1317 1918
1317 4217
1318 3109
1318 6016
1319 5598
1319 5788
1320 5090
1321 2742
1321 2822
1321 4899
1322 2568
1322 3592
1323 2033
1323 4164
1323 4768
1324 3493
1324 3600
1325 3445
1325 4762
1326 4154
1326 5636
1327 2170
1327 4120
1327 4347
1328 2281
1329 5291
1330 3577
1331 3514
1333 3197
1333 4767
1335 5959
1336 3867
1337 3225
1337 4573
1338 5926
1339 3092
1339 5997
1340 5462
1340 5785
1341 4912
1342 3242
1342 3748
1342 4557
1342 4931
1343 3520
1344 1350
1345 3751
1346 1512
1347 5332
1348 2401
1348 3890
1349 2310
1352 6004
1353 2651
1353 5758
1354 2838
1355 3710
1356 5938
1356 6057
1357 4231
1357 5805
1358 2594
1358 2859
1359 6091
1360 5705
1360 5833
1361 1773
1362 4770
1363 4164
1363 4654
1364 3900
1364 4386
1364 4416
1365 2159
1365 2633
1365 2965
1365 4166
1366 3318
1367 4011
1368 4886
1369 1452
1369 3642
1370 3605
1371 4672
1372 3798
1372 5449
1372 5834
1373 2020
1374 3502
1374 5476
1374 5681
1375 1964
1376 1505
1376 2366
1376 2955
1377 2409
1377 3651
1378 4391
1378 4916
1379 5321
1380 2900
1380 5099
1381 3257
1381 4478
1382 1849
1383 2451
1383 3069
1383 4929
1384 5005
1385 4844
1385 6128
1386 3213
1386 4368
1387 2880
1387 4830
1387 6236
1388 4219
1389 2689
1389 2887
1391 2326
1393 1834
1394 3518
1394 4538
1395 6010
1396 1728
1396 2265
1397 4766
1397 5549
1398 3064
1398 4668
1399 1906
1400 2002
1401 2670
1401 3761
1402 4369
1403 4208
1403 5294
1404 2654
1405 2399
1406 4768
1406 6074
1407 4979
1408 1454
1408 3584
1409 2715
1409 3160
1409 3979
1410 5496
1410 5782
1411 1888
1411 2293
1411 5657
1412 3580
1413 3692
1413 3743
1413 5505
1414 5634
1415 5135
1417 2584
1418 3034
1418 5614
1418 5780
1419 3134
1420 2757
1420 4913
1420 5995
1421 3681
1422 5150
1423 1774
1423 4785
1425 1678
1425 2121
1425 3337
1426 4221
1427 1905
1428 2517
1428 3689
1429 5697
1431 1795
1431 5063
1432 4140
1432 5339
1433 1647
1433 4817
1435 3858
1435 5261
1436 1820
1436 6193
1437 3164
1437 5624
1438 4892
1439 5854
1440 1598
1441 2703
1441 3908
1442 4231
1442 4773
1443 2355
1443 3248
1445 3412
1446 3987
1447 5793
1448 1874
1448 3780
1449 2198
1449 3183
1450 4123
1451 5012
1451 5128
1452 2314
1452 5751
1453 5412
1455 2643
1455 3843
1456 4563
1457 1723
1457 3660
1458 2531
1459 5741
1461 1893
1462 2548
1463 3357
1463 5748
1464 3038
1465 4099
1465 6207
1466 3900
1467 2862
1468 5493
1468 5876
1469 4528
1469 5336
1471 2463
1471 5400
1472 4655
1473 3152
1473 3423
1474 5070
1475 4578
1475 5879
1476 2771
1476 3558
1476 4508
1477 3276
1477 4261
1478 5911
1480 2433
1480 5572
1480 5918
1482 2661
1482 3156
1482 6105
1483 1709
1483 2753
1483 3591
1484 5019
1486 1509
1487 3762
1488 2402
1488 2465
1488 5974
1489 5403
1490 2030
1490 2233
1490 5130
1491 5812
1491 5943
1492 1715
1492 2603
1492 4273
1492 5430
1493 1632
1493 3406
1493 6242
1494 4678
1495 2347
1495 4178
1496 2492
1497 2032
1497 4570
1497 4966
1498 5206
1499 3544
1499 4456
1499 5752
1500 2536
1500 4108
1501 4855
1501 5442
1502 1551
1503 4214
1504 4701
1505 2574
1505 6088
1506 4273
1507 2686
1507 2897
1507 4319
1508 1961
1508 2486
1508 4247
1509 2147
1510 6069
1512 6035
1513 5091
1513 5110
1514 3016
1515 2811
1516 1930
1518 2009
1518 5990
1519 3435
1520 4811
1520 5406
1520 5933
1522 3697
1522 4241
1522 5540
1522 6229
1523 3443
1523 4601
1524 4796
1525 2773
1525 2858
1526 3489
1527 2520
1527 4102
1527 4346
1528 3645
1529 3849
1530 3306
1530 3555
1531 3884
1531 4892
1533 3157
1534 2359
1534 3659
1535 4451
1535 4534
1536 1551
1536 2376
1537 3636
1537 4097
1538 2110
1538 5745
1538 6038
1539 2040
1539 2679
1543 2589
1544 4794
1545 4444
1545 5011
1546 5944
1547 4578
1549 1696
1550 2818
1550 3513
1551 3386
1552 2800
1552 5436
1552 6177
1553 1603
1553 5097
1554 4231
1554 5619
1555 4415
1556 2880
1558 5580
1559 5025
1559 5545
1561 1696
1562 4303
1562 5413
1563 2777
1563 6047
1564 2487
1564 4271
1564 5375
1567 2631
1567 4499
1568 3163
1568 3945
1570 2033
1570 5167
1571 5264
1572 2574
1573 5580
1574 4616
1575 1577
1576 4246
1576 5411
1577 2370
1577 2443
1578 2627
1578 2833
1578 5942
1580 5414
1582 3961
1583 3846
1585 6189
1588 4065
1589 2995
1590 6234
1591 1856
1592 1674
1593 2801
1594 3502
1595 1927
1595 2837
1595 5061
1596 2286
1596 2779
1596 2974
1596 5692
1597 4569
1597 5548
1598 4080
1599 2009
1600 4703
1602 3290
1603 3984
1605 2643
1605 4129
1606 2809
1606 2966
1606 5119
1608 5408
1608 6170
1609 2215
1609 3089
1610 2028
1610 3032
1611 3791
1612 3027
1613 4959
1614 5542
1615 4265
1615 4842
1616 4113
1616 5638
1617 1625
1617 3906
1618 4733
1618 5088
1618 6145
1619 5031
1620 2168
1621 3459
1622 3034
1623 2355
1624 4100
1625 5720
1626 2611
1626 3095
1627 5125
1628 4532
1629 2104
1629 4113
1629 4891
1630 3039
1630 6060
1631 3963
1631 5344
1633 2614
1633 6212
1634 2973
1634 4312
1635 3935
1636 2063
1637 2164
1637 3135
1638 5840
1639 6155
1640 3837
1641 3570
1641 5811
1641 5839
1642 5729
1643 6033
1644 3876
1644 4216
1645 5312
1646 2148
1646 3273
1647 3883
1647 4894
1647 4976
1648 3727
1648 3762
1649 1945
1649 4245
1650 1947
1650 3579
1651 2905
1651 3181
1651 4570
1652 2014
1652 4282
1652 5095
1653 4846
1654 5794
1655 5648
1656 2796
1656 5633
1657 2009
1658 3953
1659 3521
1659 5051
1660 5477
1660 5936
1661 3153
1661 4749
1661 5006
1661 5288
1662 4944
1664 3803
1664 5429
1665 3025
1666 5409
1667 2893
1668 3395
1668 4087
1668 4564
1668 5424
1670 2811
1671 6062
1672 2465
1672 5400
1672 5837
1673 3117
1674 2580
1675 1855
1675 4232
1676 4818
1676 5013
1677 3282
1678 2659
1679 3058
1680 5654
1681 4342
1682 1737
1682 2045
1682 5171
1683 3065
1683 5248
1685 4792
1686 2989
1686 4259
1686 5277
1687 6005
1688 2020
1688 2049
1688 2738
1688 2907
1690 3612
1691 2307
1691 3781
1692 3642
1692 5641
1693 3456
1693 4652
1693 5147
1694 4044
1694 4169
1694 4869
1695 5672
1696 4180
1696 5625
1696 5861
1699 4462
1699 5196
1699 5974
1700 3410
1701 2352
1702 4084
1703 2600
1703 5011
1703 5459
1704 2302
1704 2445
1705 4028
1706 2211
1706 4701
1707 2745
1707 3542
1707 4267
1707 4893
1708 3308
1708 3840
1709 3964
1710 2170
1711 2087
1712 2932
1712 3627
1713 1861
1713 2810
1713 5434
1715 1788
1715 4134
1717 1742
1717 2363
1717 3041
1718 3044
1718 3767
1718 4294
1719 1850
1719 1985
1720 5282
1720 6123
1721 5191
1722 2164
1723 2169
1724 4967
1725 6112
1726 5994
1728 3799
1729 2738
1729 3886
1729 3948
1729 4355
1729 5713
1730 1773
1730 4150
1731 4920
1732 6077
1733 4671
1733 5257
1734 2994
1735 3444
1736 2306
1737 2775
1738 5348
1738 5961
1739 4364
1740 2120
1741 2016
1741 3265
1742 5254
1743 3119
1743 5256
1744 1835
1744 5222
1745 2030
1746 3195
1747 4034
1747 5301
1748 5593
1748 5928
1750 5105
1751 4721
1752 1977
1752 5019
1753 2699
1754 3195
1754 3389
1754 4504
1754 5129
1755 3370
1755 5426
1756 5487
1757 2256
1757 2399
1757 5437
1759 3073
1760 5356
1761 2706
1761 4027
1761 4834
1763 6147
1764 4252
1765 4825
1765 5780
1766 2435
1766 4228
1767 1989
1768 2463
1768 3508
1769 2610
1769 3431
1769 5325
1770 3328
1770 3368
1771 3625
1771 3952
1772 1860
1772 3755
1773 5464
1773 6000
1774 5886
1775 3981
1775 4832
1776 5868
1778 2035
1778 4467
1779 5293
1780 5030
1780 5358
1781 2749
1781 5925
1782 5301
1783 3350
1784 4924
1786 4963
1787 3728
1789 4874
1789 5687
1790 1873
1791 2075
1791 4372
1792 4755
1793 2750
1793 2980
1793 4185
1793 5648
1794 4038
1795 4028
1795 4541
1796 2289
1796 5899
1797 2098
1798 1898
1799 5267
1800 2421
1800 2748
1801 2807
1801 3085
1803 4387
1804 3851
1805 5869
1806 3399
1806 4298
1808 5171
1808 5757
1809 3608
1810 5317
1810 6147
1812 4865
1813 4582
1814 3296
1814 6078
1815 4251
1815 4526
1816 5889
1817 2942
1818 2850
1818 3417
1818 3967
1819 4346
1819 4810
1819 5603
1820 3119
1820 3179
1820 3668
1821 5211
1823 5153
1824 2168
1826 2195
1827 4045
1827 5149
1827 5481
1828 5904
1829 2863
1829 6133
1830 3452
1830 4112
1830 5116
1831 3448
1831 4981
1832 3238
1832 4238
1833 1900
1833 6201
1834 4625
1836 4259
1837 2721
1837 3556
1837 3685
1837 4744
1838 5656
1839 6037
1840 2587
1841 4985
1842 5426
1843 1914
1843 5055
1844 4839
1845 2309
1845 5742
1847 5125
1848 3361
1848 4100
1848 6160
1849 4771
1851 2266
1851 3446
1851 4171
1851 5305
1852 1999
1854 5373
1854 5448
1856 2941
1857 3619
1858 6242
1859 4143
1859 4360
1861 4988
1861 5108
1862 4611
1862 5309
1863 4793
1863 5365
1864 5988
1866 2830
1866 4709
1867 2127
1867 5267
1868 3782
1869 3100
1869 3860
1870 5223
1871 2316
1871 2880
1871 4535
1872 5753
1873 5450
1874 2277
1876 2802
1876 3040
1876 3413
1878 4909
1879 2457
1879 5041
1879 5617
1879 6096
1880 2844
1880 5361
1881 2188
1881 5982
1882 3911
1882 4443
1882 5920
1883 4225
1884 2740
1884 4692
1885 2242
1886 2754
1886 5621
1887 5628
1888 5958
1889 2107
1889 5670
1891 1941
1891 2911
1892 3853
1892 5238
1893 4266
1894 4704
1894 5226
1895 2317
1896 4686
1896 4930
1897 4780
1897 6035
1898 2232
1898 5896
1899 3763
1901 2911
1902 4232
1903 5454
1905 2186
1905 4505
1906 4533
1906 5307
1907 2416
1908 3879
1908 5911
1909 4247
1910 3644
1911 2071
1911 3856
1911 3998
1912 1990
1912 2511
1913 5335
1915 2514
1915 2898
1915 2935
1915 3199
1916 4463
1917 2937
1918 2338
1918 3224
1918 3774
1918 4936
1919 2145
1920 3322
1920 3615
1920 5388
1921 3730
1921 5656
1923 5030
1925 3205
1925 5511
1926 4250
1926 4705
1927 2674
1928 2514
1929 4508
1930 3354
1932 5407
1933 4685
1934 1995
1934 2460
1935 2077
1936 4008
1937 6083
1938 2271
1938 3381
1938 4331
1938 4594
1938 5970
1939 2115
1939 2772
1939 4580
1940 3064
1940 4299
1943 4417
1943 5265
1944 2411
1944 4869
1947 2063
1948 5339
1948 6024
1949 4979
1950 5657
1952 3662
1953 3603
1953 5381
1953 5395
1954 2080
1955 4388
1956 2519
1956 6137
1957 5867
1958 3902
1959 4714
1959 6175
1960 5351
1960 5503
1960 5924
1962 2262
1962 5956
1963 2068
1963 2707
1963 5326
1964 2461
1964 4434
1964 5873
1965 2323
1965 4315
1965 5730
1965 6204
1966 4214
1966 4469
1967 3005
1969 3534
1970 2576
1970 4311
1971 3459
1971 3578
1971 4050
1972 2918
1972 5473
1974 4824
1974 5008
1975 6118
1976 2767
1976 5334
1978 5494
1979 4048
1980 5999
1981 3594
1982 4224
1983 5063
1984 2918
1984 5831
1985 2271
1986 3216
1987 2529
1987 2718
1988 2394
1988 2979
1988 3713
1988 4308
1989 2889
1989 3616
1991 2250
1992 3071
1992 4599
1993 5135
1993 5627
1994 2716
1994 4365
1994 5286
1996 5187
1996 5836
1997 2549
1997 2552
2000 6138
2001 3174
2001 5541
2001 5858
2002 3511
2002 5411
2003 2279
2004 4070
2004 5759
2005 2582
2005 4934
2006 3269
2007 3207
2007 4499
2008 6241
2010 3897
2010 5457
2010 6006
2011 4487
2013 4811
2016 3387
2016 4547
2018 4841
2020 2472
2020 2949
2020 4237
2021 2757
2021 3950
2022 3800
2023 2502
2023 4375
2024 3857
2025 3343
2027 4722
2028 5583
2029 6173
2030 3617
2030 5748
2031 2263
2031 3261
2033 2340
2033 5071
2034 2092
2035 3773
2036 2315
2036 3607
2036 4072
2036 4323
2037 6069
2038 5090
2038 5746
2039 4840
2040 4303
2040 4688
2041 3896
2042 4133
2043 3741
2043 5913
2044 4122
2046 4157
2046 5386
2047 5057
2047 6001
2048 2546
2048 4856
2050 4264
2051 2504
2051 4132
2051 5185
2052 3517
2053 3318
2053 4278
2054 3819
2054 5483
2054 5555
2055 5930
2056 3014
2056 5333
2056 5387
2056 6069
2057 5794
2058 4219
2058 5741
2059 3362
2059 5689
2060 3433
2060 4399
2061 3862
2062 2559
2063 5492
2064 3213
2064 4188
2065 5364
2066 2787
2066 5298
2067 2531
2067 6013
2068 4329
2069 3595
2070 4970
2072 5249
2073 5541
2074 2954
2074 5195
2075 3052
2077 4951
2078 5592
2078 5678
2079 3323
2080 2853
2081 4134
2082 3653
2082 3746
2083 3284
2083 4025
2084 2702
2084 3451
2085 6077
2086 2275
2086 3585
2087 2961
2088 3484
2088 4773
2090 2789
2090 3010
2090 3295
2091 4975
2092 3066
2092 6097
2094 3548
2095 4261
2096 3590
2097 2452
2098 3909
2098 5505
2099 3272
2100 2611
2101 3798
2102 2597
2102 5550
2103 3271
2103 3934
2104 5723
2105 4863
2107 3964
2109 4538
2109 5595
2111 5486
2111 6102
2112 4551
2112 4929
2113 2829
2113 3871
2113 5905
2114 5935
2115 4372
2116 3831
2117 2563
2117 5451
2119 5550
2120 4868
2121 4540
2122 3234
2123 2566
2124 2743
2124 3678
2127 5939
2129 2844
2129 4631
2129 5610
2131 3543
2132 3346
2132 5365
2133 5912
2135 5619
2136 5795
2136 6015
2138 4616
2139 5121
2140 5294
2141 3338
2142 4214
2143 5858
2143 6003
2144 4656
2144 5019
2145 2476
2145 4106
2146 2712
2147 3676
2148 2418
2148 4880
2150 2705
2151 5570
2153 5869
2154 3370
2154 3659
2155 4761
2156 2205
2156 2990
2157 3839
2158 2781
2158 3492
2160 4617
2161 3233
2161 3729
2161 5923
2162 4334
2162 4582
2162 5824
2163 5809
2164 4230
2164 5701
2166 5173
2168 2951
2168 4297
2169 2834
2170 3850
2170 5686
2171 3409
2171 5472
2172 3055
2172 4905
2173 2793
2174 2704
2174 5220
2174 5485
2174 6127
2175 4723
2175 5715
2176 4526
2176 5316
2177 2922
2177 4869
2178 4325
2178 4496
2178 4889
2179 2314
2179 3828
2180 4112
2181 2593
2181 3613
2182 3270
2182 5753
2183 2529
2183 5664
2184 4108
2185 2396
2185 3125
2187 3487
2187 5785
2189 3601
2189 5863
2190 5418
2191 4187
2193 3565
2193 3714
2193 4603
2194 5439
2195 6182
2196 3017
2196 4427
2197 6243
2199 3369
2200 5506
2202 2587
2202 5473
2203 3119
2204 4074
2204 4573
2206 4282
2207 4482
2207 5393
2208 3530
2208 3834
2208 4497
2208 5437
2209 3008
2209 3277
2210 5225
2210 5512
2210 6123
2211 3212
2211 5287
2212 4362
2212 5272
2213 4258
2214 2955
2215 4990
2216 3588
2217 5623
2218 5468
2219 3104
2219 5649
2220 3730
2221 6006
2222 4849
2223 3331
2223 3805
2225 4301
2225 5158
2226 3076
2227 2759
2227 2797
2227 4241
2227 5784
2228 3983
2229 3493
2229 4890
2230 2554
2230 5182
2230 5702
2231 3463
2235 5093
2236 3881
2237 2928
2238 5537
2239 4445
2240 2321
2240 4214
2243 3499
2246 2421
2247 3997
2248 6028
2249 3158
2251 4402
2252 3258
2252 3851
2253 2638
2254 3905
2254 6192
2256 5386
2256 6180
2257 2889
2257 2960
2257 3186
2257 5255
2258 2569
2258 6116
2259 3110
2260 6243
2261 5042
2262 5289
2263 4936
2263 5818
2264 4995
2264 6100
2265 4208
2266 4517
2267 3078
2268 3870
2268 4751
2268 5697
2269 3865
2270 2401
2271 2800
2271 4537
2272 4013
2272 4919
2273 3555
2273 6113
2273 6147
2273 6191
2274 5088
2275 2650
2275 4619
2275 5567
2276 3211
2278 6228
2279 2436
2280 2626
2280 4243
2281 2899
2282 3490
2283 5987
2284 5227
2285 2588
2287 3313
2287 3557
2287 4890
2287 6214
2288 3201
2288 5153
2288 6210
2290 4046
2290 4764
2293 4857
2294 5024
2295 5402
2296 3686
2297 4914
2297 5709
2298 2881
2298 5415
2299 4653
2299 5271
2300 3637
2300 5054
2300 5151
2301 5227
2303 2433
2305 4015
2305 5372
2306 5086
2307 3311
2308 2754
2310 2854
2310 5762
2311 3525
2311 3856
2312 4617
2312 5187
2312 6176
2314 4765
2315 3234
2317 5183
2317 5245
2319 2665
2319 4040
2320 4749
2321 2956
2322 2768
2322 5195
2323 4274
2324 2385
2326 2853
2326 2910
2327 3587
2327 5919
2328 5187
2329 5937
2330 2813
2330 3964
2332 5627
2334 2371
2335 3169
2336 5931
2337 2350
2339 3280
2340 2483
2341 6007
2342 5114
2342 5463
2343 4571
2343 5778
2344 3506
2344 4252
2344 5546
2345 5324
2346 5485
2347 3427
2347 4622
2348 3703
2349 5543
2351 4705
2352 5799
2353 3118
2355 4942
2356 2875
2356 3919
2357 4176
2358 4136
2359 6044
2360 4424
2361 2960
2361 5056
2362 5731
2363 6057
2364 5020
2365 5991
2367 6118
2368 3464
2369 2817
2370 5020
2371 4336
2371 5317
2371 5533
2373 4440
2373 5345
2374 2861
2374 6208
2375 3911
2377 5241
2379 5396
2379 5880
2380 4958
2381 3783
2382 4069
2383 3855
2384 3608
2385 3942
2385 4764
2385 5832
2386 2906
2386 6124
2388 4980
2388 5905
2390 3669
2391 3133
2392 5497
2392 5962
2394 2789
2394 3802
2395 4172
2397 2709
2397 5335
2398 3534
2398 4873
2399 5080
2399 6015
2400 4397
2400 4604
2402 4764
2402 5240
2403 5074
2404 2963
2404 4512
2406 2884
2406 2977
2406 3872
2407 5911
2408 6147
2412 3378
2413 6040
2414 2616
2415 5784
2416 3919
2417 4201
2419 3795
2419 4793
2419 5490
2420 5124
2421 2917
2422 6025
2424 4080
2425 2674
2425 3330
2425 3539
2426 5721
2427 4961
2427 5119
2428 5638
2429 4157
2429 4548
2429 4596
2430 5580
2430 5738
2432 3043
2432 4656
2432 5610
2434 4519
2434 4657
2435 2460
2436 3226
2436 3458
2437 2642
2438 5179
2439 2541
2440 3126
2440 5138
2441 3947
2442 3326
2442 5235
2443 5279
2444 4059
2445 3677
2447 4378
2448 5375
2449 3115
2449 4325
2450 5201
2452 6101
2453 5631
2454 5469
2456 2933
2456 3664
2456 6048
2457 5929
2458 4486
2459 2876
2460 5305
2461 3142
2461 4023
2462 4412
2462 5433
2463 5193
2464 5495
2466 3854
2466 5769
2467 5357
2469 3838
2469 4134
2469 4955
2470 2941
2470 3003
2470 6065
2471 3175
2471 3278
2471 3797
2473 3035
2474 5320
2475 3655
2475 4743
2477 3612
2477 3702
2478 3107
2478 3235
2478 5027
2479 4596
2480 4917
2482 3614
2484 5388
2485 2507
2486 4826
2488 4459
2491 3023
2491 6157
2492 4213
2495 2980
2495 3253
2496 3679
2497 3404
2497 5914
2499 4817
2500 4533
2500 6038
2501 3447
2501 4783
2502 2694
2502 4295
2503 4371
2504 4349
2504 4649
2504 5271
2505 2928
2506 3171
2506 5275
2506 5417
2507 2533
2508 2755
2508 4611
2509 2994
2513 4696
2513 6028
2515 3502
2516 2825
2518 3485
2518 4101
2518 5363
2518 5631
2521 3307
2521 4552
2521 4853
2521 5853
2522 5457
2523 4023
2523 4660
2524 4297
2525 2754
2526 2596
2527 3226
2527 4957
2528 4520
2528 5097
2530 4083
2530 5498
2530 5960
2531 3688
2531 5691
2533 3282
2533 6036
2535 4008
2535 4135
2535 4428
2535 5718
2536 5953
2537 4366
2537 4997
2538 5162
2538 5179
2539 2655
2542 4333
2542 4732
2543 3977
2543 4996
2544 4152
2545 3575
2545 6030
2547 3437
2548 3847
2548 3956
2549 5882
2550 5025
2551 3396
2553 4173
2555 2728
2555 5566
2556 3915
2557 2970
2557 6089
2558 4303
2558 5460
2559 3377
2559 4401
2560 4399
2561 2846
2562 2923
2562 5083
2563 4091
2563 5452
2563 5857
2564 4606
2565 4372
2566 3515
2566 5677
2567 5335
2568 5636
2569 4479
2569 4768
2570 3784
2570 5721
2571 3747
2572 5259
2573 3602
2574 6004
2575 4353
2576 5543
2577 5456
2578 2925
2578 3496
2579 3155
2581 2871
2582 4404
2583 6211
2584 5284
2584 6156
2586 2667
2586 5847
2588 6165
2589 3212
2589 4260
2590 3720
2591 3693
2591 4107
2591 6073
2592 2735
2592 5831
2592 6228
2593 3712
2594 4838
2594 6030
2595 4624
2599 4368
2600 5264
2600 5988
2601 4396
2602 3933
2603 3059
2604 3531
2604 5248
2604 6110
2605 2704
2606 2635
2606 4529
2608 3481
2608 3819
2608 4439
2608 5963
2609 2746
2611 3709
2613 4532
2614 2773
2614 2838
2615 5948
2615 6133
2617 2844
2617 5624
2618 3592
2619 4615
2622 2641
2622 4096
2623 3040
2624 4996
2625 3049
2626 4346
2626 4506
2627 5848
2628 3139
2629 2954
2629 5932
2630 4854
2630 5825
2631 6004
2632 4156
2633 5106
2634 2966
2636 3715
2637 3128
2637 4633
2638 2906
2638 3729
2638 5428
2638 5908
2639 3181
2640 3605
2641 4739
2644 6046
2646 4430
2648 5286
2649 5195
2650 5829
2652 5073
2655 2690
2655 5092
2656 3100
2657 5791
2658 3976
2658 4645
2659 4548
2660 3383
2660 4288
2660 5907
2661 2997
2664 2768
2666 4173
2666 4546
2666 5094
2667 5191
2668 2688
2669 5237
2669 5367
2671 2825
2672 4472
2673 3523
2673 4853
2675 4381
2676 5212
2676 5911
2677 5657
2679 4855
2680 3725
2681 4500
2681 5060
2683 3312
2684 4935
2685 5276
2687 3775
2687 5680
2688 4684
2689 2874
2690 3458
2691 2934
2691 4666
2691 5657
2692 5135
2696 3513
2696 4650
2697 2917
2698 2983
2698 4167
2698 4814
2699 5311
2699 5504
2700 4546
2700 5724
2700 6197
2701 3987
2701 6192
2702 4171
2706 5780
2708 3536
2708 5689
2710 4435
2710 5257
2711 4335
2712 5158
2713 4742
2713 5298
2713 6215
2714 3075
2714 4351
2715 5722
2717 2965
2717 5496
2717 5571
2718 3917
2718 4200
2719 5668
2720 4995
2721 3937
2722 5661
2722 6248
2723 5561
2724 4227
2724 5163
2725 5637
2726 6140
2727 5779
2729 6211
2730 5376
2731 4942
2732 3659
2732 4209
2732 5526
2733 5391
2733 5891
2737 3777
2737 5831
2738 4572
2738 5875
2739 5526
2740 3846
2740 6076
2741 3728
2742 3481
2746 5630
2747 3062
2748 4172
2749 4887
2750 4163
2751 4727
2752 4292
2756 4875
2756 5230
2756 5465
2758 3315
2758 4162
2758 5169
2758 5370
2760 3393
2760 3845
2760 4999
2761 5946
2762 3572
2762 4736
2763 5823
2763 6097
2765 2813
2767 4927
2767 5800
2768 4142
2769 3880
2769 4919
2769 5502
2770 4452
2771 6063
2772 4888
2774 5088
2775 3127
2776 4904
2778 5511
2779 4738
2779 5565
2781 5659
2782 3222
2782 4515
2782 5041
2783 5861
2785 5508
2785 5767
2786 3851
2787 5345
2787 6231
2788 5828
2788 6217
2791 3211
2791 3720
2792 3306
2794 3434
2795 5729
2797 5990
2797 6107
2799 4194
2799 5509
2801 2828
2801 4400
2801 5458
2803 4750
2804 5301
2806 3860
2807 2822
2807 5033
2809 4063
2811 3221
2811 4359
2811 5820
2812 4776
2814 4933
2817 3066
2817 5150
2818 3644
2819 5224
2820 5372
2822 2861
2823 5663
2825 4804
2825 5699
2826 4641
2827 5701
2832 5987
2833 4138
2836 5281
2836 5570
2838 5272
2839 3336
2840 3943
2842 4726
2843 5265
2845 5319
2845 5602
2846 3944
2847 4648
2848 4343
2848 5992
2849 3384
2850 3445
2850 3466
2852 2990
2852 3370
2852 6061
2855 3964
2857 3371
2859 6150
2860 5962
2862 3641
2863 3388
2863 5368
2864 4702
2865 6027
2866 4083
2867 5904
2868 3005
2869 6214
2872 3910
2873 3780
2874 5206
2874 5457
2875 3921
2876 3769
2877 4157
2877 5075
2878 3621
2878 5714
2879 5813
2882 2970
2883 3622
2883 4388
2884 3217
2885 5770
2887 5927
2888 3703
2890 3560
2891 3068
2891 5489
2891 5525
2892 3479
2892 5099
2892 5164
2892 6237
2893 4493
2894 2998
2894 4256
2894 6131
2895 6100
2896 3057
2896 4193
2896 5940
2897 4220
2899 4054
2899 5835
2900 3978
2901 5705
2902 4524
2902 5646
2903 3708
2903 3922
2904 3734
2909 4041
2910 3362
2910 3372
2911 4884
2912 4230
2913 4727
2914 3418
2914 3629
2914 5217
2914 5283
2915 4291
2915 4681
2917 5290
2918 4859
2921 3380
2922 3374
2924 4019
2925 4458
2926 6022
2927 4747
2928 4186
2929 3360
2930 5063
2930 5852
2933 5293
2936 5596
2936 5708
2937 3309
2937 3449
2937 5281
2938 3356
2938 5164
2939 2948
2940 5471
2942 4475
2942 5937
2943 6221
2944 6073
2945 4209
2945 5836
2947 4688
2948 3699
2948 5606
2949 5513
2952 3988
2953 3382
2953 4401
2953 5294
2955 5611
2956 3532
2957 4327
2958 3416
2958 3604
2959 4153
2959 5591
2961 3034
2961 4741
2962 5507
2962 5953
2963 4441
2964 3818
2965 4754
2967 4830
2969 3950
2971 5534
2972 4436
2974 4533
2975 4938
2976 4727
2976 6209
2977 4209
2978 6054
2980 4585
2981 4334
2983 4542
2984 3250
2985 5474
2986 4398
2986 5348
2987 3375
2987 4310
2987 5252
2988 5034
2988 5378
2990 4532
2990 5802
2991 3027
2992 5880
2995 3887
2995 4935
2998 4308
2999 4267
3000 4902
3000 5588
3002 3854
3003 4021
3003 4735
3004 4184
3004 5815
3008 4328
3008 4638
3009 3322
3009 6034
3010 4956
3010 6152
3011 4117
3012 5633
3013 4047
3014 4327
3015 3345
3016 4476
3016 5227
3016 5421
3016 5472
3017 5238
3018 4771
3018 5375
3019 3407
3019 5673
3021 4463
3021 5379
3022 5136
3023 4229
3025 3406
3027 3589
3028 4750
3029 5096
3029 5546
3030 3106
3031 3972
3032 5527
3033 5914
3035 3826
3036 4509
3036 6174
3037 4597
3038 3536
3038 5324
3039 3072
3040 3543
3041 3923
3041 5922
3042 5562
3043 6196
3046 5761
3047 3552
3048 4897
3049 4128
3049 5514
3050 5882
3051 5822
3052 4697
3053 3412
3053 6051
3055 3133
3056 3060
3056 4280
3057 4345
3060 4210
3064 3257
3065 3327
3065 6017
3067 3133
3067 4759
3070 3307
3070 3639
3072 3359
3073 4568
3073 5182
3073 6080
3074 5352
3076 4120
3077 3403
3077 5387
3078 3726
3078 5840
3079 4502
3083 4867
3084 3376
3084 4941
3084 5816
3085 3946
3086 3951
3086 4974
3087 3343
3088 4014
3089 3761
3090 4879
3093 5605
3093 6077
3094 3631
3094 4581
3096 3299
3099 3309
3099 4814
3100 5265
3101 3272
3103 4499
3105 3375
3106 5641
3107 4471
3108 5155
3109 4584
3109 6141
3110 6087
3111 4073
3113 5590
3116 4659
3117 4710
3118 4289
3118 4868
3118 5736
3119 3214
3119 5200
3119 5274
3121 5273
3121 5561
3122 3768
3124 6108
3125 5576
3126 4589
3129 3978
3130 4699
3132 4871
3134 4009
3134 4327
3135 5342
3136 4387
3137 4102
3137 5276
3138 4131
3138 5217
3139 3775
3140 3151
3140 4149
3140 4710
3141 5393
3142 5793
3143 3497
3143 5956
3144 5906
3145 4254
3146 5842
3146 6133
3147 4071
3152 3610
3152 3878
3152 4081
3152 5531
3153 3724
3153 5536
3154 4089
3154 4550
3155 4062
3155 4065
3157 4133
3158 4812
3159 6027
3161 5445
3162 5004
3163 3351
3163 3353
3163 5016
3166 3533
3166 5425
3170 5055
3172 3206
3173 3996
3175 4140
3176 4351
3177 3220
3177 3754
3177 4090
3178 4147
3178 6008
3179 5389
3180 6008
3181 3955
3182 3703
3183 3414
3183 5178
3183 5934
3185 3512
3185 5967
3187 3882
3188 3667
3189 4442
3189 4789
3190 4711
3191 6115
3192 5026
3193 4450
3194 4873
3194 5978
3195 6008
3196 5532
3196 6230
3198 5299
3200 5865
3200 5867
3202 3911
3203 5408
3205 3780
3207 4358
3207 5400
3207 5635
3208 3519
3208 3932
3209 6193
3210 3464
3210 3607
3211 5889
3215 3635
3215 4450
3216 6194
3217 4774
3217 5965
3218 4500
3219 5243
3220 3641
3222 5987
3223 3815
3223 5237
3225 4655
3225 4843
3227 3487
3227 5422
3227 5637
3228 4808
3229 3604
3229 6032
3230 3321
3230 4638
3230 5999
3231 4781
3232 4662
3232 5690
3234 3576
3236 4182
3237 6179
3238 4641
3240 4130
3240 5379
3241 4129
3242 4423
3243 3678
3243 3778
3243 3884
3246 4965
3247 3494
3247 5166
3248 5139
3248 5346
3249 4793
3250 4189
3250 4449
3250 5734
3251 5101
3252 4067
3252 4560
3253 5234
3254 5586
3254 6166
3255 4509
3256 5745
3259 5812
3260 5256
3260 5996
3262 5804
3263 3774
3263 3997
3263 4042
3264 5747
3266 4798
3266 5814
3266 6007
3268 3915
3271 4371
3271 5194
3271 6166
3274 3718
3275 4705
3276 3871
3279 3739
3279 5535
3279 6216
3280 3303
3280 3962
3281 6186
3282 4095
3282 5877
3283 4570
3283 5385
3284 4776
3284 5359
3285 5103
3287 3290
3287 3604
3288 3761
3291 3426
3291 4563
3291 6084
3292 3553
3293 4420
3294 4432
3294 4984
3294 6237
3295 6189
3297 3583
3297 5166
3298 4432
3299 3447
3302 4296
3303 5039
3304 5559
3304 6092
3305 5490
3307 5190
3309 4180
3309 4702
3310 3816
3311 4615
3312 3568
3313 5646
3313 5959
3314 4725
3314 5112
3314 5891
3314 6232
3316 6028
3317 4364
3319 4977
3319 5114
3319 6178
3321 3985
3323 3969
3324 3648
3325 5760
3326 3846
3327 4862
3328 5232
3329 3528
3331 3538
3333 6222
3334 4716
3335 5026
3336 4739
3337 3428
3337 3728
3337 3957
3337 4708
3337 4720
3337 4898
3338 5566
3338 5864
3340 4888
3341 5558
3341 6104
3342 4146
3343 4033
3344 5552
3345 4450
3346 3561
3346 4796
3347 5130
3347 5565
3347 5732
3347 5841
3348 4865
3348 5308
3349 4972
3350 3906
3350 4801
3350 5133
3350 5274
3352 4714
3352 5631
3353 4003
3354 5589
3355 5541
3357 6233
3358 4831
3359 4170
3359 5991
3363 5125
3365 4033
3365 4970
3365 5666
3365 6009
3367 5275
3371 3570
3371 5347
3372 4644
3373 6177
3374 3550
3374 3683
3377 4384
3378 5485
3379 4408
3380 5198
3383 5008
3383 5059
3384 3748
3384 5046
3384 5882
3385 3500
3385 4616
3391 3816
3391 4101
3392 3968
3393 5456
3394 3842
3394 4875
3394 5844
3397 3615
3398 3896
3399 5293
3399 6077
3400 4662
3401 3928
3404 4743
3404 5897
3404 6072
3405 4026
3406 4221
3408 3791
3410 4835
3411 5843
3411 6149
3412 5047
3413 5825
3415 5715
3416 5280
3417 6073
3418 4711
3418 4832
3419 3759
3419 5166
3420 3912
3420 4901
3421 4333
3422 4725
3422 5299
3423 5428
3424 5999
3425 3662
3425 4104
3429 3472
3429 3510
3430 4492
3430 5206
3430 5698
3432 3731
3432 3905
3432 4474
3433 6159
3434 5038
3435 3717
3436 3897
3436 4786
3437 4113
3438 4071
3438 4682
3438 5813
3439 6203
3441 4163
3447 5819
3448 3918
3449 4650
3451 4803
3452 4040
3454 5839
3455 3766
3455 5678
3457 4944
3458 3539
3458 4338
3458 5229
3459 5610
3460 4153
3461 3942
3462 4351
3463 5965
3465 5630
3465 6112
3466 4948
3467 4073
3469 5214
3470 5532
3470 5826
3471 5349
3473 6084
3474 5949
3476 5764
3477 3762
3477 4654
3477 5329
3478 4367
3478 4752
3482 4603
3485 5189
3486 4868
3487 4240
3488 3541
3489 5373
3489 6185
3491 4518
3492 5647
3493 5352
3495 5054
3498 5817
3498 6114
3499 4577
3500 4454
3501 5755
3503 4561
3504 5890
3504 5913
3505 4344
3505 5710
3509 5835
3510 4845
3514 3538
3515 5629
3515 6186
3517 4577
3520 4023
3522 4253
3522 5919
3524 3924
3525 4631
3525 4680
3526 5032
3527 5100
3528 4056
3528 5258
3529 3815
3529 4390
3530 3569
3533 5700
3534 4344
3534 6227
3535 4835
3538 5633
3540 4439
3541 4109
3541 5710
3542 6190
3545 3713
3546 5443
3547 4263
3550 3695
3550 5327
3551 3851
3551 5037
3552 5827
3554 3694
3554 5213
3554 5467
3556 4967
3559 5269
3560 4848
3560 5266
3562 4707
3563 5786
3564 5224
3568 3838
3568 6131
3568 6224
3571 4629
3572 5100
3573 4229
3574 5134
3574 5678
3576 4057
3576 4306
3579 4114
3579 4695
3582 4676
3585 5712
3586 5305
3592 4853
3592 5830
3592 6249
3593 5855
3594 5944
3595 5610
3596 4788
3597 4421
3598 6101
3599 5444
3600 4862
3601 6110
3603 4271
3603 4602
3609 6207
3610 5042
3611 4593
3611 5310
3613 5345
3614 5109
3619 4815
3620 4994
3621 4769
3624 5680
3625 5120
3626 4688
3627 3924
3627 4332
3627 5556
3628 5733
3630 4791
3631 3737
3631 4313
3631 5916
3631 6081
3633 4141
3634 3657
3634 4828
3634 5282
3636 5917
3638 4514
3640 4928
3642 4557
3643 4514
3644 3959
3645 4691
3646 5484
3646 6158
3647 4480
3647 5181
3648 4606
3654 3889
3656 4773
3658 5630
3658 6026
3660 6238
3661 4883
3663 5586
3663 5915
3666 5853
3670 5394
3670 6244
3671 4010
3671 4517
3672 4012
3673 5304
3673 6092
3674 3782
3675 4287
3676 5685
3678 4448
3678 4620
3679 4671
3680 4439
3682 4836
3686 6088
3687 4297
3689 4992
3690 4501
3690 5330
3691 5111
3692 5159
3696 4051
3698 4628
3699 6181
3701 3954
3701 5993
3701 6184
3704 3937
3705 5300
3705 5907
3706 4379
3706 5826
3706 6120
3707 5944
3707 6135
3707 6142
3711 3953
3711 4870
3714 5114
3715 5137
3716 4829
3718 3845
3718 5284
3719 4945
3719 6221
3719 6223
3720 3874
3723 3948
3727 4347
3727 5892
3729 4575
3733 3775
3733 5557
3735 4516
3736 5029
3736 5809
3738 5551
3741 5727
3742 4956
3743 5148
3744 5589
3746 3980
3748 6106
3749 3947
3749 4257
3750 5801
3751 3753
3752 4539
3752 5458
3752 5986
3753 6168
3755 6038
3756 5628
3758 5239
3760 5352
3763 4407
3764 5561
3765 4770
3768 5842
3770 4633
3770 5918
3771 5180
3772 6013
3774 5561
3777 4543
3779 4861
3779 5755
3783 4604
3785 5101
3787 4300
3787 5971
3787 6138
3789 4637
3789 6182
3790 6231
3794 3817
3796 3980
3796 4902
3800 3974
3804 3820
3806 5087
3807 4304
3808 4991
3809 3857
3810 6062
3811 3940
3812 5567
3813 5077
3814 5291
3815 5530
3817 4211
3820 5076
3821 3904
3822 4498
3822 4885
3823 6083
3824 4408
3825 4166
3825 4517
3829 4114
3829 5518
3830 5737
3831 5222
3832 3992
3832 5213
3833 5654
3834 5973
3835 6223
3836 5611
3837 4505
3840 4973
3840 4993
3841 4756
3841 5994
3843 3892
3843 3975
3844 4741
3846 4324
3846 4398
3848 4407
3848 5925
3849 5733
3850 4116
3851 4624
3851 5243
3852 4639
3854 4620
3856 5743
3857 5335
3857 5957
3859 5343
3862 5105
3862 5312
3864 4387
3864 4691
3864 4883
3868 4171
3869 4503
3869 5842
3872 4277
3872 5881
3874 4640
3877 4591
3878 5657
3881 4265
3881 5393
3882 5011
3882 5759
3883 5303
3883 5615
3885 5908
3885 6002
3886 4018
3888 4573
3888 5516
3891 5122
3894 4244
3895 5826
3896 4016
3897 5765
3897 5810
3898 4796
3899 5924
3900 4716
3902 5158
3903 5589
3904 5672
3905 4158
3905 4977
3907 4973
3907 5432
3910 5244
3911 5181
3911 6068
3913 4052
3916 5426
3918 5335
3920 5660
3921 4359
3922 5122
3922 5995
3923 5614
3925 4646
3928 4700
3928 5700
3929 5173
3929 5297
3930 5517
3931 6046
3932 4403
3933 6075
3933 6211
3934 4136
3934 4705
3935 4418
3935 5316
3936 5082
3938 5893
3939 5409
3941 4290
3941 4851
3943 4022
3943 4926
3943 6046
3944 6164
3946 5036
3949 6139
3954 4830
3957 4354
3958 5951
3958 6058
3961 4154
3963 4643
3964 4051
3966 4046
3966 4888
3968 5499
3969 4748
3970 4033
3971 4820
3973 5107
3975 5022
3976 4494
3976 5104
3979 4219
3980 4431
3981 5263
3981 5344
3981 5787
3982 4186
3983 4737
3986 4763
3988 5955
3990 5510
3992 4650
3993 4026
3994 4524
3995 5099
3996 4194
3999 4432
4001 5270
4002 5117
4003 5211
4003 5332
4003 5711
4004 4968
4005 4782
4005 5888
4006 5083
4007 5585
4007 6141
4008 5401
4010 4906
4011 4411
4011 5604
4012 5085
4014 4259
4014 4797
4015 5479
4015 6160
4016 4452
4016 6119
4017 6163
4018 4792
4024 5464
4026 4120
4027 5998
4029 4339
4029 4859
4032 4656
4034 4885
4034 5664
4035 5365
4035 5383
4036 4140
4036 4570
4037 4468
4037 4609
4038 4627
4038 5797
4039 5700
4040 5583
4041 4264
4044 5774
4045 4133
4045 5096
4049 4104
4049 5205
4050 5023
4051 4077
4052 5009
4053 4421
4053 6246
4055 5854
4057 4991
4059 5907
4060 4903
4060 4992
4061 4098
4063 4077
4063 4768
4063 5650
4064 4408
4066 6061
4068 5247
4068 6231
4071 6012
4072 4127
4073 4668
4075 6131
4078 5945
4079 4878
4079 5127
4079 5460
4080 4660
4082 4237
4083 5627
4084 4769
4088 4858
4089 4514
4089 5848
4090 4739
4091 4592
4092 4713
4093 4100
4093 4263
4094 4752
4097 5007
4098 4406
4098 5658
4100 5563
4104 5213
4105 5015
4105 5882
4106 5357
4108 4636
4109 5021
4109 5215
4109 5859
4110 5082
4111 4236
4113 5401
4116 4554
4120 4248
4120 4467
4123 4822
4125 5093
4126 6040
4130 6048
4130 6197
4131 4723
4133 4614
4136 4383
4137 4144
4137 4872
4139 4993
4141 4574
4142 6085
4144 5343
4145 4245
4145 5109
4148 4157
4149 5829
4151 6031
4152 4574
4152 5648
4154 5601
4155 5558
4156 4282
4156 5931
4156 6185
4158 4989
4159 5277
4160 5336
4161 5259
4161 5944
4162 6017
4163 6045
4165 5432
4166 6241
4167 5480
4168 5756
4169 5888
4173 4414
4174 4959
4174 5933
4178 4600
4179 4748
4182 5203
4182 5955
4183 4707
4184 5723
4187 4433
4187 5233
4191 4856
4192 5355
4194 4882
4194 5763
4195 4695
4197 5639
4199 5166
4202 5566
4204 4661
4205 5800
4208 5288
4209 4997
4210 5315
4210 6247
4211 5085
4212 4630
4212 4940
4217 5207
4218 4605
4218 5147
4220 4713
4220 5383
4222 6216
4223 6236
4224 4413
4224 4960
4226 4928
4232 6242
4233 4717
4234 4501
4235 4368
4235 4550
4236 5597
4236 5803
4239 6103
4241 4737
4242 4300
4242 4952
4242 5084
4244 4484
4245 6069
4246 4449
4248 5360
4254 6168
4255 4370
4255 5313
4256 4689
4258 6033
4260 4465
4261 6213
4262 4488
4264 4924
4265 5224
4266 5456
4268 5094
4269 5708
4272 5632
4273 4612
4275 5194
4275 5710
4277 6095
4278 6017
4281 6021
4283 5113
4283 5192
4285 4481
4285 5456
4286 4707
4287 4718
4288 6169
4291 4372
4291 5431
4292 4618
4293 5641
4295 4531
4296 4852
4296 4921
4296 5553
4301 5439
4302 4969
4302 5416
4305 4504
4307 6091
4307 6148
4309 4658
4310 5651
4311 4348
4312 4652
4312 5069
4314 5456
4316 5178
4317 4462
4318 5136
4320 5646
4321 5304
4325 4635
4325 5338
4326 5789
4329 5341
4330 6165
4334 4978
4335 4821
4336 5581
4340 5538
4341 4998
4341 5304
4342 4785
4345 5907
4349 4612
4350 4665
4350 4740
4350 5800
4352 4452
4352 6130
4356 4547
4357 5609
4358 6242
4360 4389
4360 5723
4361 5013
4368 5731
4369 6125
4371 6129
4374 5628
4375 5502
4377 4822
4378 6219
4382 5249
4383 5034
4384 5170
4385 5895
4389 5031
4393 4555
4394 4862
4395 5870
4396 4536
4399 5775
4400 4596
4400 4621
4404 4628
4405 5737
4407 5210
4411 5260
4414 4511
4415 5028
4415 5091
4416 4569
4418 5306
4419 5698
4420 6021
4422 4772
4424 4592
4426 5802
4429 5576
4430 5756
4431 5947
4431 6170
4442 4948
4444 5067
4446 5617
4447 5500
4450 6217
4452 5742
4453 4760
4453 5203
4457 6201
4458 4852
4458 5074
4458 5397
4462 4627
4464 4928
4466 4909
4473 4665
4473 5774
4474 4606
4474 4775
4475 5020
4477 4536
4479 5423
4483 5339
4484 6061
4490 5256
4491 4894
4493 6010
4494 6238
4495 5367
4495 5484
4497 5975
4503 5815
4506 4858
4510 4790
4512 6051
4513 4608
4517 5899
4519 4730
4521 4651
4521 5194
4522 5432
4525 4930
4525 5492
4528 4991
4530 5360
4531 5146
4534 5554
4537 5268
4538 5613
4544 6039
4545 4892
4551 5078
4552 5262
4552 5415
4553 4711
4556 5481
4559 6023
4560 4734
4561 5600
4562 5414
4565 4604
4565 5935
4566 4921
4567 6134
4569 4594
4571 4693
4574 5314
4580 4632
4580 5510
4581 5764
4586 5595
4586 5652
4587 6096
4589 4679
4590 6115
4592 5175
4600 5884
4601 5142
4601 5176
4601 5478
4601 5811
4607 5821
4609 5508
4613 4834
4618 4819
4621 5746
4624 4833
4625 5894
4628 5902
4633 5117
4633 6179
4635 6172
4639 5438
4639 5885
4640 5097
4642 4800
4644 4881
4644 5505
4648 4833
4648 6012
4650 5144
4659 5377
4661 5520
4663 5686
4664 6186
4666 5367
4667 5709
4669 6028
4670 5708
4672 6195
4673 5692
4674 5261
4675 5737
4677 5585
4677 5785
4683 6099
4684 5099
4687 5387
4689 5654
4692 5178
4694 4999
4697 4726
4697 5308
4699 4798
4699 4896
4700 6173
4706 5235
4712 4970
4713 4791
4713 6011
4716 4983
4716 5020
4721 5786
4723 5499
4724 4752
4724 6021
4728 6037
4730 5683
4731 5222
4731 6132
4734 5427
4744 5102
4745 6190
4746 5176
4746 5649
4753 5062
4754 4866
4755 4772
4756 5198
4757 6153
4758 5025
4760 4788
4761 5073
4762 6083
4763 6195
4767 5370
4777 6193
4779 5803
4785 5226
4785 5627
4787 5431
4790 6057
4794 5619
4798 5719
4800 5671
4802 5789
4806 5322
4807 5270
4809 5450
4809 5574
4813 5142
4815 4944
4819 6129
4823 6168
4824 6164
4829 6241
4837 5568
4846 6160
4847 5836
4850 5998
4851 5592
4856 5948
4861 6044
4861 6203
4864 5057
4867 5198
4870 5466
4870 5497
4872 5320
4874 6046
4875 5655
4876 5490
4878 5272
4878 5807
4879 5260
4883 4951
4883 5073
4886 5359
4886 6140
4887 5218
4893 5163
4893 6023
4894 5718
4898 5849
4900 6053
4901 5052
4902 5856
4903 5501
4904 6117
4907 5094
4910 5495
4910 6119
4913 5239
4917 5442
4918 5074
4919 5445
4920 6023
4924 5349
4925 5717
4928 4989
4928 5850
4931 6054
4933 6205
4939 6104
4943 5931
4945 5946
4947 5754
4950 5391
4953 5219
4954 6030
4957 6010
4959 5458
4961 4979
4961 5309
4962 4978
4963 5854
4964 5168
4965 5623
4965 5980
4966 5898
4974 6053
4975 5602
4982 6211
4985 6087
4986 5267
4987 5984
4992 6247
4995 5002
4995 5365
4996 5906
4999 5523
5000 5033
5001 5804
5003 5136
5003 6099
5010 5648
5010 5700
5017 5594
5021 5591
5022 5211
5025 5356
5025 6061
5026 5284
5032 6199
5033 5854
5040 5495
5045 6100
5049 5773
5051 5703
5057 5157
5058 5281
5059 5710
5060 6041
5064 5086
5064 5324
5067 5551
5069 5637
5070 5432
5071 6187
5072 5788
5074 5491
5084 5539
5087 5682
5089 6059
5091 5534
5092 5659
5094 5893
5096 5507
5098 5126
5106 5578
5107 5214
5109 5709
5109 5771
5110 5920
5112 5969
5115 5833
5116 5143
5118 5699
5124 5440
5131 5468
5141 5192
5141 5201
5145 5661
5145 6019
5156 5485
5156 5582
5156 5662
5157 5509
5157 5609
5158 5964
5160 5228
5165 5738
5166 5316
5167 5382
5168 5770
5170 5228
5171 5908
5172 5253
5173 5787
5174 5419
5177 5721
5178 5658
5182 5200
5184 6080
5186 5829
5198 5982
5199 5994
5200 5433
5202 5735
5208 5800
5209 5322
5214 6222
5216 6193
5223 5455
5223 5457
5228 6139
5231 5672
5241 5660
5242 5702
5246 5727
5251 5379
5257 5447
5261 5799
5264 5990
5272 5350
5277 5822
5277 6070
5282 5475
5286 5505
5291 5440
5292 5547
5295 6206
5297 5522
5299 5930
5305 5952
5308 5537
5309 5870
5310 5863
5311 6142
5313 6198
5315 5914
5318 5418
5318 5706
5319 5608
5319 5799
5323 5916
5324 5806
5335 5703
5336 6154
5337 5967
5340 5982
5342 5708
5350 5845
5354 5853
5373 5562
5373 6136
5377 5480
5377 6197
5380 5772
5390 6013
5392 5443
5393 5851
5394 6144
5399 5701
5404 5693
5405 6042
5409 6011
5409 6147
5410 5861
5416 5910
5422 6018
5431 5750
5439 5904
5441 5949
5454 5728
5454 5744
5468 6231
5476 6022
5482 5782
5493 5803
5503 6101
5515 5939
5517 6189
5518 5663
5521 5753
5521 5981
5522 6049
5524 5966
5525 6138
5543 5544
5554 6079
5558 6205
5568 5990
5568 6040
5569 5783
5575 5577
5579 5673
5582 6222
5584 5725
5596 6087
5598 5797
5605 5704
5616 5997
5621 6117
5626 5799
5631 5846
5632 5801
5632 6027
5632 6043
5638 5696
5653 6220
5658 5855
5659 6220
5662 6058
5665 5847
5667 6035
5670 5717
5675 5979
5676 5988
5684 6143
5685 6184
5690 5740
5699 5776
5714 5886
5717 5883
5720 5902
5725 6057
5728 6064
5729 6181
5742 5749
5755 5868
5762 5880
5768 5794
5768 5899
5772 5774
5790 5820
5792 6073
5797 5941
5798 5966
5823 5971
5827 5985
5834 5994
5834 6107
5839 5848
5874 6093
5879 6055
5887 5924
5900 6213
5901 5910
5909 5914
5919 6225
5924 6228
5928 5971
5953 6228
5964 6197
5997 6151
6004 6202
6012 6115
6025 6242
6071 6217
6078 6245
6081 6218
6103 6133
6107 6200
6124 6147
6126 6175
6129 6206