390
0 374
1 374
2 321
3 135
3 210
3 326
4 362
5 54
5 111
5 266
6 22
7 356
7 358
8 251
8 308
8 346
8 357
9 26
9 128
10 43
10 145
11 136
11 260
12 225
12 281
12 322
13 129
13 212
14 328
15 221
16 160
16 230
16 233
16 354
17 253
17 337
18 355
19 379
20 189
20 368
21 304
21 309
22 44
22 251
23 71
23 134
24 240
25 360
26 82
27 78
27 382
28 60
28 78
28 267
29 45
29 69
29 233
29 269
30 227
31 89
31 362
32 51
32 147
32 353
33 250
34 148
35 66
35 317
35 372
36 200
36 234
37 297
38 270
39 68
39 298
40 227
41 93
41 129
42 63
43 226
46 75
47 280
48 151
48 156
48 279
49 350
50 236
51 149
51 299
52 126
52 250
53 159
53 339
54 198
55 87
56 203
57 72
57 262
58 214
59 116
61 221
61 288
62 108
62 292
63 115
64 152
64 158
64 203
65 348
66 264
66 286
66 385
67 373
67 379
68 204
69 216
69 287
69 364
70 200
71 248
71 333
72 342
73 324
73 345
74 185
74 193
74 387
75 261
76 221
76 338
77 311
78 250
79 191
80 188
80 258
81 114
81 354
82 184
83 193
84 95
84 223
85 110
85 178
85 363
86 247
87 196
88 109
90 208
90 347
91 177
92 215
92 229
93 349
94 104
95 255
96 159
97 189
97 275
98 283
99 321
99 348
100 194
101 126
101 183
102 142
102 328
103 119
103 365
104 178
105 267
105 340
106 141
106 278
106 280
106 386
107 190
109 335
110 219
110 332
112 371
113 338
113 344
114 163
114 355
115 158
115 293
116 196
117 160
118 204
120 186
121 240
121 307
122 255
123 197
123 303
124 312
124 386
125 226
125 256
125 287
126 209
127 302
127 383
128 342
128 388
129 222
129 380
130 276
130 345
131 177
132 289
133 218
133 231
133 259
133 385
134 190
134 382
136 336
136 379
137 193
138 218
138 236
138 384
139 232
139 242
140 272
142 307
143 226
144 214
144 259
144 295
146 301
146 318
147 201
148 192
148 283
148 365
149 176
149 252
149 351
149 371
150 175
150 208
152 383
153 161
153 324
154 285
154 321
155 308
156 167
157 185
157 298
158 217
159 195
159 288
159 313
160 350
162 268
162 358
164 192
164 292
165 200
165 221
165 341
166 275
166 360
167 196
167 373
168 211
168 361
169 204
169 359
170 218
171 287
172 202
172 247
173 316
174 316
174 353
175 186
177 201
177 292
179 246
179 325
179 326
180 346
181 244
181 305
182 297
184 284
184 360
185 297
186 237
186 246
187 259
188 324
189 317
190 277
191 335
193 267
193 389
194 310
195 330
196 198
197 284
198 240
199 291
202 283
205 242
206 288
206 323
206 335
207 267
209 301
209 376
213 329
213 374
214 237
214 306
220 255
220 282
220 375
224 255
224 296
224 308
227 284
228 319
229 342
231 319
232 280
235 323
238 357
239 248
240 273
241 257
241 325
243 309
245 360
249 338
254 343
255 327
257 332
257 381
258 261
260 357
263 280
264 331
265 299
268 317
270 328
270 329
270 352
271 336
272 312
273 333
274 379
278 335
281 302
281 339
284 340
289 316
289 334
289 337
290 305
290 320
290 352
291 313
294 365
300 385
304 316
306 309
308 370
310 367
311 369
312 328
313 366
314 340
314 355
315 353
324 340
325 349
327 362
333 343
334 369
348 355
349 377
361 388
363 367
367 378