97
0 65
1 5
1 47
2 44
2 68
2 92
3 7
3 84
3 90
4 40
4 48
5 18
6 8
6 31
7 27
7 63
7 76
8 26
8 86
9 25
9 44
10 39
11 71
11 96
12 13
12 78
12 81
12 90
14 59
15 90
16 80
17 51
17 63
17 88
19 88
19 89
20 52
20 53
20 68
21 39
21 54
21 62
22 63
23 82
23 94
24 35
24 37
24 63
25 41
26 92
27 58
28 43
29 44
30 53
32 90
33 83
34 74
34 96
36 68
37 69
37 77
38 94
39 46
39 49
39 64
40 47
40 66
42 92
43 65
43 89
45 77
46 50
47 86
48 67
49 92
51 83
55 57
56 90
57 77
58 61
59 89
60 62
61 72
61 80
63 93
63 96
64 82
66 88
67 87
68 73
70 71
70 95
75 79
75 85
81 85
83 91