390
0 29
0 172
0 288
1 17
1 262
2 164
2 257
3 88
3 200
4 326
5 37
5 244
6 75
6 364
7 336
8 26
8 43
8 67
8 384
9 306
10 143
11 133
11 272
12 320
12 375
13 177
13 287
14 248
14 304
15 118
16 122
17 191
17 333
18 195
19 158
19 383
20 64
20 232
20 320
21 213
22 195
22 252
23 46
23 63
24 79
24 174
25 217
25 268
25 386
26 40
26 95
26 228
27 180
27 332
27 344
28 333
29 168
29 207
29 301
30 150
31 195
32 105
32 282
33 48
33 249
33 257
34 77
35 143
36 250
37 166
38 257
38 311
39 180
40 258
41 79
41 246
42 46
42 61
42 194
43 216
43 315
44 111
44 169
44 317
44 348
45 143
45 146
45 254
47 81
47 144
47 185
48 135
48 308
49 91
49 189
49 334
50 296
51 59
51 90
51 221
51 350
52 141
52 184
52 292
53 225
53 239
53 354
54 349
55 166
55 199
55 200
55 208
55 340
56 240
57 94
57 197
57 238
58 245
60 74
60 97
62 220
62 292
63 133
63 204
63 343
64 201
64 231
64 319
64 324
65 206
65 310
66 115
66 327
68 253
68 345
69 150
70 208
71 146
72 257
73 160
74 82
76 128
76 266
77 224
77 292
77 322
77 382
78 260
79 173
79 211
79 218
79 294
80 97
80 355
81 134
81 237
82 150
83 120
84 250
84 362
85 189
85 248
85 355
86 375
87 170
87 189
88 371
89 96
89 247
90 181
90 295
92 147
92 292
92 305
93 184
94 276
96 145
96 389
98 184
99 116
99 182
99 186
100 136
101 163
101 210
102 259
102 267
103 346
104 272
105 233
105 336
106 274
107 114
107 275
108 253
109 124
109 183
110 346
111 329
112 115
112 313
112 367
113 137
113 167
114 357
115 251
117 367
118 131
118 368
119 382
120 170
121 298
121 337
122 376
123 132
123 198
123 307
123 312
123 358
124 127
125 177
125 282
126 238
128 278
129 179
129 223
130 366
131 161
134 207
134 271
135 377
136 190
136 255
137 370
138 196
138 299
138 303
139 167
139 324
140 143
142 168
143 351
145 296
145 357
147 274
148 325
148 354
149 252
151 194
151 236
152 318
153 157
154 243
154 337
154 380
155 216
155 278
156 356
157 206
157 219
158 187
158 234
159 309
160 175
160 215
161 312
162 349
164 212
164 252
165 199
165 245
166 365
167 176
167 192
168 186
169 387
170 318
171 235
178 205
178 300
178 310
183 189
184 348
185 289
186 316
187 284
187 379
188 305
189 295
189 320
191 204
192 310
192 332
193 204
193 280
194 382
195 215
197 352
198 338
200 381
200 388
201 202
201 366
203 362
203 379
208 294
209 220
210 369
213 243
213 290
214 307
215 235
216 276
220 230
222 286
222 335
223 237
224 356
226 242
227 376
229 381
234 331
236 285
236 372
239 250
240 268
241 372
242 322
243 321
243 326
244 256
245 286
245 349
246 326
247 369
252 291
255 330
257 277
260 311
260 359
261 380
263 271
264 349
265 303
265 350
267 386
269 369
270 306
270 329
273 350
276 328
276 342
276 388
277 364
278 336
279 323
279 354
281 314
281 334
282 372
282 378
283 356
287 361
288 330
288 351
289 357
291 353
293 309
295 307
297 341
300 309
302 388
303 341
306 357
309 347
313 335
313 386
315 339
316 320
321 364
323 333
325 373
330 385
334 346
345 373
359 360
359 376
363 386
374 388