3125
0 1271
0 1724
1 331
1 1969
2 914
2 2532
3 320
3 705
3 1744
4 1266
5 84
6 2415
7 588
8 233
8 1800
8 3034
9 2859
10 719
10 3075
11 54
11 874
11 1442
11 1768
12 2396
13 412
13 1430
13 3066
14 838
15 1764
15 2358
16 748
16 2007
17 799
17 2953
18 487
19 2075
19 3017
20 772
21 158
21 1878
22 2312
22 2618
22 2900
23 1017
24 90
24 2327
25 642
25 1287
25 2172
26 2660
27 1917
27 2368
28 3100
29 3060
30 504
30 762
30 926
31 485
32 1706
32 2906
33 531
34 190
34 1128
34 1298
34 1714
34 2403
34 3027
35 1995
36 246
36 3036
37 54
37 192
38 232
38 1505
38 2749
39 2156
39 2582
39 2734
40 1303
40 1576
40 2611
40 2995
41 1333
41 1625
41 2436
42 1535
43 2214
44 2836
45 1810
45 1900
46 1678
47 184
47 1331
47 2829
48 409
49 957
50 521
51 774
51 1467
52 239
52 910
52 1234
53 2063
53 2215
54 1219
54 1260
55 148
55 2685
56 521
56 937
56 1525
57 1878
57 2271
58 1305
58 1671
58 1867
58 2183
59 1940
60 267
60 950
60 1618
61 174
62 1291
62 2058
63 802
64 1894
65 2909
66 2943
67 825
67 2988
68 380
68 751
69 1741
69 2375
70 148
70 1994
71 180
71 1001
72 2482
73 1199
74 2281
74 2971
75 854
75 1228
76 846
76 2825
77 2158
78 201
79 298
79 395
79 2137
79 2346
79 2752
80 343
80 1793
81 1236
81 2599
82 170
82 460
82 2145
83 1090
83 2256
83 2374
84 2646
84 2859
85 732
86 2070
87 865
87 944
88 2722
89 687
89 1047
89 1147
91 700
92 539
92 557
93 1758
94 2027
94 2191
94 3119
95 2185
95 2294
96 3036
97 716
97 2894
98 480
98 2392
99 2373
100 290
100 1514
100 1915
100 2164
100 2680
101 1692
101 1737
101 2012
102 471
102 2236
103 780
103 2465
104 282
105 1100
106 1005
106 1512
107 2572
108 2448
109 1252
109 2399
110 2260
110 2276
111 692
111 1266
111 1282
111 2180
111 2889
111 2984
112 1009
112 1255
112 3049
113 2529
114 2358
114 2360
114 2575
115 1556
115 2687
116 1638
116 2016
117 456
117 2738
118 2159
119 1284
119 1897
119 2703
120 556
120 765
120 1773
121 432
121 1953
122 2213
122 3020
123 2048
124 467
124 2669
125 1027
125 1431
125 1488
125 2848
126 1477
126 1616
127 2127
128 335
128 779
128 2336
129 569
129 1838
130 448
130 1951
131 2810
132 365
132 1080
132 2636
133 1124
133 1788
133 1828
134 194
134 478
135 2316
136 2741
137 1349
137 1353
137 2124
138 1352
139 3015
140 788
140 910
140 2373
141 1948
142 1097
142 2594
143 415
144 1600
144 1957
144 2149
145 2554
145 3041
146 597
146 1062
147 1433
147 2413
149 605
149 2875
149 2987
150 760
151 366
151 1233
152 696
153 209
153 951
153 1585
154 1013
155 2178
155 2798
156 624
156 1511
156 2430
156 2447
157 1824
157 2851
158 1483
158 2054
158 2261
159 1060
159 1884
160 463
160 884
160 1962
160 2466
161 599
161 718
162 386
163 712
164 1243
165 590
165 1344
165 3053
166 428
166 2914
166 3043
167 1883
168 1273
169 1911
169 1995
170 836
170 1411
170 1696
170 2613
171 1095
171 2267
171 2345
172 404
172 1916
173 2659
174 840
174 1546
175 788
175 3054
176 354
177 1153
177 2046
177 3026
178 1526
178 2905
179 180
179 761
179 797
179 2634
179 3070
180 963
180 3056
181 1815
181 2766
182 218
182 1828
183 347
183 921
183 2207
184 2377
184 2714
185 1191
185 1576
185 2273
186 712
186 1070
186 1540
186 2581
187 1305
188 1529
188 2993
189 2570
189 2928
190 999
191 2535
192 667
192 1571
192 1813
192 2324
192 3069
193 394
193 858
194 260
194 2205
195 955
196 1057
197 1987
198 926
198 1635
199 1526
199 2021
200 964
200 2117
200 2741
201 1048
202 1568
202 1952
203 614
204 1388
204 1642
204 1809
205 1786
206 1420
206 2777
207 796
207 992
207 1973
207 2304
207 2365
208 2458
209 1526
210 2498
211 751
212 1541
212 2996
213 1480
213 2037
214 690
214 2042
215 909
215 2179
216 702
217 822
218 268
218 954
219 2464
220 675
220 1534
220 2523
220 2975
221 1416
221 1440
222 1574
223 933
223 2038
224 2255
224 2449
225 1453
225 2965
226 2396
227 542
228 1325
228 2610
229 1829
229 2279
230 414
231 1476
232 1447
233 709
233 968
233 2576
234 841
234 947
235 1715
235 2375
236 743
236 1257
236 2751
237 1372
237 1769
238 401
239 2019
240 1921
241 2601
242 828
242 1044
242 1310
243 430
243 1008
244 3065
245 2358
246 682
246 835
247 1698
247 2886
248 909
248 2413
249 1643
249 2286
250 1084
250 2683
251 687
251 1655
251 2748
252 1562
252 3035
253 455
253 1661
254 965
254 2942
255 3097
256 436
257 306
257 935
258 1588
258 2609
259 1121
259 2390
259 2795
260 1522
261 1251
262 804
262 2246
263 1069
263 1941
264 1995
264 2492
265 1314
265 2869
266 2460
267 2527
268 2142
269 1149
269 2311
270 1120
270 1937
270 2339
271 363
271 573
272 1254
273 1006
273 2953
274 849
274 1486
274 2453
274 2736
275 390
275 1146
276 2144
276 3101
277 793
277 1067
277 3009
278 1382
278 1494
278 2297
278 2907
279 1512
280 303
281 1850
281 2982
282 958
282 1132
282 1938
283 1699
283 2720
284 2638
284 2676
284 2886
285 2952
286 1885
286 2071
286 2545
287 1746
287 1747
287 2022
288 672
288 1967
289 633
289 1525
289 1780
289 1803
291 951
291 2553
292 2403
293 1521
294 725
294 969
295 1713
295 2717
296 2250
297 983
297 2364
298 788
299 1857
299 2216
300 1630
300 1745
301 798
301 3106
302 721
302 2615
302 2915
303 696
304 1997
304 2575
305 2605
306 1467
307 1262
307 2653
308 1590
309 1224
310 751
311 850
311 1550
311 2070
312 1277
312 1938
313 2040
314 475
314 1029
314 3111
315 1904
315 2041
315 3019
316 2950
317 1544
317 2561
318 435
319 2397
321 337
321 424
322 393
322 1190
323 1581
324 2894
325 481
325 1558
325 2895
326 1994
326 2425
327 1396
328 749
328 848
328 960
328 3116
329 1102
329 2859
330 1211
330 1609
330 1830
332 541
332 1285
333 1193
334 2005
335 806
335 1771
336 688
336 2941
337 1677
338 2103
338 2857
339 1485
340 399
340 739
340 1682
341 686
341 1620
342 497
343 1317
344 795
345 968
346 1535
346 1602
347 760
348 1640
348 1792
349 1242
350 3022
351 1200
351 2897
352 658
352 1824
353 1567
354 2965
355 479
355 1205
355 1856
355 2295
355 2793
355 2808
356 2060
357 1702
357 1810
357 3090
358 1191
358 2740
359 1720
359 2432
360 2912
361 725
361 1042
361 1150
362 2405
363 1364
364 973
364 2277
365 2299
365 2830
366 1189
366 2098
366 2119
366 2780
367 487
367 2410
368 464
368 466
368 897
368 2099
369 2857
370 949
370 988
370 2393
371 1175
372 1462
372 2579
372 3097
373 918
374 2760
374 2903
375 2835
376 750
376 2087
377 745
377 781
378 3022
379 383
379 2058
380 693
380 723
381 3087
382 621
382 1635
382 2084
384 1599
384 2083
385 2319
386 773
386 1347
386 2194
387 1390
387 2018
388 483
388 996
388 2529
388 2560
389 2615
390 1741
391 409
391 1497
391 2076
391 2362
392 2752
393 1969
394 1005
395 2099
396 1151
396 2398
396 2589
397 1933
397 2906
398 1547
399 2223
399 2701
400 1156
401 892
401 1783
402 915
402 1145
402 2507
403 2412
403 2484
404 789
404 1458
404 1515
404 1710
405 2302
406 843
407 768
408 490
408 895
408 1927
409 1841
409 2752
410 1189
411 2447
411 2487
413 1753
413 2162
413 2479
414 424
415 1971
415 2667
416 1229
416 1964
417 2410
418 3070
419 2179
420 463
421 1710
421 2551
422 1206
423 2617
424 1675
424 2708
425 1427
425 2293
426 1497
426 2052
426 2193
426 2539
427 1069
427 2896
427 2968
427 3109
429 2771
430 731
431 1540
432 3113
433 1254
434 752
435 1243
435 1841
436 1996
437 2189
438 2051
439 1255
440 1908
440 2678
441 1540
442 823
443 2781
444 2676
444 2694
445 3108
446 1979
446 2536
447 2924
447 2985
448 1427
449 1666
449 2887
450 716
451 2793
452 1136
452 1903
453 2369
453 2422
454 1114
454 3030
456 2499
456 2977
457 1715
458 1073
458 2930
459 1410
459 1493
459 2798
460 2024
461 1687
461 2973
462 1484
462 2956
463 486
463 1328
464 2438
465 1194
465 1764
466 1138
466 1873
466 2745
467 1309
467 1723
468 508
468 985
468 2675
469 813
469 2014
469 2127
470 1436
470 2075
471 1791
471 2164
472 2003
472 2119
473 1838
474 1311
476 816
476 867
476 1261
476 2011
476 2251
477 989
477 1109
477 2602
478 655
479 1344
479 2989
480 1324
482 1563
482 3041
483 2929
484 647
485 2571
488 579
489 1881
490 1651
490 1772
490 2639
490 2948
491 850
491 2240
492 794
492 1003
492 2771
493 604
493 2384
493 2998
494 1186
494 2831
495 924
495 2084
496 1275
496 2564
497 738
498 787
498 2480
498 2855
499 928
499 1546
500 1690
500 2178
501 2691
502 1388
503 552
503 1092
503 1427
504 1131
504 2290
505 1531
506 734
506 1749
506 2717
507 1611
507 2068
507 2333
508 1352
508 2883
509 1529
510 1711
511 702
511 1290
511 2417
511 2738
512 1746
512 3035
513 582
514 946
514 2077
515 2028
516 1090
517 616
517 2858
518 2110
518 2546
519 909
519 2939
519 2976
520 1407
521 1509
522 1604
522 1936
523 2146
524 532
525 1847
525 2655
525 3095
526 547
526 1297
526 1964
527 1471
527 1576
528 554
529 1390
529 1421
529 2369
529 3112
530 610
530 1551
531 2364
532 1946
533 1063
534 755
534 887
534 2062
535 2445
536 1365
536 1553
536 1563
537 2434
538 1015
538 1582
539 1174
539 1751
540 1314
540 1789
541 1222
542 1226
543 802
543 2186
544 2702
544 3110
545 2950
546 825
547 554
547 1966
548 1152
548 2860
549 2547
550 2810
551 1269
551 2650
552 2469
553 2128
553 3113
554 2388
555 983
558 650
558 863
558 2843
559 2322
559 2612
560 2240
561 1724
561 2604
561 3066
562 1343
563 703
563 1036
564 1505
564 2392
564 2443
565 710
565 2913
566 1327
566 1478
567 1889
568 1344
568 2043
570 654
570 1137
571 1334
572 1919
572 2568
574 847
574 974
574 1250
575 1095
576 1254
576 1823
577 2793
578 3113
579 2288
579 2478
580 2568
581 758
581 1919
581 2155
582 1132
583 2089
583 2649
584 2798
585 628
585 2271
585 2540
586 2075
587 597
587 1444
587 2668
588 1820
589 1348
590 1701
591 1304
591 2865
592 1912
592 2659
593 2915
594 1111
594 1324
594 2743
595 942
595 1052
596 2411
597 1309
597 2520
598 781
599 2219
599 2668
600 1128
601 823
601 2965
602 2875
603 1744
604 775
604 1457
604 2232
606 1505
607 2132
607 2408
607 3042
608 1531
609 786
610 695
610 1127
610 1418
611 715
611 1947
611 2131
612 838
613 1029
614 1303
615 863
616 2050
616 2063
617 890
617 1833
618 1377
618 1766
619 1921
620 1742
621 1210
622 1372
622 1531
623 1976
624 1971
625 2544
625 2849
626 1032
626 1888
627 2463
629 960
630 956
630 1360
631 1208
632 2702
633 1258
634 2314
634 3028
635 653
635 1891
635 2241
636 741
636 2212
637 1435
637 2312
638 2245
639 1407
639 1605
639 2194
639 2711
640 870
641 1867
641 2884
642 1218
642 3085
643 2593
643 2684
643 2723
644 1105
644 1215
645 2504
646 683
646 2807
647 1454
648 726
648 2639
648 2710
649 1839
649 2883
651 1779
651 2075
652 1733
653 2506
654 1566
655 2986
656 1783
657 1016
657 2974
657 3066
658 1575
659 2852
659 3082
660 671
660 1020
660 1057
660 2516
661 1016
662 2723
663 863
664 1373
664 1870
664 2266
665 1413
665 2620
666 2968
667 2808
668 2882
669 806
669 882
670 770
670 981
670 1446
670 2948
673 1577
673 2947
674 1370
674 2758
674 3096
676 2446
677 935
678 1935
679 2223
679 2555
680 2599
680 2946
681 1014
683 2038
684 1043
684 1730
684 2062
685 1849
685 2694
687 1154
687 2729
688 1746
689 2262
690 2455
691 2151
691 2634
692 2194
693 1133
693 1855
694 870
695 1904
696 2944
697 2334
697 2893
698 2480
699 1561
699 1735
699 1768
699 1774
699 2030
700 2704
701 2494
702 1499
703 2826
704 1311
704 1356
704 1874
706 2769
707 904
707 2327
707 2734
708 923
708 1013
708 2600
709 1814
709 2990
710 835
710 1653
711 802
712 888
712 1031
712 1750
713 2082
713 3078
714 2817
715 1449
717 1817
717 2899
719 2203
719 2808
720 2435
720 2922
720 3002
721 1183
721 1340
721 2977
722 1072
723 2343
723 2423
724 2327
727 1415
727 2633
728 1377
728 1983
728 3101
729 1106
729 2610
730 1524
730 2106
731 1663
732 908
732 2108
733 1331
734 2865
735 1274
736 2118
737 1661
738 1086
739 2906
740 2662
740 2684
741 1638
742 1018
744 2489
745 1961
746 2343
747 2683
748 1733
748 2763
749 1899
751 1727
751 2486
751 2704
752 2922
753 2198
754 2039
754 2150
756 792
756 1538
757 1126
757 2920
757 2939
758 1840
759 2864
761 1122
763 857
764 2169
765 1570
765 2013
766 899
766 2961
767 2177
767 2709
768 1521
768 1711
769 2565
770 1967
771 940
771 1096
771 1186
772 1039
772 2681
773 2033
774 2417
775 1720
776 2085
777 1762
777 2888
778 1660
779 1034
779 1308
781 1043
781 2637
782 3092
783 1213
784 2477
785 2770
786 1704
786 2050
787 2321
788 1611
788 2970
790 2769
791 1160
791 2586
791 2672
793 2508
793 2837
794 2716
795 1038
795 2559
796 1948
797 2047
797 2454
797 2916
798 1296
800 1274
800 2290
800 2724
801 1695
802 1945
802 2312
803 2509
803 3107
804 1187
805 1948
805 2073
805 2257
805 3032
806 931
807 2747
807 3004
808 3112
809 1233
810 2606
811 2024
812 2155
812 2235
812 2262
814 942
814 1938
815 1492
816 1045
816 2028
816 2045
816 2198
817 1893
818 1220
818 1487
818 2966
819 2389
820 838
820 2143
821 1332
821 1759
822 1844
824 1827
824 2330
824 2756
825 2834
826 1172
827 1402
827 1517
829 1197
829 1870
829 1901
829 2053
830 2810
831 1509
831 2496
832 2632
832 2793
833 2223
834 2079
834 2145
835 2492
836 1903
836 2260
837 1441
837 2280
838 1288
838 1946
839 1469
839 1707
840 2116
840 2331
841 2642
841 2812
842 2893
843 911
843 3018
844 1061
844 2367
845 1374
845 3111
846 1987
846 2597
847 1923
847 2241
847 2925
848 2769
849 2751
851 2083
852 1724
853 1134
853 1880
855 1902
856 1567
856 2631
857 2561
857 2625
858 2202
859 2293
860 1000
860 2831
861 1742
861 1945
862 2036
862 2788
862 2824
864 1145
864 1408
865 2617
866 2574
866 2919
867 1982
868 1010
868 3030
869 2812
869 2992
870 2979
871 1018
872 1135
872 1357
872 1702
872 2159
872 2800
873 2821
875 2671
876 2508
877 1859
877 2732
878 1935
879 2082
880 2676
880 2978
881 1871
882 1511
882 2376
883 1943
883 1951
883 2951
885 926
886 1892
887 2325
889 1249
890 1458
890 1629
891 1254
891 1472
891 1799
891 2035
891 2289
892 1308
893 1196
894 1351
894 2073
894 2395
895 1719
896 2497
896 2537
898 2010
899 2279
900 2066
900 3124
901 2708
902 1104
902 2452
903 1906
903 2295
905 1063
905 2475
906 1286
907 1481
907 2833
908 2500
909 2949
911 1340
912 1095
912 2133
913 2147
913 2424
914 1160
915 1024
916 1028
916 2987
917 1812
917 2190
917 2725
918 961
918 2057
919 2813
920 1834
922 1481
922 1587
923 1281
923 1910
925 1594
925 3030
926 2136
927 2712
927 2862
928 1445
929 2018
930 934
930 1184
930 1366
930 1968
930 2947
931 1499
932 3110
933 1193
933 2147
933 2552
935 1883
936 2876
937 962
938 2834
939 2208
939 2872
941 1752
943 1553
945 1098
945 2538
946 1736
946 1799
947 1546
947 1761
948 1314
948 2191
949 1448
949 2719
951 1387
951 2958
952 1906
953 1773
954 3097
955 989
956 2008
956 2107
956 3098
957 2068
959 3015
961 2134
961 3022
962 1302
962 1674
963 1319
964 1055
964 1879
965 2884
966 2294
967 1212
968 2838
969 1222
969 1896
970 2838
971 1363
971 3083
972 2359
973 1327
973 1475
973 2273
973 2282
973 2898
973 3062
975 1466
976 1960
976 2814
977 1696
978 1819
978 2034
979 1736
980 1629
981 1130
981 1248
982 1346
984 1824
985 2705
986 1423
987 2013
987 2342
990 1215
990 2568
991 1941
993 1835
993 2671
994 1552
995 2008
995 2389
996 1961
997 2407
998 3101
999 2944
1001 1015
1002 1450
1002 2131
1002 3021
1004 1157
1006 1786
1007 2461
1007 3057
1008 2249
1009 1361
1009 2268
1009 2341
1009 2757
1010 2644
1011 2599
1011 2836
1012 1055
1012 2069
1013 2633
1014 1374
1015 2344
1016 2627
1017 1503
1018 1142
1018 1985
1019 2876
1020 1533
1021 1053
1021 2033
1021 2259
1022 2883
1023 1157
1024 2791
1025 1355
1026 1893
1026 1968
1028 2250
1030 1416
1030 2857
1033 2656
1034 1169
1035 2316
1036 1542
1037 1216
1038 1515
1039 1992
1040 1176
1041 1470
1041 2034
1041 2303
1042 1155
1044 2493
1046 1108
1046 1649
1046 1820
1047 1394
1047 2907
1048 1860
1049 1775
1049 1833
1049 3048
1050 2014
1050 2457
1051 2623
1053 2695
1054 1688
1054 2483
1055 1323
1056 2875
1057 1360
1057 2820
1058 1537
1058 2240
1059 1547
1059 1563
1059 1565
1061 1734
1062 1293
1064 2773
1065 1611
1066 2072
1066 2901
1067 1751
1068 1149
1068 2115
1068 2173
1068 3004
1068 3043
1069 2411
1070 2570
1071 2654
1072 1172
1072 1283
1072 2829
1072 3004
1073 1982
1073 2274
1074 1313
1074 2123
1075 1428
1076 2134
1077 2968
1078 1221
1078 1644
1078 1780
1078 2645
1079 1651
1079 1683
1081 1672
1081 2579
1082 2117
1083 2091
1085 2373
1085 2511
1085 2595
1086 2250
1087 1119
1087 2074
1087 3104
1088 2927
1089 1333
1090 1334
1091 2036
1091 2525
1093 2346
1094 2813
1095 2416
1097 2646
1098 1791
1099 2124
1099 2489
1100 2670
1100 2903
1100 2952
1101 1698
1102 2888
1103 1922
1104 1267
1104 1420
1105 1259
1107 2276
1109 1207
1109 2918
1110 2125
1112 1516
1112 2700
1113 1726
1113 2533
1114 2515
1115 1574
1116 1243
1117 1508
1117 2744
1118 1216
1119 1455
1120 1598
1120 1989
1122 1249
1122 2877
1123 2026
1123 2608
1123 2785
1124 1168
1124 2218
1125 2148
1126 1175
1126 2501
1128 2100
1128 2524
1128 2796
1129 2569
1130 1289
1131 1402
1131 1560
1131 2187
1131 2505
1134 2571
1137 1602
1139 2022
1139 3122
1140 2281
1141 2292
1142 2472
1142 3005
1143 1197
1144 1651
1145 2967
1146 1394
1148 2974
1149 2391
1149 2959
1150 1685
1151 2097
1151 2152
1151 2569
1152 2153
1152 2404
1153 2998
1155 1480
1155 1690
1156 2512
1157 2125
1157 2500
1158 2880
1159 1484
1159 1487
1159 2200
1160 1449
1160 2426
1161 1882
1161 2861
1162 1581
1162 1993
1163 2667
1164 1276
1164 2853
1165 1581
1165 2348
1165 2799
1166 3076
1167 1632
1167 1726
1167 1826
1168 2306
1170 2528
1171 2655
1171 3011
1173 1401
1174 1333
1174 1518
1175 1872
1175 1974
1175 2494
1176 2029
1176 2976
1177 2514
1178 2677
1178 2690
1179 1247
1179 2121
1180 1305
1181 1274
1181 1734
1182 1848
1185 2543
1187 1963
1187 2822
1188 1797
1189 1411
1190 2360
1192 1858
1192 2204
1193 2682
1193 2804
1195 2249
1196 1496
1196 1879
1197 1871
1198 2966
1199 1693
1199 2234
1200 3037
1201 1202
1201 2781
1203 1888
1204 1837
1204 2868
1206 2345
1206 2922
1207 2361
1208 2190
1209 1244
1209 2722
1210 1950
1211 1728
1211 1922
1211 2549
1212 2897
1212 3059
1213 2315
1214 1354
1214 1458
1214 2090
1216 1392
1216 2605
1216 2876
1216 3117
1217 2885
1221 2587
1222 1538
1222 1892
1222 2533
1223 2406
1223 2781
1223 2809
1224 3099
1225 1426
1225 2148
1225 2503
1226 1365
1227 1527
1227 2057
1228 1734
1230 2978
1231 1844
1231 2067
1231 2409
1232 2303
1234 2176
1235 1600
1235 2502
1236 1531
1236 1875
1237 2232
1238 2853
1239 2270
1239 2406
1240 2872
1241 2849
1242 2209
1242 2227
1244 1952
1245 2349
1245 2524
1245 3071
1246 2391
1249 1476
1251 1369
1251 1628
1252 1894
1253 2018
1256 2733
1257 1712
1258 1659
1262 2755
1262 2814
1263 2058
1263 2723
1264 2260
1265 1839
1266 1439
1267 1645
1267 1802
1267 1847
1267 2088
1267 2691
1267 2692
1267 2993
1268 2513
1268 2924
1269 1391
1270 1996
1270 2121
1270 2129
1271 1690
1272 2887
1273 2591
1274 1922
1275 1984
1277 2065
1277 3039
1277 3076
1278 1924
1278 2647
1278 3081
1279 1454
1279 2121
1279 2975
1280 1324
1282 2209
1284 1553
1284 2250
1286 2602
1288 3052
1288 3055
1289 1838
1289 3092
1290 2015
1292 3006
1293 1739
1293 2386
1293 3067
1294 1943
1295 1753
1295 2457
1296 1638
1296 2465
1297 2399
1297 2909
1298 2376
1299 2211
1300 1763
1300 2465
1300 2950
1301 1763
1302 1755
1302 2880
1306 2359
1306 2689
1307 1640
1307 2061
1308 2845
1309 2673
1312 2893
1313 1519
1313 2474
1314 1362
1314 3087
1315 1781
1316 1837
1316 1929
1316 2433
1316 2678
1317 1954
1317 3046
1318 1700
1318 1802
1320 1329
1320 1479
1320 3005
1321 1861
1321 2631
1322 2387
1323 1355
1326 2259
1326 2952
1327 2622
1328 2171
1330 1855
1330 3033
1331 2031
1332 1918
1332 1955
1335 1419
1335 2286
1335 2349
1336 2240
1337 1648
1338 2938
1338 3064
1339 2130
1340 2071
1341 2307
1342 2534
1343 1611
1345 1860
1345 2772
1346 1572
1346 2173
1346 3116
1347 2284
1347 2337
1347 2476
1347 2879
1348 2890
1348 3091
1350 1371
1350 2451
1350 2617
1352 2776
1354 1607
1354 2437
1356 2161
1357 2193
1357 2901
1358 2317
1358 2715
1359 2277
1360 1654
1361 1707
1361 1776
1361 2201
1362 2300
1363 3074
1364 1659
1364 3020
1367 1761
1367 2207
1368 1488
1369 1805
1370 1420
1370 1669
1371 2351
1372 3052
1373 2359
1373 2881
1374 1438
1374 2139
1375 1569
1375 2966
1376 1581
1376 2172
1377 2565
1378 2897
1379 1900
1380 1941
1380 2105
1381 2459
1383 1577
1384 1489
1384 1574
1385 1464
1385 2203
1386 2332
1388 1667
1388 1721
1389 2102
1390 1426
1391 2331
1393 1830
1395 1889
1395 2096
1396 2408
1397 1654
1398 2545
1398 2895
1399 2535
1399 3109
1400 1936
1401 1496
1401 2720
1402 1790
1403 2947
1404 1481
1404 2358
1405 1624
1406 1872
1408 1703
1409 1648
1412 2450
1412 2460
1413 2364
1414 1962
1415 2537
1416 1853
1416 2434
1417 2095
1419 2167
1422 1784
1422 2477
1423 1806
1424 2815
1425 2031
1425 2226
1426 2383
1428 2248
1429 1623
1429 2229
1429 2467
1430 2160
1432 1580
1432 2219
1434 2120
1434 2485
1436 1963
1437 2657
1438 1765
1440 3064
1441 1662
1441 2522
1443 2779
1446 2863
1449 2017
1450 2651
1451 1806
1452 2465
1453 2533
1453 2966
1454 2322
1454 2759
1455 2918
1455 3014
1456 1524
1458 3099
1459 1683
1460 2060
1461 2300
1462 1868
1463 3058
1464 1778
1464 2739
1465 1549
1465 1588
1465 2230
1465 2547
1466 2440
1468 2538
1469 1637
1470 2071
1473 2238
1473 3115
1474 2876
1477 2657
1478 2876
1479 2969
1481 2564
1482 1651
1483 2859
1485 1721
1485 2220
1486 2650
1489 2206
1490 1813
1491 2863
1492 2598
1492 2686
1493 3001
1494 3034
1495 1867
1495 2445
1497 2669
1498 2834
1499 2614
1500 1533
1501 1560
1501 2388
1502 2238
1502 2754
1503 1568
1503 2848
1504 2372
1506 2407
1506 2566
1507 1580
1510 2048
1510 3029
1513 1852
1513 3119
1515 2168
1515 2775
1518 2490
1519 2272
1519 2771
1520 2276
1520 2350
1521 1809
1521 1957
1522 2442
1522 2580
1523 1528
1523 2406
1524 2124
1525 2713
1529 2485
1530 1719
1532 2343
1534 1913
1536 1711
1538 2128
1539 1877
1539 2944
1539 3051
1540 2971
1541 2718
1542 2591
1542 3115
1543 2303
1543 2664
1545 1610
1545 3069
1548 1897
1548 2077
1549 2835
1552 2158
1554 1746
1554 2818
1555 1802
1555 2481
1556 2237
1557 2756
1558 2957
1559 2466
1559 2763
1560 1760
1560 2513
1562 1740
1564 2596
1565 1981
1565 2982
1567 2093
1568 3094
1570 2275
1571 2721
1572 2518
1573 2231
1574 1767
1574 2864
1574 2997
1575 2778
1578 2188
1579 1923
1579 2010
1580 2254
1581 1874
1583 1603
1584 2751
1586 1887
1586 2293
1589 2627
1590 2485
1591 1726
1591 2707
1592 2592
1593 2940
1595 2030
1596 2467
1597 2349
1598 2818
1600 2126
1600 2177
1600 2209
1601 2881
1602 2193
1602 2866
1603 2481
1604 1831
1605 2470
1606 2193
1607 2962
1608 2254
1608 2726
1610 2032
1611 2310
1611 2485
1612 1743
1613 2774
1614 1732
1614 2424
1615 2479
1615 2882
1616 2558
1617 1710
1618 2060
1619 2900
1620 2039
1620 2801
1620 2934
1621 1951
1622 1926
1622 2510
1624 1671
1625 2941
1626 1747
1627 2250
1628 1913
1628 1978
1630 2214
1631 2663
1632 1991
1632 3049
1633 1821
1633 1959
1633 2259
1634 3005
1636 2138
1636 2799
1636 3036
1637 2206
1638 2195
1639 2904
1639 3038
1641 1738
1641 2795
1643 2921
1644 3031
1645 1921
1645 2332
1645 2422
1646 3069
1647 2699
1648 1951
1648 2683
1650 2325
1650 2744
1652 2175
1652 3083
1653 2087
1653 2764
1653 2778
1656 2687
1657 2628
1657 3078
1658 2590
1659 2094
1660 2195
1661 3044
1662 2543
1663 1873
1664 2013
1665 2355
1666 2310
1668 2237
1670 2382
1671 2188
1671 3023
1672 2693
1673 2989
1674 2396
1676 2335
1678 2783
1678 3013
1679 2908
1680 2130
1680 2140
1680 2762
1681 1715
1682 2950
1683 1866
1684 2041
1686 1885
1686 3040
1688 2413
1689 2565
1691 2031
1692 2061
1692 2706
1692 2767
1694 2786
1695 2550
1696 3016
1697 2323
1700 2215
1703 2245
1704 2441
1705 3005
1707 1895
1708 1988
1708 2930
1709 2774
1710 2421
1711 1745
1712 2782
1712 2846
1713 1756
1713 1977
1716 2320
1717 2451
1717 2805
1718 1787
1719 2475
1719 2905
1720 2355
1722 2774
1724 2192
1725 1789
1729 2086
1729 2309
1731 2750
1732 2059
1732 2857
1734 3110
1735 2843
1736 1822
1737 2291
1738 2909
1739 2753
1740 2499
1743 2268
1744 1774
1748 2453
1749 2401
1749 2746
1749 2829
1749 2885
1752 2266
1753 2265
1753 2771
1753 2817
1754 2328
1755 2555
1756 2640
1757 2417
1758 2577
1759 2002
1763 1975
1764 2245
1765 1796
1765 1968
1767 1905
1767 2264
1767 2893
1769 2940
1770 2110
1772 2141
1773 2279
1773 2954
1775 2936
1777 2347
1781 2179
1782 2548
1783 2134
1784 2352
1784 2698
1785 2287
1785 2468
1787 2812
1791 2144
1794 2706
1794 3003
1795 2230
1796 2283
1797 2475
1798 2784
1799 2374
1800 2074
1801 2220
1803 2765
1804 2484
1805 2387
1806 2147
1807 1879
1808 2309
1809 2920
1810 3086
1811 2321
1811 2514
1812 2316
1814 2419
1814 2557
1815 2056
1816 2307
1816 3090
1818 2303
1820 2288
1820 3107
1824 2165
1825 2153
1826 2003
1826 2288
1826 2458
1826 2512
1828 1979
1829 2385
1829 2402
1832 3040
1834 3114
1835 2353
1836 2572
1838 1912
1840 1965
1842 3113
1843 2112
1843 2240
1844 1846
1845 2871
1848 2257
1850 3025
1851 2030
1854 1884
1854 3077
1855 1867
1855 2899
1855 2933
1856 2624
1858 1940
1858 2040
1859 1943
1860 1864
1860 2910
1861 2572
1862 2546
1863 2615
1865 2824
1866 2813
1867 2873
1869 2934
1871 2253
1872 2248
1876 2529
1880 2106
1880 2394
1881 2893
1882 2868
1886 2285
1888 2560
1889 2298
1889 2947
1890 3079
1891 2498
1892 2628
1896 2979
1897 3091
1898 3103
1902 2011
1904 2643
1905 2322
1907 2272
1908 2584
1908 2687
1909 2152
1914 2125
1918 1942
1918 2130
1918 2930
1920 2767
1920 2770
1924 2202
1925 2688
1925 2860
1925 3026
1926 2522
1926 2528
1927 2619
1928 2479
1930 2238
1931 2725
1932 2174
1934 1980
1934 2560
1935 2752
1936 2241
1936 2891
1938 3114
1939 2445
1944 2618
1947 2417
1949 2179
1949 2541
1951 2516
1951 2950
1954 2020
1954 2129
1956 2195
1956 2219
1957 1970
1958 2308
1958 2783
1959 3044
1960 2572
1960 2892
1961 2462
1962 2773
1964 2439
1965 2806
1971 2428
1972 2368
1976 3052
1978 2527
1979 2035
1980 2570
1983 2932
1985 2867
1986 2174
1986 2344
1987 3017
1990 2738
1991 2357
1992 2030
1996 2489
1998 2954
1999 2105
2000 3026
2001 2080
2001 2528
2002 2089
2004 2199
2004 2657
2005 2149
2005 2320
2006 2010
2007 2661
2009 2951
2009 3080
2014 3096
2016 2382
2019 3007
2019 3079
2022 2698
2023 2285
2025 2671
2026 2374
2028 2626
2033 2231
2038 2603
2039 2421
2039 2598
2039 2621
2040 2845
2042 2379
2044 2384
2048 3041
2049 3019
2051 2485
2052 2902
2053 2122
2055 2628
2056 2498
2058 2225
2061 2939
2064 2424
2065 2817
2066 2879
2067 2784
2068 2493
2068 2943
2070 2216
2072 2660
2074 2330
2074 2840
2078 2892
2079 2372
2081 2196
2082 2888
2083 2409
2085 2720
2086 2551
2086 3023
2087 3072
2089 2321
2090 3015
2091 2526
2091 2907
2092 2995
2095 2700
2095 3116
2097 2381
2097 2850
2097 3085
2098 2786
2101 2113
2101 2585
2102 2811
2104 2273
2104 2969
2105 2323
2106 2111
2108 2169
2108 2919
2109 2137
2109 2414
2113 2654
2114 2446
2117 2380
2117 2583
2118 2335
2120 2196
2121 2725
2132 2158
2133 2164
2135 2373
2135 2562
2139 2675
2140 2182
2140 2210
2142 2652
2143 2167
2143 3095
2145 2856
2146 2361
2148 2273
2148 2557
2149 2641
2149 2768
2150 2354
2153 2363
2154 2628
2156 2550
2156 2711
2157 2513
2158 2397
2162 2733
2163 2450
2165 3108
2166 2759
2167 2656
2167 2663
2169 2575
2170 2338
2171 3050
2171 3098
2173 2258
2173 2440
2175 2665
2176 2842
2179 2815
2181 2622
2184 3030
2185 2836
2189 2387
2192 2446
2194 2616
2197 2814
2197 2960
2209 3120
2211 2854
2213 2982
2216 2263
2216 2852
2216 2952
2217 2517
2217 2804
2221 2465
2222 2708
2222 3029
2223 2542
2224 2319
2224 2591
2225 2603
2226 2727
2226 3097
2228 2328
2232 2400
2233 2903
2234 2621
2235 2539
2239 2910
2240 2792
2240 2945
2242 2562
2243 2262
2244 2846
2247 2658
2252 2492
2255 2955
2256 2697
2257 2989
2259 2378
2260 2648
2261 2748
2265 2504
2265 2712
2266 2363
2267 2911
2269 3022
2269 3047
2274 2301
2275 2666
2278 3117
2279 2794
2281 2314
2283 2748
2285 2986
2287 2623
2289 2625
2289 2761
2292 2429
2296 2835
2299 2471
2302 2618
2302 2766
2303 2994
2303 3058
2305 2965
2308 2996
2309 2462
2313 2813
2315 2571
2318 2973
2322 2912
2323 2728
2326 2376
2328 2673
2329 2958
2332 2923
2335 2585
2338 2829
2340 2928
2342 3077
2343 2590
2347 2728
2356 2980
2358 2444
2360 2471
2362 2644
2366 2484
2368 2541
2370 3114
2371 2957
2373 2874
2378 2425
2381 3055
2384 2451
2387 2878
2391 2694
2400 2631
2402 3053
2405 2509
2407 2849
2408 2926
2410 2728
2412 2451
2412 3012
2415 2865
2416 2823
2418 2790
2418 3068
2420 2613
2422 2577
2424 2787
2425 3057
2427 3108
2429 2738
2431 2495
2431 2703
2432 3061
2433 2556
2433 3022
2434 3015
2439 2594
2440 2832
2441 2601
2442 2924
2443 2840
2448 2977
2450 3027
2454 2534
2455 2756
2456 2868
2459 3109
2463 3108
2464 2724
2467 2899
2468 2776
2473 2494
2479 2779
2482 2767
2486 2792
2488 2638
2488 3060
2489 2917
2491 2804
2493 2853
2494 2931
2498 2592
2498 2995
2499 3010
2500 2823
2507 2981
2508 2872
2510 2772
2510 2784
2514 2630
2516 2730
2517 2831
2519 2729
2521 2928
2524 2750
2526 2999
2528 3058
2530 2553
2531 3043
2534 2898
2537 2624
2539 2720
2546 2629
2548 2640
2550 2690
2551 2620
2552 3017
2563 2771
2565 3084
2566 2837
2567 3012
2570 2871
2571 2964
2573 3058
2578 2920
2579 3102
2580 3109
2585 2951
2588 2590
2596 2694
2603 2827
2604 2797
2604 2963
2606 2621
2607 2968
2609 2847
2610 2688
2622 2927
2628 2802
2629 2807
2633 2671
2634 2811
2635 2763
2641 2790
2643 2688
2649 2881
2652 2821
2656 2935
2657 2735
2658 3060
2665 2765
2667 2722
2667 2742
2674 2873
2676 3000
2677 2810
2679 3074
2683 2828
2683 2839
2684 3042
2685 2988
2690 3089
2696 2870
2696 2973
2699 2702
2710 2805
2715 2964
2718 2789
2719 2991
2721 2754
2731 3062
2732 3088
2733 3026
2735 2980
2737 2761
2740 3081
2765 2955
2774 3119
2775 3118
2781 2907
2782 3015
2783 2882
2788 2864
2789 2819
2791 3121
2803 3069
2813 2989
2816 2989
2828 2980
2835 2944
2836 2983
2841 3026
2841 3063
2844 2962
2847 3100
2854 2996
2859 3087
2869 2894
2870 2972
2876 3123
2882 2972
2895 3006
2897 2945
2904 2952
2907 3045
2908 2924
2908 2953
2920 2937
2932 3045
2934 2943
2936 3024
2936 3073
2961 3008
2991 3122
3005 3065
3009 3103
3075 3105
3093 3109