3125
0 1653
0 2194
1 1608
1 2876
2 1701
3 1608
3 1806
3 2612
4 375
4 399
4 2212
5 2030
5 2353
6 43
6 152
6 1339
7 1526
7 2755
7 2969
8 813
8 2189
9 1032
10 361
10 371
10 500
10 520
11 183
11 1141
11 1247
12 1720
13 1521
13 1777
13 2377
14 780
14 1882
15 492
15 1371
16 91
16 2512
17 2110
18 842
18 1669
19 1774
20 102
20 2051
21 856
22 699
22 2155
23 466
23 544
24 2401
24 3086
25 787
25 1924
25 2630
26 1922
26 2587
27 3053
28 751
28 1775
29 320
29 2149
30 1138
31 68
31 1088
31 1268
32 1899
33 2958
34 372
34 610
34 757
34 1066
35 617
35 1979
36 101
36 522
36 917
36 1620
37 1254
37 1929
38 947
38 2328
39 1745
40 2668
41 1581
41 2386
41 2557
42 1750
42 2939
44 777
44 2991
45 601
45 712
46 465
46 1861
46 3017
47 223
47 861
48 63
49 302
49 665
50 861
50 1870
51 3044
52 1025
53 2111
53 2979
54 717
54 1119
55 1198
55 2694
55 2991
55 3055
56 263
56 474
56 1714
57 415
58 2693
59 164
59 1252
60 414
61 301
61 983
61 2945
61 2959
62 73
62 1349
62 1616
62 2238
62 3005
63 102
63 587
64 906
64 1490
65 2860
66 213
66 2637
67 1308
67 2407
67 2476
68 507
69 2409
69 2629
70 2700
70 3111
71 2230
72 612
72 2206
74 989
74 1123
74 2875
75 1705
75 2510
76 1460
76 2882
77 172
78 719
79 1046
80 136
80 2459
80 2964
81 2673
82 95
82 2714
83 2143
83 2543
84 2921
85 997
85 2072
85 2627
86 1974
87 1628
87 2698
88 1566
88 1886
88 1910
88 2266
89 1031
89 1139
90 1531
90 1863
91 1545
91 2082
91 2818
92 2402
92 2495
93 740
93 900
93 1341
93 1451
93 2552
94 557
94 2405
95 385
95 2868
96 359
96 476
96 1323
96 1850
96 3032
97 566
98 924
99 1094
99 1162
100 703
100 1553
100 2318
102 2824
103 1693
104 776
105 1232
105 1352
105 1755
106 666
106 2134
106 2710
107 1003
108 194
108 1666
108 1900
108 2462
109 1042
110 211
110 1255
110 2946
111 1783
112 338
112 573
112 1644
113 519
114 2272
114 2855
115 553
115 1076
115 2935
116 489
116 1690
117 1357
117 1934
118 1522
119 190
119 1562
120 1931
121 1350
122 1294
123 629
123 1350
124 1167
124 1263
124 1956
124 2230
125 439
125 637
126 223
126 1909
127 2481
128 2391
129 1297
130 1802
130 2309
131 2580
132 1824
132 2462
133 2174
133 2289
133 2539
134 796
134 2549
135 789
136 2639
137 2305
138 1575
139 585
139 742
139 1551
140 429
140 1409
140 2143
141 1462
141 2032
142 1428
142 2397
143 493
143 661
144 1220
145 436
145 1458
146 1007
146 1048
146 1090
146 1392
146 2472
146 2532
147 580
147 979
148 854
149 283
150 1299
151 2072
151 2858
152 1774
153 882
153 1952
154 1326
154 2956
155 445
155 1204
155 1836
156 1636
156 2126
157 430
157 2773
158 1330
158 1792
159 257
159 1992
159 2996
160 247
161 800
161 2452
162 950
163 796
164 844
165 440
165 790
165 2253
166 613
166 1789
166 2733
167 312
167 1528
168 185
168 705
168 1087
168 1603
169 1940
169 2095
170 728
171 985
172 1086
173 3016
174 2829
175 1424
176 295
176 324
176 3088
177 280
177 1387
177 1442
177 1642
177 1916
178 407
178 1050
178 1334
178 1441
178 1525
178 3062
179 1498
179 1710
179 1831
179 2056
180 313
180 818
180 1332
181 2011
181 2089
182 1505
184 1064
184 1562
185 2233
186 1150
186 2137
187 623
187 789
187 1308
188 865
188 1678
189 245
189 467
189 802
189 1684
189 1881
191 451
191 3113
192 2602
193 1181
193 2643
194 337
194 1520
194 2004
194 2685
195 829
195 2902
196 1725
196 1991
197 731
197 1147
198 1915
199 1846
199 2104
199 2665
200 522
201 956
202 2065
203 2656
203 2926
204 2745
205 1901
205 2832
205 3056
206 825
206 2709
207 1259
207 1365
208 1211
209 2391
210 2100
210 2102
210 2491
211 224
211 315
211 2043
211 2878
212 632
212 1307
213 919
213 1081
213 2139
214 467
215 756
215 2316
215 2748
216 956
216 1539
216 1741
217 927
217 1778
217 1863
218 906
218 1105
219 1184
219 2625
219 2714
219 2737
220 1648
221 1518
221 2424
221 2604
222 2409
224 384
224 2351
225 3079
226 278
226 1541
227 1116
228 266
228 572
229 1127
230 1255
230 1577
230 2261
231 2662
232 402
232 2160
233 1762
233 3059
234 2301
235 2438
236 381
237 1797
237 2695
238 1510
239 866
240 2125
241 2841
242 1077
242 1995
243 692
243 1449
243 1535
244 2337
245 2284
246 717
246 2404
247 1549
247 3045
248 2629
249 1255
250 1181
250 2999
251 1357
251 1697
252 2235
253 335
253 2111
254 2668
255 728
255 1325
256 1210
256 1702
256 2146
257 954
257 1237
257 1405
257 2975
258 1529
259 2330
259 2776
260 1260
260 2689
261 1882
262 318
262 1270
263 1786
264 1376
264 2172
265 957
265 2458
265 2669
266 893
267 296
267 1053
268 2299
268 2692
269 1295
270 570
271 1656
272 1422
272 3011
273 1534
274 1779
274 3025
275 915
275 2164
275 2984
276 2692
277 1897
279 1815
279 2743
280 566
281 542
281 2224
282 2052
283 1304
284 1220
284 2755
285 2187
285 2501
285 3040
286 2150
287 620
287 1060
287 1257
288 932
288 1896
288 2736
289 476
289 1056
290 396
290 1536
290 2880
291 328
291 1516
292 600
292 697
292 1498
293 2429
294 1507
294 1927
294 2584
295 1217
295 1867
295 2082
296 802
297 2440
297 2559
298 1913
299 856
299 3017
299 3038
300 2681
301 3107
302 1100
303 994
303 2773
304 591
304 1116
304 1640
305 1246
305 2740
306 460
306 1570
306 2679
307 1244
308 762
308 962
309 1074
309 1953
310 326
311 530
311 1478
312 860
312 2098
313 682
313 1661
313 1893
314 2946
315 1075
315 2614
316 1755
317 525
317 3035
318 1414
319 1970
319 2719
319 2803
320 1319
320 1382
321 1118
321 2681
322 989
323 1573
323 1624
325 1617
326 438
326 1299
327 2555
328 502
328 737
328 1614
329 635
329 1042
330 1583
330 2142
330 2492
331 700
331 2581
331 2872
332 1874
332 2282
333 1124
334 854
334 1758
334 2536
334 2768
335 569
336 2083
336 2634
337 1088
338 1472
338 1785
338 2590
339 1617
340 529
340 2506
341 2325
341 2676
341 2823
342 1158
343 1283
344 1742
344 2965
345 2294
346 2193
347 584
347 2623
348 355
349 1180
349 1664
349 2489
349 2722
350 1419
350 1507
350 2091
351 769
351 1082
351 1408
351 2649
352 903
353 2329
353 2623
354 512
355 669
355 1163
355 1294
356 659
357 791
357 1473
358 2590
358 2913
360 1836
361 2258
361 2973
362 779
362 1968
363 2049
363 2302
364 1680
364 2305
364 2357
365 452
366 3039
366 3084
367 570
367 1011
368 2658
369 1102
370 1186
371 2879
372 380
372 1731
372 2010
372 2449
372 2578
373 2003
374 2181
375 3060
376 1715
376 2171
376 2446
377 927
378 440
378 3117
379 1626
380 2727
380 2796
381 1966
382 683
382 750
383 2207
385 2399
386 2360
386 2551
387 1471
387 1706
388 452
388 1836
389 1343
390 2503
391 697
392 1265
392 2312
393 467
394 806
394 2822
395 2723
397 664
398 1720
398 2342
400 416
400 1623
401 2373
402 1276
403 1001
403 1838
404 1494
404 1584
405 1014
405 1974
406 955
406 1232
406 2640
407 2192
408 2965
409 799
410 2107
410 2772
411 3084
412 926
412 2850
413 1923
413 2130
414 1551
415 1164
416 2998
416 3114
417 2647
417 3065
418 941
418 2663
418 2947
419 1412
420 2191
421 2674
421 3018
422 498
423 1259
423 1671
423 1862
424 2416
425 1942
425 3069
425 3123
426 984
427 2201
427 2288
428 1154
428 2708
428 2740
429 470
429 3086
430 1448
431 760
431 2911
432 510
432 2136
433 1652
434 1086
434 2683
435 952
435 1183
436 528
437 684
437 1528
437 2235
438 471
438 2721
440 1421
441 1310
441 2336
442 550
442 1440
443 1825
444 1387
445 2217
446 1414
447 1191
447 1222
448 2856
448 3075
449 724
450 1427
450 2457
451 2418
453 1618
454 1818
454 2391
455 1127
456 2172
457 1231
457 2027
458 2994
459 1373
459 2066
460 602
460 1699
461 677
461 2852
462 1003
462 1093
462 1889
463 2357
463 2763
464 1143
465 2949
466 2234
467 2914
468 1292
469 884
470 1194
471 2853
472 1845
472 1950
472 2958
473 2120
474 1790
474 1897
475 1157
477 2624
477 3021
478 2035
479 753
479 1707
479 1783
480 1362
481 538
481 2711
482 756
482 2521
483 668
484 494
484 591
484 2738
485 2957
486 1259
487 816
487 2558
488 1233
489 1976
490 967
490 1009
491 524
492 681
493 761
493 2966
495 2635
495 2732
496 860
497 1587
497 2515
497 2774
498 523
498 1503
498 2310
499 926
499 1667
500 1255
500 2392
500 2977
501 998
501 1730
501 2988
502 2299
503 1436
503 1464
503 2598
503 2873
504 1863
505 949
505 1232
505 2337
506 585
507 901
507 1151
507 1282
507 2488
508 874
508 1128
509 1622
509 1903
510 2185
511 881
512 774
512 2163
513 915
513 1113
513 1593
513 2616
514 1168
514 2723
515 2923
516 1055
516 1601
516 2988
517 914
517 1340
517 1559
518 1808
519 1821
519 2403
519 2823
521 1046
521 1343
521 2967
522 2936
523 1150
524 871
524 2018
525 818
526 1690
527 598
528 1738
528 2131
529 1938
530 895
531 940
531 1705
532 2266
533 3087
534 2911
535 2032
536 946
537 2082
537 2292
537 3068
538 1542
539 836
540 1908
541 1096
541 2841
542 1164
543 1948
544 1029
544 1841
545 2215
545 2309
546 1033
546 2560
546 2734
547 1593
548 1270
548 3093
549 2085
550 1316
550 1430
551 2634
551 2722
552 1488
552 2245
554 773
555 2989
556 1756
557 1258
557 2813
558 1309
558 2879
559 1823
560 2144
561 1591
561 2264
562 918
562 1054
562 1476
563 1608
564 673
564 873
564 2941
565 2280
566 3064
567 1360
568 1060
569 3063
570 2040
571 1012
572 722
573 2805
574 1118
574 2301
575 1878
575 2525
576 1741
576 2171
577 598
577 894
577 1462
577 2985
578 1361
578 2250
578 2659
579 595
581 1348
581 1560
582 2412
583 2238
583 3034
585 1754
585 2756
586 656
586 2160
587 1125
587 1201
587 1846
588 619
588 1261
588 1447
589 615
589 2128
590 1155
591 2957
592 1722
593 2877
594 2571
595 1733
595 1848
596 2423
596 2693
597 2649
598 2236
599 678
599 2489
599 2558
600 657
600 853
602 2064
603 982
603 2799
604 1264
604 2149
605 1061
605 1758
605 2682
606 946
606 1363
606 2412
607 1735
607 2246
608 1283
609 2820
611 963
611 2819
612 1125
612 2307
613 648
613 986
613 1753
614 1381
614 2657
615 2242
615 3014
616 2247
617 1160
618 1164
618 1919
618 2118
620 2678
620 2767
621 1494
622 1643
622 1783
622 2599
624 1692
624 3054
625 1561
625 1647
625 2617
626 939
626 1726
626 2438
627 1746
628 976
628 1270
629 3066
630 1080
631 1115
631 1416
631 1460
631 1631
632 1919
632 2453
633 2421
633 2782
634 2977
636 1134
636 1349
637 1568
637 1943
637 2213
638 2353
639 2961
640 1877
640 2044
641 3123
642 800
642 1677
642 2687
642 3025
642 3120
643 1240
644 1611
644 1885
645 1337
645 2140
645 2892
646 1323
647 2476
648 1080
649 1328
650 769
650 1902
651 1215
652 2906
653 2864
653 3021
654 2698
654 2986
655 1705
658 1343
658 1724
659 1226
660 3021
661 2529
661 2586
661 2701
661 2940
662 2854
663 1462
663 3053
663 3081
664 1026
665 1844
666 3002
667 1256
668 1405
668 2423
668 2685
670 1673
671 2309
672 1124
672 1737
672 2232
674 878
674 1362
674 2335
675 826
676 1662
676 2927
677 1701
677 2176
679 2697
680 1357
681 2205
681 2771
682 1617
683 2007
684 2551
685 710
685 2103
685 2396
686 2368
686 2444
686 2819
687 2700
687 2795
688 2914
689 2437
689 2849
690 1289
690 2315
691 2732
692 2966
693 2331
694 1700
694 3115
695 743
695 2717
695 2916
696 1553
696 2895
696 3033
697 2626
698 789
699 2420
700 1763
701 846
701 2351
702 1367
702 2262
703 1328
704 2494
706 813
706 1119
706 2463
707 1411
707 1658
708 1335
708 2012
708 2838
709 1813
710 2544
710 2791
711 2254
711 2427
711 2619
712 1829
712 2158
713 1923
713 2164
714 782
714 1987
715 2427
716 2777
718 970
719 1176
719 1760
720 1329
720 2578
721 1815
722 1395
722 2055
722 2065
723 2427
724 1378
724 1632
725 1680
726 1582
726 2244
727 985
728 2002
728 3042
729 1808
729 2083
730 863
731 1084
731 2912
732 1011
733 2126
734 834
734 1772
734 3013
735 1609
736 2925
738 1843
738 2165
738 2413
739 1405
741 880
743 1186
743 2704
744 3069
745 924
745 2467
746 1004
746 2221
746 2875
747 1165
747 1889
748 1870
748 2193
749 1547
749 2555
749 2656
750 1819
750 1822
750 2200
751 825
751 1884
752 1505
752 2030
753 784
754 1613
754 2466
755 1958
755 2210
755 2644
757 1072
757 1767
757 2332
758 2039
758 2542
758 2962
758 3095
759 1397
760 864
760 2617
760 3012
763 1761
764 3001
765 1266
765 2882
766 925
766 1860
767 2719
768 1350
770 2408
770 2566
770 3001
771 946
771 2920
772 1394
773 1026
773 2416
775 1629
775 1863
775 1931
776 1006
777 1336
777 1443
778 2031
778 2109
779 1207
780 945
781 2061
782 1914
782 2025
783 878
785 876
785 1120
786 1596
786 2322
787 2992
788 3102
789 2355
790 1510
790 2795
790 2800
790 2858
791 1524
792 1921
792 2136
793 2047
794 2087
795 1305
795 2525
797 2567
798 1101
798 2317
798 2497
799 1031
799 1065
799 1709
799 2939
799 3079
801 933
801 1912
802 952
802 1761
802 2067
802 2441
802 2893
803 2898
804 2546
805 2384
806 1823
806 2506
807 879
808 1091
808 1221
808 2830
809 1874
810 2678
811 2002
811 2123
811 2857
812 943
813 1342
814 969
814 1573
815 2387
815 2502
816 2425
816 3114
817 3001
818 1876
818 1993
818 2537
819 859
819 2817
819 2963
820 2668
821 2204
821 2223
821 2436
822 832
822 2967
823 965
823 2207
824 988
826 992
826 2475
827 984
827 1719
827 2850
828 1487
828 2278
828 2490
829 1111
829 2719
830 1235
831 1401
832 907
832 1533
833 1059
833 3091
835 1559
836 1630
836 1773
836 1945
837 1006
838 2021
839 873
840 2087
840 2574
841 2911
842 2191
842 2214
843 1018
845 2261
845 2994
847 2195
848 1426
849 958
850 1806
851 1255
852 883
852 930
852 1292
852 1401
852 2754
853 1153
855 2797
855 2812
856 2709
857 2000
858 1376
858 1909
859 1648
860 3020
861 2040
861 2561
862 1982
862 2995
863 2608
863 3058
865 1580
866 2752
866 3057
867 3050
868 1036
868 1236
868 2226
869 1794
870 1876
871 2092
871 2534
872 1719
872 1972
872 2041
875 2476
876 2148
877 1452
877 2777
878 991
879 1988
880 3048
881 1878
881 2120
883 2582
884 1515
884 2853
885 1317
886 2334
887 2900
888 3078
889 1558
889 2651
890 1130
890 1941
891 2478
892 1175
893 1887
894 1883
895 2380
896 1269
896 1693
897 1214
897 1241
897 1944
898 1089
898 1550
899 2224
900 2901
901 1951
902 2307
903 2244
904 1175
904 1801
905 1815
906 1475
906 2017
907 2533
908 1303
909 1873
910 2614
911 2851
912 1201
913 2261
915 942
915 1158
915 1874
916 1318
917 1346
917 2807
920 2607
920 3057
921 1503
922 1484
922 2051
922 2198
923 3037
924 1453
924 2381
925 1831
928 1235
928 2684
929 1480
929 2788
931 983
933 2417
934 2201
934 2303
934 2798
935 2359
936 1973
936 2077
937 1913
937 2139
938 1272
938 2259
941 2050
941 2151
941 2999
942 1425
942 2000
943 2522
943 3100
944 1014
944 1465
945 1444
945 1842
946 2797
947 1068
948 2078
950 2325
951 1431
951 1848
953 1288
954 1936
954 2620
955 2639
956 1482
957 1000
957 1419
957 3096
958 2405
958 2812
959 2047
959 2580
960 1655
960 2524
961 1602
961 2620
962 2521
963 1719
964 1026
964 1720
965 1025
966 1026
967 2568
968 2608
968 2788
969 2709
970 1509
970 2699
970 2870
971 2188
972 1140
972 1213
973 2256
974 1600
974 1722
974 3110
975 1305
975 2524
975 2982
976 2815
977 1295
977 2092
977 3018
978 1889
979 1231
979 1298
979 1594
980 2312
980 2572
980 2847
981 1288
982 1688
983 2159
984 1422
985 2429
986 1762
987 1006
988 2190
988 2297
988 2571
988 2781
989 1300
990 992
993 1563
993 3091
995 3038
996 1311
997 1318
997 1406
998 2331
999 2756
1000 2343
1000 3075
1001 1628
1002 1994
1002 2348
1003 2568
1004 1479
1005 1715
1006 2024
1006 2333
1007 2495
1008 3024
1010 2400
1011 2069
1012 1627
1012 2147
1013 1821
1013 2455
1014 1388
1015 1693
1016 2844
1017 1114
1017 2395
1018 1673
1018 1847
1018 2498
1019 1532
1019 1536
1020 1172
1020 1705
1020 2354
1021 1687
1021 1749
1021 2211
1021 2637
1022 1992
1023 1356
1024 2192
1025 1137
1025 1716
1025 1798
1026 2125
1027 1672
1027 1802
1028 1527
1028 2188
1028 2344
1028 2753
1030 1331
1030 1550
1030 2233
1030 2595
1030 2670
1032 1301
1032 1483
1032 2231
1033 1530
1033 2496
1034 1116
1035 2005
1035 2872
1037 2303
1038 1608
1038 1795
1038 2805
1039 1512
1040 2938
1041 1801
1041 2064
1041 2455
1042 2723
1043 1776
1043 2202
1044 2079
1044 2997
1045 1253
1045 1966
1045 2228
1047 1807
1047 1914
1047 2252
1047 2552
1048 1453
1049 1205
1049 2431
1050 2688
1051 1256
1051 1950
1051 2950
1052 1475
1053 2965
1054 2073
1055 2667
1057 2260
1057 2454
1058 2238
1059 1343
1060 2101
1060 2602
1061 2592
1062 2845
1062 2913
1063 2011
1063 2764
1064 1123
1067 2965
1068 3094
1069 2104
1070 1480
1071 1143
1071 2110
1073 2190
1074 1138
1076 2237
1078 1135
1078 2294
1078 2825
1079 1993
1081 1739
1081 1751
1082 2960
1083 1132
1083 2106
1084 2644
1085 2867
1086 1981
1086 2350
1087 1156
1091 3080
1092 1356
1092 2150
1093 2691
1095 1723
1095 2049
1096 1150
1096 3066
1097 1306
1097 2449
1098 3020
1099 1153
1101 2976
1102 2120
1102 2569
1103 2887
1104 2917
1106 2999
1107 2654
1108 2575
1108 2846
1109 1355
1109 2019
1109 2352
1110 1613
1110 1727
1110 3094
1112 2695
1113 1668
1114 2525
1115 1486
1116 2814
1117 2050
1118 1659
1120 1245
1121 1682
1121 2551
1121 2790
1122 1443
1122 2290
1122 2823
1124 1902
1124 2054
1124 2840
1126 1190
1126 1955
1127 2582
1128 1742
1129 1238
1129 1730
1131 2593
1132 2217
1132 2396
1132 2883
1132 3101
1133 2048
1133 2177
1133 2885
1134 1370
1135 2875
1136 1368
1136 1608
1137 2055
1137 2632
1139 2029
1140 2195
1141 1162
1142 1528
1142 2890
1144 2648
1145 1585
1146 1245
1146 2274
1147 1762
1147 2270
1148 3024
1149 1967
1149 2469
1149 2511
1149 3064
1149 3104
1150 1677
1152 1773
1154 1687
1154 2713
1155 3036
1156 1615
1157 2217
1159 2045
1159 2283
1159 2957
1160 1314
1161 2444
1162 3077
1163 1183
1165 2930
1166 2668
1167 2249
1167 2461
1167 2984
1168 1711
1169 2026
1169 3052
1170 1539
1170 1962
1170 2954
1171 2671
1172 1358
1172 2538
1173 1203
1174 3034
1175 2934
1176 1444
1177 2979
1178 1236
1178 1479
1179 1826
1182 2556
1182 2854
1183 1575
1184 1371
1184 3099
1185 2316
1185 2362
1186 2433
1187 2713
1188 1427
1189 1802
1190 2375
1192 2866
1193 1438
1193 2043
1194 1213
1194 2419
1195 1514
1195 2942
1195 3123
1196 2168
1197 1544
1197 1885
1198 1683
1199 1728
1199 2300
1200 2304
1200 2992
1201 2616
1202 1398
1202 2208
1203 2539
1203 2770
1203 3023
1204 1368
1205 1261
1206 1915
1206 2285
1207 1402
1208 2244
1208 2530
1208 2576
1209 2875
1210 1461
1211 1670
1211 2557
1212 1248
1212 1874
1212 2668
1215 2871
1216 1417
1216 2075
1216 2150
1218 1940
1218 2557
1218 2829
1219 1368
1221 2900
1222 2393
1222 2749
1223 2585
1224 2918
1225 2338
1225 2339
1226 3092
1226 3118
1227 2263
1228 2225
1228 2361
1229 2990
1230 1743
1230 2340
1233 2863
1234 2129
1234 3041
1239 1586
1239 2470
1240 2641
1240 2999
1241 3049
1242 1694
1243 2258
1243 2904
1244 1317
1245 1638
1246 3112
1249 2535
1250 2535
1251 2628
1252 2658
1254 2531
1258 1880
1258 2505
1260 2283
1262 1318
1262 1648
1263 1512
1264 1272
1264 2884
1267 1684
1267 2182
1267 2260
1269 1517
1269 2263
1270 2780
1270 2924
1271 1296
1273 1910
1274 3075
1275 2068
1275 2841
1277 2543
1278 1567
1279 2718
1280 2511
1281 1973
1281 2168
1282 2256
1282 2382
1283 2163
1283 2600
1284 1313
1284 2866
1285 1913
1286 1440
1286 1542
1287 1946
1288 2153
1289 2739
1290 2372
1290 2751
1291 1673
1292 1324
1292 1671
1293 2765
1295 2394
1295 2490
1296 2823
1297 1572
1297 2095
1299 1314
1299 2570
1300 1740
1301 1338
1301 2960
1302 2030
1302 2222
1302 2503
1302 2976
1303 1612
1304 1423
1304 1548
1304 2169
1304 2540
1307 1633
1307 2846
1308 1614
1310 1838
1310 1945
1311 2829
1312 2260
1314 2450
1314 2931
1315 1392
1315 2266
1317 1683
1320 2388
1320 2868
1321 1365
1321 1663
1322 3007
1324 1871
1324 1906
1325 2909
1325 3089
1326 2999
1327 1329
1328 1490
1331 1580
1331 2800
1332 2816
1333 1415
1333 2454
1333 2705
1333 2889
1333 2972
1334 2010
1336 1732
1337 2015
1337 2054
1338 2867
1338 2938
1339 2157
1339 3014
1340 1764
1340 1851
1341 1552
1342 1523
1343 2089
1344 1584
1345 1428
1345 1455
1345 1558
1345 2358
1346 1538
1347 2305
1348 1850
1351 1665
1351 2483
1353 2210
1354 2108
1354 3045
1357 1675
1359 2061
1359 2096
1360 1770
1360 1788
1360 1898
1361 1535
1363 1747
1364 2068
1364 2586
1365 1672
1365 2509
1366 2588
1368 2929
1369 2211
1370 1833
1372 2169
1374 2819
1375 2293
1376 2736
1377 1692
1377 1749
1377 2887
1378 1399
1378 1677
1379 2158
1380 1531
1380 2837
1381 1431
1382 2928
1383 2250
1384 2473
1384 3116
1385 1859
1385 2486
1386 1809
1386 2990
1387 2262
1388 1694
1388 2267
1389 2287
1390 2933
1391 2537
1393 2391
1394 1766
1394 1843
1394 2908
1396 2197
1396 2766
1397 2588
1397 2974
1400 3113
1403 2510
1404 1670
1404 1762
1406 2033
1407 2251
1407 2779
1410 2144
1410 2679
1411 2298
1412 1798
1413 3123
1415 1516
1418 1943
1420 2307
1421 2197
1424 2352
1425 2518
1426 1888
1426 2149
1427 3040
1429 2641
1431 2816
1432 1654
1432 1894
1432 2108
1433 1546
1433 2565
1433 2761
1434 1568
1435 1743
1437 2054
1437 2066
1439 1601
1440 1559
1440 2281
1440 2361
1441 1957
1441 2588
1442 2506
1443 2573
1445 1630
1446 3037
1447 1969
1447 2006
1447 3085
1448 2393
1448 2408
1448 2860
1448 3105
1450 2616
1452 1906
1454 1534
1456 2988
1457 2134
1458 2429
1459 3022
1460 1500
1461 1847
1463 2913
1465 2055
1465 2868
1466 2204
1467 1665
1467 2943
1468 2134
1469 1562
1469 2311
1470 1941
1470 2363
1471 1548
1473 2554
1474 2716
1475 2695
1476 1904
1477 1836
1479 1619
1480 1565
1480 2072
1481 2642
1481 2842
1484 3109
1485 2165
1488 1800
1489 2418
1491 1920
1491 2976
1492 1949
1492 2906
1493 2745
1493 2752
1495 2341
1495 2955
1496 2338
1497 1502
1499 1508
1499 2905
1500 1780
1500 1805
1501 1980
1501 3116
1502 2866
1503 2699
1504 2319
1504 2924
1505 2673
1506 2671
1506 3046
1507 2471
1508 2535
1508 2827
1508 2836
1509 2965
1510 2153
1511 2373
1511 2690
1512 1600
1512 2331
1512 2652
1513 1781
1514 1605
1515 2509
1515 2821
1515 3083
1517 1899
1517 2713
1517 3098
1519 1718
1519 2034
1519 3009
1522 1965
1522 2386
1523 2730
1524 1981
1525 2944
1526 2120
1527 2130
1528 1969
1529 2533
1529 2660
1530 1656
1531 2429
1532 2180
1534 2181
1534 2524
1535 2028
1536 2111
1536 2145
1537 2420
1537 2448
1538 1557
1539 2869
1540 1927
1541 1977
1542 2500
1543 2319
1545 2415
1547 2053
1547 2300
1548 2522
1548 2701
1551 1651
1552 2276
1554 1822
1554 1964
1554 2320
1554 2621
1555 1575
1556 1633
1560 1999
1562 1613
1564 2456
1567 2291
1569 2041
1569 2254
1569 2978
1571 1788
1571 1864
1571 1970
1572 2866
1574 3001
1576 3094
1577 2715
1578 1711
1578 1932
1579 1991
1579 2650
1579 2853
1581 1583
1581 1908
1581 2334
1584 2067
1585 2366
1585 2855
1585 3097
1586 2383
1586 2457
1588 2229
1588 2845
1589 2057
1589 2279
1589 2703
1590 1721
1590 2854
1591 1660
1592 1921
1593 1879
1595 1752
1595 1866
1596 1774
1597 1974
1598 1737
1598 2723
1599 1810
1599 2243
1599 3118
1600 1873
1600 2362
1601 1995
1601 2658
1602 2161
1604 2234
1606 2747
1607 3017
1609 1660
1609 2962
1610 1795
1611 2911
1612 2986
1613 2935
1614 2080
1616 2439
1616 2729
1618 2890
1620 2065
1620 2170
1621 2132
1621 2747
1622 2370
1622 2513
1625 2507
1626 2198
1629 2597
1629 2614
1629 3026
1631 1755
1633 1855
1633 1938
1634 1707
1635 1993
1636 2903
1637 2726
1638 2906
1639 1657
1639 2077
1640 1832
1641 2077
1642 1793
1642 1827
1645 2419
1646 1853
1647 2178
1647 3082
1648 2507
1649 2211
1650 1717
1650 1916
1651 2620
1652 1880
1653 2341
1653 2932
1654 2936
1655 1832
1655 2316
1656 1998
1656 2876
1658 1828
1661 3046
1663 2008
1663 2635
1665 1790
1667 2508
1669 2443
1671 1928
1674 2801
1674 2808
1674 2968
1676 2622
1678 2327
1678 2367
1679 1944
1679 2822
1681 3060
1684 2408
1685 1731
1686 3049
1688 2168
1689 2553
1691 2387
1694 2834
1695 1852
1696 3012
1697 2374
1698 2807
1700 2948
1701 2263
1703 2148
1704 2044
1706 2093
1707 2104
1708 2005
1708 2223
1708 2364
1711 1736
1712 2451
1713 2561
1717 2411
1718 2284
1718 2848
1721 2132
1722 3030
1723 2595
1723 2664
1726 2363
1726 2712
1727 2579
1729 2062
1731 2184
1732 2305
1734 1835
1734 2227
1736 2187
1738 2502
1739 1912
1740 2676
1743 1781
1744 2051
1745 2184
1745 2485
1745 2618
1746 2199
1746 2591
1746 3048
1748 2186
1750 2272
1750 2724
1751 2690
1752 2055
1756 3123
1757 2622
1758 1975
1758 2345
1758 2789
1759 3085
1760 1922
1760 2201
1763 2785
1765 2675
1768 2099
1768 2671
1769 2289
1771 2798
1772 2836
1773 2001
1774 2124
1775 2352
1776 2396
1776 2559
1777 2706
1780 2490
1781 2333
1781 2654
1782 2626
1782 2806
1784 1834
1784 2155
1785 2925
1786 2591
1787 1799
1787 2648
1789 2609
1790 1873
1790 2163
1791 2802
1792 2664
1793 1954
1794 2110
1794 2920
1796 2497
1797 1959
1797 2186
1799 3026
1801 1842
1801 1858
1801 1978
1803 2642
1804 2699
1805 2532
1809 2716
1810 1877
1810 2471
1811 1907
1812 2636
1812 3119
1813 2450
1814 1840
1816 2988
1817 2271
1817 2389
1818 1854
1820 2533
1820 2871
1824 2371
1825 1865
1826 2406
1830 2019
1834 2745
1835 3028
1836 2424
1837 2789
1838 2484
1838 2679
1838 3029
1839 2100
1840 2247
1840 2583
1840 2971
1842 2147
1844 2208
1845 2282
1847 1850
1847 2062
1849 3025
1850 2556
1852 2645
1853 2286
1856 2241
1857 2828
1857 3110
1857 3124
1861 3108
1862 2426
1865 2677
1865 2714
1868 2339
1869 2003
1869 2575
1872 2002
1872 2234
1873 2762
1874 2084
1874 2295
1875 3108
1878 1965
1880 3084
1882 1948
1887 2361
1889 2466
1890 2229
1890 2636
1891 2229
1891 2418
1892 1989
1892 2514
1894 2009
1894 2016
1894 2983
1895 1975
1898 2023
1898 2593
1899 2038
1899 3042
1901 2081
1901 2952
1902 1965
1905 2019
1906 2374
1907 2616
1909 2184
1911 2492
1911 2554
1912 2109
1914 2114
1917 2435
1918 2330
1918 2718
1920 2216
1920 2428
1921 2276
1924 2414
1924 2595
1925 2186
1926 2635
1929 2844
1930 2347
1933 2105
1933 2702
1935 2981
1936 2166
1936 2456
1937 2314
1937 2806
1938 2247
1939 2804
1939 3019
1942 3102
1943 3042
1946 2558
1947 2693
1948 2203
1949 2661
1952 2283
1953 2809
1953 2936
1954 2757
1957 2052
1957 2269
1960 2758
1961 2840
1962 2926
1963 2264
1964 2003
1968 1984
1970 2845
1970 2941
1971 2086
1971 2663
1972 1990
1973 2585
1973 2961
1976 2059
1976 2097
1976 2450
1977 2149
1983 2713
1984 2013
1984 2022
1985 2010
1986 2474
1986 2830
1987 2642
1988 2442
1988 3003
1989 1992
1992 2068
1993 2468
1994 2477
1994 2624
1995 2550
1996 2654
1997 2093
2000 2493
2003 2400
2004 2219
2004 2504
2008 2730
2008 2833
2011 2869
2012 2892
2013 2256
2014 2293
2016 2847
2017 2228
2019 2075
2020 2436
2021 2799
2021 3034
2026 2881
2027 2412
2028 2535
2028 2793
2030 2953
2030 3057
2033 2781
2035 2859
2036 2340
2036 2996
2037 2896
2040 2349
2042 2056
2042 2877
2044 2239
2046 2245
2046 2659
2055 2565
2055 2888
2055 2994
2056 3044
2058 2413
2060 2412
2061 2204
2063 2911
2065 2886
2070 3067
2071 2537
2072 2531
2073 2759
2074 2218
2075 2697
2076 2598
2078 2990
2078 3038
2080 2783
2083 2280
2083 3122
2085 2193
2088 2840
2090 2458
2094 2373
2095 2735
2096 2523
2098 2574
2100 3001
2104 2794
2105 2545
2105 2951
2106 2917
2110 2359
2112 3018
2113 2621
2114 2719
2115 2294
2115 2419
2116 3083
2117 2767
2119 2604
2121 2399
2122 2561
2122 3074
2122 3090
2124 2505
2124 2989
2125 2391
2126 2346
2126 2347
2127 2983
2129 2564
2129 2808
2130 2663
2131 3031
2132 2580
2133 2865
2133 3036
2134 2243
2135 2282
2136 2707
2137 2478
2137 2775
2138 2742
2138 3022
2141 2314
2143 3012
2144 2510
2151 2647
2151 2924
2152 2353
2153 2520
2154 2596
2154 2679
2154 2779
2155 2252
2156 2752
2157 3111
2158 2397
2160 2937
2161 2465
2161 2998
2161 3077
2162 2573
2165 2561
2167 2588
2173 2603
2173 2655
2173 2800
2174 2792
2175 2807
2176 2526
2177 3039
2179 2295
2179 3116
2180 3089
2183 2716
2191 2610
2196 2531
2201 2831
2206 2356
2206 2900
2207 2743
2207 2897
2208 2845
2209 2586
2210 2997
2212 2541
2213 2598
2214 3044
2216 2411
2217 2486
2217 3008
2218 2627
2219 2910
2220 2272
2225 2375
2226 2494
2227 2346
2227 2389
2228 2874
2231 2341
2235 2376
2235 2462
2239 2955
2240 2625
2241 2499
2241 3081
2242 2684
2244 2933
2246 2257
2246 2950
2248 3004
2250 3047
2251 2786
2255 2369
2265 2327
2266 2725
2267 2268
2267 2916
2267 2980
2271 2650
2273 2703
2274 2516
2274 3037
2275 2896
2277 2376
2278 2282
2280 2390
2282 3006
2285 2985
2286 2612
2286 3033
2287 2329
2291 3095
2293 3037
2296 2380
2296 2727
2298 2444
2298 2922
2299 2445
2299 2896
2304 2894
2306 2691
2307 3007
2308 2943
2310 2385
2312 3061
2313 2354
2313 2611
2315 2515
2318 2406
2319 2548
2321 2364
2321 2802
2321 3060
2323 2686
2324 3043
2326 2405
2328 2772
2329 2363
2330 2466
2331 2528
2335 2466
2337 2553
2339 2713
2339 2874
2342 2951
2344 2769
2345 2358
2347 2419
2348 2416
2357 2379
2358 2516
2361 2622
2364 2735
2365 2399
2365 2959
2366 3024
2369 3051
2372 3073
2374 3064
2377 3016
2378 2731
2378 2913
2381 2820
2384 2966
2384 3023
2386 2605
2388 2653
2390 2899
2395 2670
2395 2811
2397 2962
2398 2854
2410 2667
2421 2644
2422 2784
2425 2439
2425 2580
2429 2675
2430 2872
2432 2612
2434 3121
2435 3059
2436 2937
2437 2981
2439 2898
2446 2720
2447 2545
2447 2574
2447 2631
2451 2950
2460 2568
2464 2940
2467 2948
2475 2561
2475 2933
2479 2538
2480 2792
2481 3010
2482 2743
2487 2681
2497 2985
2502 2801
2505 2563
2508 2858
2508 3076
2512 2666
2513 2991
2516 2546
2517 3054
2519 2979
2524 3010
2524 3072
2527 2777
2530 3011
2536 2666
2542 3018
2543 2970
2547 2562
2549 2916
2549 2981
2551 3022
2554 3103
2555 2773
2559 3087
2562 2973
2566 2612
2566 2672
2567 3022
2569 2646
2577 3054
2587 3097
2589 3124
2594 2848
2601 2744
2606 2613
2613 3008
2615 2912
2618 3121
2620 3043
2621 2784
2624 2726
2625 2923
2626 2758
2626 2915
2628 2848
2628 2987
2629 2736
2632 3003
2633 2797
2634 3019
2635 3078
2637 3067
2638 2748
2645 2870
2648 3036
2649 2681
2662 2957
2670 2741
2671 2952
2678 3097
2680 2893
2680 2907
2686 2701
2688 3027
2692 2891
2696 2848
2703 2909
2706 2763
2706 3073
2708 2942
2710 3004
2711 2861
2712 2976
2716 2985
2723 2778
2728 3041
2735 2826
2744 3005
2746 2822
2747 2968
2747 3000
2750 2816
2756 2884
2759 2845
2760 2977
2762 3056
2765 2896
2774 3093
2783 2862
2787 2800
2787 2805
2789 2810
2812 2851
2823 2993
2835 2918
2839 3020
2843 2935
2849 3070
2859 3034
2863 3073
2881 2883
2886 2918
2892 3051
2893 3071
2894 2915
2919 3123
2921 2929
2927 3122
2932 3106
2995 3112
3009 3050
3015 3054