6250
0 2756
1 1781
1 5413
1 5582
2 2926
2 5301
3 112
3 708
3 1482
4 5793
5 559
5 1087
5 2158
6 405
6 3757
6 3814
7 3181
7 5561
8 2781
9 4475
9 5286
10 5589
11 407
12 363
12 3773
13 2222
13 3571
14 2887
15 4688
16 1916
17 5233
18 3948
19 1080
19 4040
19 4102
20 908
20 1905
20 6213
21 2971
22 3907
22 4354
23 4909
24 406
24 2601
25 1251
26 1911
26 6233
27 122
28 2954
28 3777
28 5122
29 1247
29 1519
30 4643
30 5177
31 1093
31 3764
32 1518
32 3604
32 4589
33 1039
34 1520
34 3968
35 3659
36 3951
37 91
37 1129
37 2205
37 3064
37 4757
38 2902
38 5875
39 3915
39 6090
40 1092
40 1561
41 5752
42 2365
43 4344
43 5480
43 6211
44 1672
44 2895
44 3707
44 4448
45 3334
46 3196
46 4166
47 762
47 5377
48 2738
48 5780
49 1852
49 5415
50 5428
51 1024
51 6245
52 2035
53 1181
53 4268
54 3643
55 4132
56 1241
56 3704
57 1091
57 1977
57 2375
58 3614
58 4298
58 4427
59 4800
60 4706
60 6017
60 6159
61 1962
62 3152
63 1099
63 3179
64 2458
65 4589
65 4695
66 1073
67 4065
68 6127
69 1516
69 5319
69 5950
70 1018
70 1474
70 5389
71 284
72 692
73 2598
73 5234
74 2101
74 4738
74 4961
75 4123
76 5906
77 5622
78 417
78 1480
79 1508
80 382
81 1423
81 1790
82 793
82 1637
83 1636
83 5049
84 647
85 1562
85 2013
85 2938
86 5382
87 5992
88 1842
88 5946
89 3616
90 1153
91 4451
91 5459
92 350
92 1918
93 1386
93 1779
93 1870
93 5435
94 560
94 1028
94 2817
94 3861
95 1807
95 5199
96 1224
96 3009
96 4774
96 4783
97 2124
97 2455
97 5905
98 200
98 1644
98 2607
98 5101
98 5825
99 913
99 2655
100 603
101 1063
101 4385
101 5064
102 123
102 4227
103 2076
104 2054
105 3082
106 3172
106 3363
106 4607
107 1697
107 4320
108 777
108 5002
109 5377
110 297
110 670
110 1571
111 549
111 5756
111 5908
113 324
114 3375
114 4819
115 370
115 784
115 2076
115 3932
116 893
116 2441
117 1966
118 1058
118 4026
119 911
119 2303
120 1237
121 4616
122 3925
122 4563
122 6038
124 3822
124 6064
125 3711
125 4938
126 587
126 4986
126 5940
127 4676
128 2432
128 3980
129 2212
130 1620
130 3810
131 1123
132 2605
133 840
133 2133
134 2674
134 4119
135 5533
136 4711
136 5105
137 1039
137 2979
137 6225
138 753
138 1854
139 887
139 5688
139 5942
140 2977
140 4802
140 5004
141 5889
142 1003
142 3865
142 5790
143 1872
144 1899
145 1089
145 3657
146 521
146 1216
147 4186
147 4224
148 1550
148 6115
149 1992
149 4730
150 453
150 2662
150 5325
151 3672
151 5292
152 364
152 1422
152 3774
153 3439
154 889
154 2721
154 5691
155 3405
155 4531
155 5258
155 6104
156 5362
157 4797
158 3071
159 466
160 5717
161 824
161 5754
162 1041
162 3765
163 2243
164 367
164 3062
164 3698
164 6208
165 4958
166 3126
167 2167
167 5179
168 6065
169 870
170 291
170 4960
171 5224
172 1968
172 3076
172 4030
172 4046
173 2076
173 5786
174 2603
175 2629
175 3379
175 5392
176 3227
176 5012
177 1145
177 2705
177 3434
178 2785
178 3704
178 6125
179 2212
179 2578
180 5092
180 5834
181 1999
182 3906
182 4454
182 5324
183 993
183 1369
183 3075
183 4879
184 5484
185 5102
186 1568
187 1252
187 6072
188 471
188 1140
189 754
189 2083
189 5521
190 988
191 4016
191 5015
191 5467
192 610
193 4464
193 6164
194 4938
195 2415
196 5245
196 5764
197 307
197 3071
197 4306
197 5432
197 5914
198 411
198 497
199 917
199 2877
200 853
200 5563
201 2515
202 2006
203 3557
204 1090
205 5541
206 4002
206 4936
207 1351
208 5619
209 934
209 2776
209 5519
209 6052
210 1831
210 3494
211 805
211 5035
211 6123
212 2849
212 5237
213 4453
214 5257
215 4239
216 2589
217 4622
217 5212
218 1245
218 4666
219 1078
219 4661
219 5705
220 3000
220 4403
220 4461
221 6160
222 1683
222 2695
222 4824
222 5307
223 3764
224 3868
224 4271
225 1507
225 1584
226 532
226 2052
226 4594
227 600
227 1515
227 2571
227 5026
228 2206
229 1100
229 1305
229 4315
230 2171
231 5328
232 1579
232 3317
233 2816
233 3539
233 4415
233 4434
234 6140
235 1482
236 4043
237 2096
238 1663
238 3366
239 590
239 2176
239 2716
239 3523
240 727
240 2353
240 4185
241 1302
241 2215
241 4366
242 339
242 3208
242 5379
243 297
243 1536
243 3511
244 4161
244 5080
245 3906
245 5217
246 337
247 3215
247 5745
248 3656
248 4287
249 2674
249 2952
250 5910
251 379
251 3106
251 3772
252 1294
253 884
253 2676
253 4318
254 5604
255 2149
255 4617
256 4361
257 5748
258 395
258 4014
258 5374
259 3649
260 1921
260 5758
261 4724
262 1570
262 1708
262 2387
262 5241
263 748
263 3935
264 1324
265 1160
265 1300
266 337
266 2864
266 5408
267 410
267 2340
268 2669
268 5788
269 3328
269 4518
270 561
270 793
271 1946
271 3005
272 611
272 3801
273 1514
273 4735
274 1061
275 1292
276 1866
276 3246
277 861
277 1859
277 4605
278 1756
279 314
279 2003
279 4864
279 4945
280 1465
280 5987
281 2344
281 3072
281 4282
281 5648
282 577
282 3155
282 5772
283 1486
283 3158
284 1276
284 1436
285 3751
285 3894
286 3462
287 2576
287 2740
287 3422
288 412
288 3030
288 3527
289 4367
289 6195
290 509
290 2339
290 2595
291 1255
292 1716
292 3474
293 1327
293 5841
294 710
294 4876
295 1022
296 3307
297 2431
298 6090
299 1038
299 5259
300 3833
301 2885
301 4835
301 4912
302 581
302 1140
302 4006
302 4316
303 2353
304 4688
305 2806
305 2979
305 4182
306 541
306 2114
306 2343
307 2430
308 3491
309 1968
309 4182
310 3239
311 1161
311 2672
311 3668
312 2023
313 4886
314 652
314 3464
315 2553
315 2932
316 3229
317 1562
317 5222
318 1781
318 6018
319 3985
320 4160
321 2284
321 4525
321 6081
322 3827
322 5900
323 2147
324 734
324 890
324 1401
324 3364
325 2407
325 2867
325 3781
326 5051
327 2868
327 5094
328 4312
329 4979
330 6032
331 1320
332 3299
332 3375
333 797
333 5372
334 2097
334 3020
334 3563
335 1945
335 5631
336 4432
337 4534
338 4110
338 5413
339 3190
339 3740
339 3825
340 1151
341 2914
342 2562
343 1598
343 3666
343 4296
344 1199
344 2543
344 5546
345 3492
346 5940
346 6226
347 2013
347 3914
348 4926
349 907
349 2295
349 4656
350 6169
351 3882
352 2937
353 5916
353 6216
354 652
354 1127
354 5086
355 1042
356 961
356 2032
357 4726
358 767
358 1090
358 1493
358 1937
358 2276
358 2292
358 5742
359 2919
359 3949
360 1295
361 528
361 693
361 6074
362 1060
363 4662
363 5211
364 496
364 558
364 708
364 3675
364 5273
365 2683
365 4621
365 5886
366 2626
366 3789
366 5047
368 2107
369 4490
370 2437
371 1395
372 4945
373 2054
373 3915
374 3373
375 4304
376 3036
376 3227
376 4315
376 5204
377 657
378 464
378 4859
378 5100
379 5010
380 3185
381 806
381 1442
381 1784
382 1789
382 1875
382 3124
382 3863
383 3401
384 642
384 977
385 3216
385 4017
385 4631
386 5202
386 6205
387 1378
387 3438
388 4765
389 2580
390 655
390 4252
391 1488
392 5801
393 2227
393 3593
394 1771
394 2944
395 3219
396 1207
397 2530
398 3456
398 3472
398 3688
399 590
399 4392
400 1358
400 1464
400 4135
401 1155
401 2242
401 2564
401 3184
402 2008
402 2849
403 2996
403 5525
404 1076
404 2699
404 4774
405 474
405 835
406 2228
406 3759
407 524
407 3108
407 6174
408 1524
409 4617
409 5010
410 4442
410 5191
410 5903
412 3116
413 2733
414 1828
414 2987
415 816
416 1314
416 3985
416 4141
416 6175
417 1501
417 2836
418 3199
418 5140
419 4133
420 1689
421 1651
421 3254
422 2310
422 3499
422 3528
422 5033
423 2731
424 3628
424 5868
425 1902
425 3056
425 5800
425 5920
426 1994
426 4920
427 640
427 2967
428 3977
429 1794
429 5819
430 558
430 4481
430 5886
430 6070
431 2299
432 476
432 2730
432 2951
433 3976
433 5435
434 2425
434 4430
435 1627
436 4135
436 4379
436 5563
437 812
437 3543
438 2008
439 1567
439 3552
439 5673
440 2931
441 679
441 6025
442 3130
442 4208
443 3049
444 1411
444 1869
445 4891
445 4942
445 5175
446 1157
446 1478
447 2036
447 3662
448 5587
449 4049
449 5550
450 1066
451 2445
451 4576
451 5966
452 454
452 4468
453 6142
454 4196
455 767
455 3231
456 1328
457 5057
458 3088
458 3681
459 827
459 1255
459 3548
459 3929
460 2831
460 5159
461 3362
462 4505
463 2369
463 2514
463 3284
465 585
465 6166
466 1769
466 5423
467 617
467 2733
467 5890
468 4176
469 5743
470 2774
470 4584
472 3690
472 5402
473 3486
474 2254
475 2399
475 2524
475 3757
476 690
476 1765
477 3042
477 6010
478 480
478 3794
478 5548
479 1924
479 2551
479 5986
481 1314
481 2536
481 2833
481 5398
482 789
482 2379
483 4368
484 2846
484 3479
484 5744
485 3388
486 3883
486 4540
487 1965
487 4101
487 5173
488 3951
489 2298
489 2541
489 4554
489 5014
490 2321
490 2455
490 5278
491 3393
491 4861
491 5629
492 3040
493 4479
493 5875
493 6185
494 3441
494 3607
495 3749
496 2798
497 1361
497 3721
498 6217
499 2734
499 5119
500 2476
500 5682
501 3705
502 602
502 2569
503 1226
503 3411
504 963
504 3945
504 4491
504 4877
505 2100
505 3297
506 4249
506 4911
507 1948
507 4104
508 3349
508 4861
509 1383
509 3145
509 5500
509 5846
510 2090
511 634
511 2743
512 2657
512 3997
512 5578
513 3252
513 4899
514 2883
514 3447
515 2783
515 4908
516 6065
517 1409
517 6161
518 3361
518 3547
519 6168
520 3761
521 1746
522 1712
522 2797
522 4431
523 3567
523 5487
524 1399
525 2546
525 3807
526 2300
526 2575
526 3028
527 2858
527 3546
529 2582
529 3677
529 6124
530 934
531 4848
531 5818
532 2953
533 1416
533 1962
533 2632
534 3711
535 5695
536 1085
536 4172
537 3680
537 4817
538 1512
539 3060
539 3217
539 3564
539 3779
539 5397
540 6120
541 4413
542 656
542 2244
543 2940
543 5621
543 6084
544 649
544 1142
544 3411
544 4594
545 717
546 3821
547 618
547 1621
547 2165
547 2855
547 5424
548 2371
548 3174
550 1745
550 3700
551 901
551 1867
551 3558
552 931
552 4294
553 1798
554 5415
554 6086
555 5029
555 5519
556 803
556 4317
557 5229
559 5495
559 6091
561 4700
562 5405
562 5812
563 846
563 2863
563 2986
563 3663
563 6188
564 5920
565 1368
565 4484
565 5826
566 1743
566 5756
567 3695
568 3405
569 2654
569 4466
570 1990
571 808
571 1686
572 3471
573 1801
574 3902
575 6229
576 798
576 2131
576 2388
576 6172
577 1448
578 4709
579 4078
580 5924
581 943
581 3141
581 3268
582 4250
583 3402
583 5951
583 5952
584 664
584 3035
584 3340
585 2923
586 1405
586 4106
586 5816
587 4740
588 2771
589 3123
590 2255
590 4241
591 5065
592 1589
592 4542
592 6040
593 4908
594 947
594 3785
594 5069
594 5226
595 1736
595 4423
596 3621
596 3956
596 5426
597 5787
598 4353
599 1700
599 4735
601 1056
601 2839
601 3892
602 1479
602 3631
603 5639
604 1554
604 4999
605 2978
606 2516
607 1144
607 3684
607 5916
608 3494
608 5765
608 6148
609 1387
610 3274
610 3532
611 2315
611 3139
611 3548
612 687
613 5681
614 5855
615 1546
616 3397
616 4371
618 3688
619 1082
619 2462
619 4336
619 5043
620 2600
621 3590
622 2361
622 6042
623 3011
623 5055
624 1711
624 2222
624 2769
624 3715
624 4125
625 1340
625 1508
625 1852
625 2820
626 5263
626 5271
627 898
627 2888
627 5546
628 1509
629 1651
629 3002
629 3037
629 3497
629 3934
630 1667
630 6013
631 3810
632 1841
632 4978
633 1617
633 6061
634 2412
634 2693
634 3191
635 2216
635 2915
636 5981
637 3353
638 1626
639 4015
639 4387
640 1346
641 5330
642 675
642 866
642 6224
643 2035
643 3035
643 3371
644 4063
645 1095
645 5072
646 4261
647 1055
647 3267
648 1990
650 982
650 2377
650 4368
651 1845
652 2762
653 3029
654 3569
654 3660
654 4217
654 4304
654 5693
654 5963
655 1885
655 4807
657 4239
658 1106
658 2009
659 3300
659 6035
660 1457
660 3305
661 910
661 1290
661 3154
661 3530
661 5532
662 1671
662 6158
663 5881
663 6180
664 5990
665 3084
665 4973
665 5821
666 4213
666 4610
667 2424
667 2712
668 4890
668 5328
669 3466
669 5915
670 772
670 4068
671 6064
672 5393
673 3163
673 4004
674 2940
674 5051
675 4640
676 3831
677 2338
677 4333
677 4698
677 5081
678 6089
680 1569
681 4636
681 5352
682 1919
682 2362
683 944
683 2497
684 4881
685 1576
686 2435
686 3016
687 2494
688 3214
689 1493
689 4966
689 6214
690 3098
691 1984
692 5270
693 2900
693 6200
694 2906
695 3175
695 5538
696 5904
697 2317
697 3023
697 4377
697 5477
697 6087
697 6199
698 2672
699 4713
700 5086
701 2522
701 3678
701 4142
702 2850
702 4105
703 1047
703 2090
703 4363
704 3467
704 3799
704 6062
705 1705
705 4028
706 5316
707 1742
709 3303
709 3653
710 1562
710 3225
711 5649
712 2384
712 3667
713 978
713 4519
714 904
714 3812
714 4640
715 5550
716 5237
717 2561
718 5482
719 2229
720 1736
721 1343
721 2658
721 3866
722 3770
722 5123
723 2456
724 1506
724 3459
724 3504
724 4443
725 2600
725 2921
726 2658
726 6139
727 1344
727 5178
728 4286
728 4582
729 3962
730 945
730 1690
731 5024
732 4882
732 5925
733 3571
734 3079
735 1098
735 3737
735 3998
736 1104
736 2234
737 821
737 6173
738 5581
739 5566
740 3590
740 4354
741 1734
742 3641
742 5499
743 3758
744 3313
745 1195
745 4018
746 1718
747 2843
748 3008
748 4706
749 1679
749 3648
749 3871
749 5777
750 2552
750 2631
751 982
752 2332
752 5013
753 898
753 1460
755 5539
756 5639
757 1085
757 2992
758 2479
759 785
759 1438
759 3201
760 3966
760 4080
761 3717
761 4982
761 5713
762 2000
762 4484
763 5619
764 4889
765 1396
765 1738
765 3050
765 6194
766 2789
766 3100
767 4874
768 1242
769 4770
770 3656
770 5305
771 3640
772 1323
772 2355
772 2859
772 3880
773 1860
774 2915
774 4058
774 5685
775 3341
775 5235
776 5327
777 1495
777 4022
778 2209
778 2430
779 3980
779 5556
780 2511
780 3635
781 2419
782 4262
783 1162
783 2827
785 2051
786 4342
787 1750
788 2733
788 4425
790 1886
790 4764
790 5905
791 5554
791 5927
792 4908
793 6093
794 2351
794 5152
795 3523
795 4460
796 912
796 3926
797 800
798 3784
799 3202
799 4493
800 4407
801 5411
802 5601
803 1948
804 4080
804 5810
805 1231
806 3428
807 1606
807 4284
808 3183
808 3862
808 4332
809 1722
809 3482
810 5887
811 2458
812 2943
813 2630
813 5099
813 5134
814 2550
814 5898
815 5540
816 4443
816 4532
816 5992
817 3193
817 5502
818 1926
819 1509
820 2244
820 2777
822 2752
823 1181
823 4918
823 5266
824 4198
824 5630
825 1928
826 2215
828 3255
829 4500
830 1092
831 5997
832 1607
832 3828
832 3913
833 1608
833 3391
834 4692
834 5079
835 1468
835 4126
835 5048
836 1842
837 962
837 1661
837 2731
837 5333
838 1547
838 6201
839 968
839 3343
839 3712
839 4513
840 3986
841 3462
841 6165
842 3725
842 4882
842 5849
843 5891
844 4952
844 5644
845 4442
846 5000
846 6241
847 3506
848 5153
849 1176
850 5284
851 3282
851 3867
851 5261
852 1037
852 2573
852 5970
854 2225
854 5758
855 3776
855 4901
855 5740
856 3238
856 5512
857 2069
857 4606
858 1332
859 2214
860 5280
861 2329
862 4652
863 2814
864 4084
865 2807
865 4703
866 2419
867 2151
867 2785
867 4391
868 914
868 1912
868 1946
869 1003
870 3877
870 5291
871 2205
872 3229
872 3556
873 4033
873 5275
873 5644
874 5505
874 5939
875 2160
875 2722
876 1559
876 5319
877 2827
877 4734
877 6088
878 1392
878 3992
878 6171
879 2037
879 2631
880 3647
881 3411
882 1524
882 4591
883 5731
884 3625
885 2691
885 6216
886 3018
886 4355
887 3316
888 1164
888 2236
888 2967
889 2704
889 4273
891 3782
892 2154
892 4927
892 5479
893 954
893 4321
894 4624
895 952
895 2718
895 3034
896 1429
896 1927
896 4700
897 6197
898 4241
899 2519
899 3516
899 5167
900 4400
900 4666
902 3164
902 5582
903 3916
903 4200
904 2283
905 3174
905 5781
906 2950
906 4042
907 4326
908 2057
909 2258
909 3350
911 3875
913 3231
914 2358
914 5963
915 1466
916 1147
916 1432
916 3291
916 4619
917 1782
917 1926
918 5476
918 5994
919 3423
920 2147
920 2833
920 3074
920 5686
921 2887
922 4994
923 1556
923 3676
923 5208
924 5253
924 6016
925 2230
925 4112
926 1684
926 2029
927 4120
928 3232
929 1212
929 6095
930 6006
932 3476
933 1353
933 5720
935 4912
936 1853
936 2185
937 1546
937 6103
938 1033
938 3167
938 6080
939 3297
939 3946
940 4488
941 5882
942 4107
942 4581
944 2008
945 5107
945 5672
946 1701
946 1981
946 5642
947 2181
948 2332
948 2695
949 2912
949 3034
950 2129
950 5589
951 4518
952 1512
952 3481
953 1898
953 2891
954 1765
955 5341
956 2962
956 3912
956 5313
956 6081
957 2628
957 3601
957 3744
957 3753
958 972
959 5655
959 6145
960 4810
961 1747
961 1801
962 4880
963 2914
964 4810
964 5323
965 1117
965 3613
965 4123
966 2066
967 970
967 2312
967 4858
968 2703
968 3407
969 5880
971 1171
972 1792
972 5853
973 1286
974 2095
974 5334
975 1284
975 1585
975 5001
976 2585
976 3633
976 6028
977 1727
977 4422
978 3518
979 1265
979 1486
979 2295
979 5320
980 5352
980 5609
981 6185
982 1695
982 1820
983 4449
983 6071
984 1360
984 2453
984 3608
984 5919
985 3742
986 2401
987 2781
988 5677
989 1736
990 4801
991 1136
991 4284
992 2101
993 4916
994 5235
995 3917
995 4002
996 3469
997 2633
997 5388
998 1888
999 5531
1000 4902
1001 3534
1002 1093
1002 5417
1002 5990
1003 2234
1004 1673
1004 2173
1005 4498
1006 2623
1007 5618
1008 3519
1008 4204
1008 5817
1009 4351
1009 5610
1010 1027
1010 1978
1011 2393
1012 3445
1012 4622
1013 3277
1013 5409
1014 1740
1014 4215
1015 2751
1016 1412
1016 3077
1017 3414
1017 5386
1018 4015
1019 1471
1019 4479
1020 3750
1020 3834
1020 5395
1021 2647
1021 3048
1021 3410
1021 4957
1021 5276
1022 4279
1023 2618
1023 4704
1023 6049
1025 1961
1025 4809
1026 4795
1026 5808
1029 3271
1029 4818
1029 5518
1029 5701
1030 1151
1030 5741
1031 1051
1031 3777
1031 4137
1032 2691
1032 5614
1033 2007
1033 4261
1034 1144
1034 3620
1034 5652
1035 2014
1035 4690
1035 5689
1036 4058
1037 2197
1037 2748
1038 2841
1039 4969
1040 3161
1040 3456
1040 6012
1041 1482
1041 5889
1041 5998
1042 4383
1043 3828
1043 4201
1044 1535
1044 5279
1045 2381
1046 3849
1048 2653
1048 5210
1049 1268
1049 4551
1050 1789
1050 2088
1050 5299
1051 5953
1052 1549
1052 2591
1052 4189
1053 5265
1053 5641
1053 5929
1054 2547
1056 4060
1057 1108
1057 2022
1057 4458
1057 4627
1058 3728
1059 1298
1059 3789
1060 1185
1060 1350
1060 4715
1060 4799
1061 3972
1061 4606
1062 3599
1062 5232
1063 1981
1063 3729
1063 5771
1064 1632
1065 5523
1066 1367
1066 3415
1066 4904
1067 3039
1068 2181
1068 5277
1068 5326
1069 3560
1069 5038
1070 4717
1070 5314
1071 2432
1072 5967
1073 2536
1073 5053
1074 4733
1075 1530
1075 2740
1077 3968
1077 4883
1077 5366
1078 2741
1079 1099
1079 2143
1079 4665
1080 4382
1081 1139
1081 1860
1081 2698
1083 1378
1083 2124
1084 3347
1084 6048
1085 2229
1085 4436
1085 5091
1086 2633
1087 2594
1088 4447
1089 2739
1089 4516
1090 1399
1090 4270
1091 1174
1091 4081
1091 5040
1092 4088
1092 4169
1092 5785
1094 1882
1095 4980
1096 1600
1097 2701
1097 5196
1098 4476
1098 5829
1098 6096
1099 5989
1100 2313
1100 5156
1100 5813
1101 4327
1102 2398
1103 1660
1103 3766
1103 4428
1103 5160
1105 3436
1105 5876
1107 1713
1107 3381
1107 3619
1108 1206
1109 1250
1109 5599
1110 4624
1110 5111
1111 4892
1111 5664
1112 1328
1112 1540
1112 2287
1112 5369
1113 1934
1113 3462
1114 2889
1114 6162
1115 2155
1115 4414
1115 4678
1116 2800
1117 5051
1118 2153
1118 3285
1118 4583
1119 4274
1119 4514
1119 5326
1120 1237
1120 1853
1120 4081
1121 2489
1121 5973
1122 1524
1123 1211
1124 2612
1124 3730
1124 5949
1125 2689
1125 5819
1126 1288
1126 2360
1126 2851
1126 4652
1128 3058
1130 3122
1131 2071
1131 3618
1132 2184
1133 1508
1133 1665
1134 3378
1134 3583
1134 5373
1135 2340
1137 1201
1137 4664
1138 3605
1138 5361
1139 4800
1140 2760
1141 3138
1143 4531
1144 2854
1144 4895
1145 3376
1146 2464
1146 3833
1147 3643
1148 5958
1149 5003
1150 1373
1151 2919
1151 3356
1152 5374
1152 6204
1153 6186
1154 4223
1155 1924
1155 3362
1155 3533
1156 2401
1156 3756
1158 2976
1158 3871
1159 4642
1160 2924
1160 3503
1160 5632
1161 4377
1162 1658
1162 2677
1162 6124
1163 3902
1163 5749
1164 2575
1164 5431
1165 1876
1166 4705
1166 5766
1167 3781
1167 4323
1168 2507
1168 2577
1169 5358
1170 4739
1170 5998
1171 3248
1172 1493
1172 3698
1173 2252
1174 4917
1175 3140
1175 5250
1176 5757
1177 1764
1177 3344
1177 4017
1178 1499
1178 2741
1179 2916
1180 3360
1180 4805
1181 1220
1182 3570
1183 3221
1183 3926
1184 1388
1184 1938
1184 2546
1186 5091
1187 3713
1187 4151
1187 4993
1188 5380
1189 4037
1190 2137
1190 5919
1191 4914
1191 5601
1192 2534
1193 2296
1193 2775
1194 3419
1194 3843
1194 5474
1195 3946
1196 1992
1196 2599
1197 5446
1197 5618
1198 2113
1199 2645
1199 5625
1200 5917
1202 3663
1202 5588
1203 2671
1203 3470
1204 2704
1205 1452
1205 2422
1205 5370
1206 1285
1206 1589
1206 1808
1207 1437
1208 3455
1208 4882
1208 5105
1209 3863
1210 3507
1210 4339
1210 4679
1211 4111
1212 1616
1213 4033
1214 3921
1215 1753
1216 3243
1216 5174
1217 3614
1217 5394
1218 6243
1219 3632
1219 5280
1219 6116
1221 1916
1221 3389
1222 4789
1222 4951
1223 1536
1224 1539
1224 5980
1225 2956
1225 5469
1226 2731
1226 3374
1226 5603
1227 3218
1228 2265
1228 3123
1229 4466
1230 2713
1230 6187
1231 3493
1232 4493
1232 4959
1233 3023
1234 1315
1234 1994
1234 3717
1234 4055
1234 4754
1234 5003
1235 5240
1236 1339
1236 1666
1238 5893
1239 3456
1240 3057
1240 3136
1240 4984
1241 5926
1242 4411
1243 1304
1244 4399
1245 1988
1245 2019
1246 2484
1247 1957
1247 6184
1248 5646
1249 1564
1249 5222
1249 5380
1250 1642
1250 1933
1250 2766
1251 4028
1253 1685
1253 4214
1254 2644
1256 3059
1257 2275
1258 2049
1258 2802
1258 2909
1258 5099
1259 2509
1259 2781
1259 5495
1260 4294
1261 3972
1261 4914
1262 1429
1262 3096
1262 4787
1262 5663
1263 3273
1264 2161
1264 4335
1264 5327
1265 3654
1266 2374
1266 3652
1266 6048
1267 5819
1269 2263
1269 3799
1269 4473
1270 2762
1270 4833
1271 4249
1271 4856
1271 5910
1272 3600
1272 5673
1273 5493
1274 1622
1274 6078
1275 1334
1275 6209
1276 3484
1276 4160
1277 1322
1277 1440
1277 5928
1277 5943
1277 6166
1278 3028
1278 3135
1279 1374
1279 2219
1279 4586
1280 5449
1280 5934
1281 3301
1281 5051
1282 2923
1283 1571
1283 2642
1284 2192
1284 3483
1284 3567
1284 3755
1285 3041
1286 3914
1286 4374
1286 6029
1287 2526
1287 4136
1288 1391
1288 2329
1288 5367
1289 1671
1291 5190
1292 2320
1292 5598
1293 2017
1293 2829
1294 3683
1295 1792
1295 5419
1295 6050
1296 3684
1297 2617
1297 4047
1297 4885
1297 6185
1298 3593
1298 3679
1298 3692
1298 6089
1299 3061
1300 2202
1300 5843
1301 2054
1301 4240
1302 5626
1303 3992
1304 6187
1305 5497
1306 2743
1306 4409
1306 5643
1307 5113
1308 2115
1308 4211
1309 3186
1310 1553
1310 5964
1311 3775
1311 4279
1311 4522
1312 2663
1312 4468
1312 5151
1313 4538
1313 5440
1315 2846
1316 1892
1316 1947
1316 2623
1317 2694
1317 2844
1317 3089
1317 5260
1318 4800
1318 5426
1319 1457
1319 6183
1320 2696
1320 5997
1321 2187
1321 3185
1321 4127
1321 5153
1321 5261
1321 5771
1322 1900
1323 3149
1323 3519
1323 5207
1323 5560
1324 6143
1325 1349
1325 3710
1326 3329
1326 5560
1327 1687
1328 4743
1329 2676
1329 3298
1329 3348
1330 1346
1330 3054
1330 4616
1331 2446
1331 3981
1332 3133
1333 3537
1334 4179
1334 4602
1334 5120
1334 5709
1335 3597
1335 4344
1336 1618
1336 2700
1336 4403
1337 5183
1337 5598
1338 5150
1339 6105
1340 3105
1340 5226
1341 2729
1342 2623
1342 5065
1343 3742
1344 5143
1344 5972
1345 1982
1345 5124
1346 6099
1347 3709
1348 1440
1349 3090
1349 4345
1349 5328
1350 2991
1350 3319
1350 5933
1351 2030
1352 2309
1352 2759
1352 3263
1354 5661
1355 1463
1355 4374
1355 5450
1355 6033
1356 1850
1356 5349
1357 2445
1357 4094
1359 2757
1359 4937
1360 2014
1361 3447
1361 4002
1362 3793
1362 5624
1363 3359
1364 4118
1365 2370
1366 5327
1366 5642
1367 1868
1370 2270
1371 3664
1371 5472
1371 5770
1372 2617
1373 2057
1373 2739
1374 5016
1375 4432
1375 5274
1376 4699
1377 5679
1378 4221
1379 6020
1380 5271
1381 2729
1382 4517
1382 5797
1384 2102
1384 3187
1385 2511
1385 2782
1386 5182
1387 5031
1387 5700
1388 4149
1389 3580
1390 5908
1391 5422
1392 3881
1393 4887
1394 2708
1395 2756
1395 3739
1397 2905
1397 5407
1398 4286
1398 4459
1399 1538
1399 4600
1400 3454
1402 2183
1403 1676
1403 4820
1403 5243
1404 1433
1405 1760
1405 2053
1406 3685
1406 5579
1407 1477
1408 4267
1409 2125
1410 2655
1411 2799
1413 5657
1413 5669
1414 3147
1415 4811
1416 4314
1417 1872
1418 4124
1418 5801
1419 2754
1419 5967
1420 1750
1420 3383
1421 5184
1422 6004
1423 5863
1424 1857
1424 4130
1424 4174
1425 4618
1426 1496
1427 4770
1427 5635
1428 6036
1430 4673
1431 4109
1432 1550
1432 1987
1433 1926
1433 2144
1433 4301
1433 5283
1434 1533
1434 1883
1434 4868
1435 5864
1436 2797
1436 5576
1437 2860
1438 5237
1438 5545
1439 5442
1440 1604
1441 3813
1443 2566
1443 5294
1444 1963
1445 1977
1446 2336
1446 4105
1447 2055
1447 2596
1447 2811
1447 2873
1447 4591
1449 3638
1449 4102
1449 6012
1450 2042
1451 2211
1451 5554
1452 3627
1452 5737
1453 2736
1453 3099
1454 1788
1454 2259
1454 2481
1455 1473
1455 2311
1456 1507
1457 4673
1458 4776
1459 2895
1459 3583
1461 2862
1462 5401
1466 1577
1466 5276
1466 5854
1467 3192
1469 4793
1470 4150
1472 3411
1473 1641
1473 1783
1473 2083
1475 1478
1475 5918
1476 1784
1476 3748
1477 2335
1477 2742
1477 2901
1477 3581
1477 3626
1478 2772
1478 2789
1478 6179
1480 1749
1480 6201
1481 5418
1481 5982
1483 3659
1483 3786
1483 4649
1484 3749
1484 6044
1485 3701
1486 5605
1486 6229
1487 2763
1487 3904
1487 5642
1488 2869
1489 5353
1490 2245
1491 2107
1492 6129
1493 5799
1494 2866
1494 4505
1496 4765
1497 3077
1497 3870
1497 4449
1498 4392
1499 3846
1500 3607
1500 5426
1502 3720
1502 5136
1503 5922
1504 5929
1505 4273
1505 5306
1506 1960
1507 2889
1507 4557
1509 2744
1509 3691
1509 4073
1510 1696
1510 2110
1510 2544
1511 2482
1513 3451
1513 3542
1514 5940
1515 2345
1515 4170
1517 3575
1518 2664
1519 4457
1520 3201
1520 5032
1520 5926
1521 2641
1521 5534
1522 2983
1522 4587
1523 5347
1524 5470
1524 5647
1525 2150
1525 5059
1526 2993
1527 3895
1527 5498
1528 3218
1529 2304
1529 5774
1531 3500
1531 4338
1531 5144
1532 4755
1534 3165
1534 5915
1535 3507
1537 5499
1539 5694
1540 2086
1540 2684
1541 1913
1541 3580
1542 3694
1543 2639
1543 3808
1544 2357
1544 3161
1545 2982
1545 3214
1546 4668
1546 5611
1547 1866
1547 4162
1548 3832
1549 5879
1549 5975
1550 4144
1551 5931
1551 6123
1552 2959
1552 3015
1552 3941
1553 2299
1553 5002
1555 5220
1555 5591
1556 1850
1556 5714
1556 5801
1557 3346
1558 3847
1558 4228
1558 4881
1559 5689
1560 3820
1563 3861
1563 4051
1563 5382
1564 5857
1565 4659
1566 5013
1567 5190
1568 2279
1569 1745
1569 4649
1570 2506
1570 3796
1571 1678
1572 2170
1572 2989
1572 4646
1573 5649
1574 4791
1574 5873
1575 5256
1576 4374
1577 3933
1578 2192
1578 3923
1578 4155
1578 4676
1579 3333
1580 4800
1581 5191
1582 3417
1582 5831
1583 3235
1584 3822
1584 5444
1586 4371
1587 4201
1587 4645
1588 2882
1588 4893
1588 5451
1589 3175
1590 2633
1591 5540
1592 5477
1593 2542
1593 4092
1593 4612
1594 6170
1595 3085
1595 3138
1595 5615
1596 1782
1596 3326
1597 3842
1597 6111
1598 2325
1599 2984
1600 5255
1601 3036
1602 2571
1602 4860
1603 1765
1603 1919
1604 2529
1605 3730
1605 5912
1609 3378
1610 5446
1611 2680
1611 3358
1611 5341
1612 2518
1612 5574
1613 2047
1613 6134
1614 4291
1615 2007
1615 2403
1615 3125
1615 5413
1619 2807
1620 2790
1620 5268
1621 5127
1623 5236
1623 5703
1624 4439
1625 1966
1625 5306
1626 2233
1626 2410
1627 2550
1628 2089
1629 5921
1630 2641
1630 4545
1631 1800
1631 4827
1632 6181
1633 5175
1634 5746
1635 1670
1635 2972
1636 2681
1636 4472
1636 4504
1638 4667
1638 4696
1639 2486
1639 3163
1639 3257
1640 2113
1640 4564
1640 6003
1641 4068
1643 3131
1643 3665
1643 5285
1644 2840
1645 5567
1646 2374
1646 5986
1647 4432
1648 3820
1649 2252
1649 3547
1649 5710
1650 5996
1651 4342
1652 3284
1653 5038
1654 6220
1655 4877
1656 4541
1656 5704
1656 5706
1657 3107
1657 4329
1659 2207
1659 5481
1660 3326
1660 4485
1662 1754
1662 6093
1664 5686
1665 3006
1666 2786
1666 5113
1668 3450
1668 4811
1669 2508
1669 3239
1670 3003
1670 3104
1671 4404
1672 3565
1672 4125
1674 6038
1674 6054
1675 5386
1675 5550
1676 2202
1676 5513
1677 2584
1677 2813
1680 3236
1680 5165
1681 2662
1682 2662
1682 3629
1684 1713
1684 3152
1684 6036
1687 3192
1688 6069
1689 4362
1689 5632
1691 5093
1691 5157
1692 2068
1692 2165
1693 3722
1693 4264
1693 4583
1693 4839
1693 5838
1694 5132
1694 6018
1695 5045
1696 5641
1697 2275
1697 5239
1698 2651
1698 2700
1698 3505
1698 3884
1699 2205
1699 2504
1699 5194
1701 4958
1702 3645
1702 5509
1703 2595
1704 4714
1705 3031
1705 5965
1706 2603
1706 2897
1706 5077
1707 1762
1708 2958
1708 4048
1708 5849
1709 3955
1709 3966
1710 4922
1710 4928
1711 6020
1712 5002
1712 5183
1712 5219
1713 5041
1714 3420
1715 2969
1716 3958
1716 4397
1717 4048
1718 2116
1719 1811
1720 4859
1721 2768
1722 4955
1723 2724
1723 5565
1724 3724
1724 5176
1725 1968
1725 4902
1725 5939
1726 3475
1726 5209
1726 6101
1727 6005
1728 2184
1728 4742
1729 4982
1730 5312
1731 1952
1731 3626
1731 5568
1732 5655
1733 3809
1733 5217
1734 2206
1735 3178
1736 4007
1736 5090
1737 5937
1737 6030
1739 4605
1740 2873
1740 4039
1741 5899
1742 2327
1744 2090
1746 5291
1748 4078
1751 5982
1752 4267
1753 3935
1754 4164
1755 3147
1755 4599
1756 2693
1757 3453
1758 3461
1759 3004
1760 2392
1760 3627
1760 5044
1761 6061
1762 2260
1763 4188
1763 5219
1763 5882
1764 2586
1766 3730
1767 2131
1767 5668
1768 6177
1769 5195
1769 5283
1770 4339
1772 2291
1772 2418
1772 5788
1773 4688
1774 2514
1775 3914
1776 2860
1776 4574
1777 2690
1777 5572
1778 4070
1780 3072
1780 4654
1780 5767
1783 2438
1783 3521
1783 3797
1783 4570
1785 3991
1786 2133
1786 5190
1787 4333
1787 4740
1787 6139
1788 4153
1790 2289
1790 5316
1791 3122
1791 4857
1791 4935
1793 4288
1793 4552
1794 3197
1794 5968
1795 3038
1795 3699
1796 6030
1797 5366
1797 6247
1798 3419
1799 2198
1799 2792
1800 3133
1800 3421
1801 1802
1801 3655
1802 5670
1803 3332
1804 4772
1804 4848
1805 3293
1805 5118
1806 4202
1806 5049
1807 5257
1809 2247
1809 4411
1809 4824
1809 6183
1810 3294
1810 4832
1810 5350
1811 2860
1811 4214
1812 2229
1813 5160
1814 2857
1814 4604
1815 3055
1815 5393
1816 3301
1817 4304
1818 3253
1819 3397
1819 4161
1819 5516
1821 3287
1822 5142
1823 6126
1824 3425
1824 5978
1825 1892
1826 5649
1826 5850
1827 3541
1828 3501
1829 2830
1829 3503
1829 5592
1830 2762
1830 4007
1830 5100
1830 5159
1832 3539
1833 3199
1833 4261
1834 3313
1835 4201
1836 2438
1836 3763
1836 4763
1837 3823
1837 6222
1838 3174
1838 5223
1839 2288
1840 3624
1841 2413
1841 3426
1841 5708
1843 2369
1844 2280
1844 2774
1844 4964
1845 2199
1845 2425
1845 2976
1846 2063
1847 4306
1848 5215
1849 2665
1849 2706
1849 5909
1851 3276
1851 4924
1853 3439
1853 6107
1853 6151
1854 2067
1855 5760
1855 5873
1856 2331
1857 2687
1858 4487
1861 6037
1862 4648
1863 2274
1863 5790
1864 5059
1864 5901
1865 3127
1867 4128
1870 2916
1871 2669
1871 5799
1872 2793
1872 5259
1873 5622
1874 2891
1874 6160
1875 2383
1876 5251
1877 2990
1878 2571
1878 4380
1879 3352
1879 5008
1880 2085
1881 1973
1881 4038
1882 4921
1882 5494
1883 5150
1884 3837
1884 5456
1884 6167
1887 4825
1888 4158
1888 4794
1888 6053
1889 4262
1890 5438
1890 6152
1891 4046
1891 4272
1892 4115
1892 4197
1893 2554
1894 2322
1894 2733
1894 4094
1894 4507
1894 5869
1894 6163
1895 4724
1896 3424
1897 3077
1897 5435
1898 3945
1898 5917
1899 4723
1900 3427
1901 3503
1903 2037
1904 4953
1904 5868
1905 5421
1905 5902
1906 3001
1906 5185
1907 4304
1908 2029
1909 4328
1910 2133
1911 4277
1912 2800
1912 3962
1912 4635
1913 3209
1914 4148
1915 3926
1917 2918
1917 3311
1920 6146
1922 2405
1922 4648
1922 5050
1923 2105
1923 2867
1923 4565
1924 2568
1924 5668
1925 2377
1925 2989
1925 6158
1927 2944
1927 4469
1927 4535
1928 3173
1928 3503
1928 5066
1929 3794
1929 5947
1930 4173
1931 4665
1931 4803
1932 2920
1933 2426
1933 3352
1934 5129
1935 2085
1936 4463
1938 6121
1939 3406
1939 4266
1939 5759
1940 3882
1941 5016
1941 5042
1942 2212
1942 2225
1943 3596
1943 3617
1944 4926
1944 5734
1945 2408
1946 4855
1948 4165
1949 4116
1950 2267
1950 2349
1951 3140
1951 3485
1953 2274
1954 4396
1954 5195
1954 5623
1955 2589
1956 3219
1956 5550
1957 3309
1958 2395
1958 5581
1959 3514
1959 5028
1960 2675
1961 2073
1961 3905
1962 4243
1963 2065
1963 4498
1963 6163
1964 2063
1964 3369
1964 6149
1965 3842
1965 5429
1967 4676
1968 5405
1969 6203
1970 3797
1970 4625
1971 2407
1971 3045
1972 3194
1972 6108
1974 3424
1974 5366
1975 5734
1976 3046
1977 5238
1977 5515
1978 3840
1978 3984
1979 4503
1979 5046
1980 3628
1980 4173
1980 6136
1981 3965
1982 2855
1983 2531
1983 2893
1984 2540
1984 4095
1985 2815
1986 3253
1986 5568
1987 4550
1988 6145
1989 3242
1989 4778
1990 2274
1991 5497
1992 3610
1992 3948
1992 4367
1993 3989
1995 5574
1996 4468
1997 3528
1997 3633
1998 4106
1999 2208
2000 3262
2001 3571
2002 5884
2004 5087
2005 3180
2006 2290
2007 4999
2007 5735
2009 3616
2009 5552
2010 3026
2010 3744
2010 4537
2011 2268
2011 3081
2011 3702
2012 3869
2012 5755
2014 2223
2014 5656
2015 3148
2016 4085
2016 4131
2016 4158
2016 5878
2017 5000
2017 5602
2018 5305
2019 5368
2020 2378
2020 4100
2020 5865
2021 3477
2022 2463
2023 2510
2023 5907
2024 4292
2025 2988
2025 3957
2026 4007
2027 3113
2027 4116
2027 4946
2028 3314
2030 3971
2031 3253
2031 5666
2032 3242
2032 3432
2032 3637
2033 3917
2033 4244
2033 6122
2034 2323
2034 2692
2034 5130
2034 5148
2037 4858
2037 5476
2038 2322
2038 4337
2039 2128
2039 3915
2039 5430
2040 2577
2040 4729
2041 4068
2041 4598
2042 3999
2042 4056
2042 6206
2043 2728
2043 3380
2043 5972
2044 2831
2045 2647
2046 5244
2047 3069
2047 3177
2047 5372
2048 3220
2050 5413
2051 3151
2052 5968
2053 5887
2056 4809
2057 6037
2058 6163
2059 4307
2059 4361
2060 3522
2060 3590
2061 5607
2062 2424
2062 3908
2062 6234
2064 3650
2066 3159
2066 4806
2066 6207
2067 4747
2068 4741
2070 5589
2071 2551
2072 2111
2073 3031
2074 2667
2074 5973
2075 3724
2075 5811
2075 5895
2077 2271
2077 3433
2078 4228
2078 5828
2079 4543
2080 3710
2081 2924
2081 3948
2082 3535
2082 4603
2083 5692
2084 3163
2085 2798
2085 3211
2085 3251
2086 4802
2087 2671
2087 3423
2089 2250
2089 3951
2091 3695
2092 2378
2092 5255
2093 3979
2094 2334
2094 5165
2094 5661
2095 3156
2095 5567
2096 2722
2096 3217
2096 4114
2097 5899
2098 4950
2099 4774
2100 2963
2102 2180
2103 3768
2103 3831
2103 4320
2103 5923
2104 3346
2105 2821
2106 3014
2106 4753
2107 4627
2108 4874
2109 3649
2110 2116
2110 3709
2110 3719
2111 2138
2111 6007
2112 4901
2112 5606
2114 3955
2114 4670
2114 5289
2115 3764
2117 3684
2117 4220
2118 3272
2118 4712
2119 3088
2119 4715
2120 2512
2120 5766
2121 3976
2122 4329
2122 4996
2123 6053
2124 4684
2124 4792
2125 5662
2126 4986
2127 2252
2127 6097
2128 2188
2128 3477
2129 2193
2130 2541
2130 2686
2130 2711
2131 3886
2132 5024
2132 5067
2132 6131
2134 4344
2135 2412
2136 2772
2138 2323
2139 3946
2140 3931
2141 3237
2141 3514
2142 2290
2142 3290
2142 4154
2142 4976
2143 5677
2144 5802
2145 4301
2146 3714
2148 3030
2150 2277
2150 3594
2150 3899
2150 4949
2152 3802
2152 4283
2154 2632
2155 2237
2155 6090
2156 5647
2157 5233
2157 5443
2158 4275
2159 2417
2159 4112
2159 6003
2160 5545
2162 4404
2163 3624
2163 4935
2164 2245
2164 4202
2165 3768
2166 3489
2166 5574
2166 6226
2167 3690
2168 3924
2169 3242
2170 3121
2171 2308
2171 4219
2171 5955
2172 6249
2173 2365
2173 6199
2174 3747
2175 3028
2176 3708
2176 4579
2176 4781
2177 2602
2178 2434
2179 4464
2179 5861
2181 2310
2182 4745
2183 2838
2184 5789
2186 3444
2186 6191
2189 2554
2189 3341
2190 2467
2190 4029
2190 4248
2190 5410
2190 5730
2191 4239
2191 4551
2194 4106
2194 6178
2195 2636
2196 4105
2197 3132
2198 5460
2200 2302
2200 3703
2200 5646
2201 4199
2202 2719
2203 5133
2204 2735
2205 3649
2206 3478
2206 4534
2207 3720
2208 3029
2209 3599
2210 4331
2211 3450
2211 4614
2211 4913
2211 5845
2212 4811
2212 4822
2213 2344
2213 4680
2214 3167
2217 2241
2217 4498
2218 4930
2219 4919
2219 4987
2220 5672
2221 4925
2223 2726
2224 5234
2225 5270
2226 2704
2226 4491
2228 6035
2231 3260
2232 2820
2233 5322
2234 3605
2235 4391
2236 5029
2237 5242
2237 5719
2238 4895
2238 5565
2239 4253
2240 4448
2241 5135
2241 5674
2243 2538
2243 4998
2244 4237
2245 5304
2245 6128
2246 4846
2246 5524
2247 3133
2247 6106
2248 5053
2248 5684
2249 5468
2250 2279
2251 2457
2251 2799
2251 5435
2251 5473
2253 4104
2255 2997
2256 2923
2257 4663
2257 5990
2258 3249
2259 2732
2260 3018
2261 5104
2261 5365
2262 5335
2264 2910
2264 3656
2265 2794
2265 3467
2265 4669
2266 3091
2266 6096
2267 3530
2267 5526
2267 5873
2269 4942
2270 3048
2270 3604
2270 4974
2272 2925
2272 6217
2273 3150
2273 3420
2273 5595
2274 3833
2277 3670
2277 3734
2278 4570
2280 2361
2280 5682
2281 6232
2282 4710
2284 5350
2285 3738
2286 2749
2286 3800
2286 5922
2287 5839
2288 5049
2289 3607
2290 4483
2290 5783
2292 6015
2293 2605
2294 2640
2294 3717
2294 4993
2295 2735
2297 2758
2297 3013
2297 4598
2300 6177
2301 2459
2301 4411
2302 4777
2303 5781
2304 4378
2304 4780
2305 2839
2306 3315
2307 2619
2307 3248
2308 2354
2309 4602
2314 5467
2315 3950
2316 5747
2318 5750
2319 3752
2320 2727
2321 4253
2323 3510
2324 4794
2325 5879
2326 5480
2327 2517
2327 3554
2327 4615
2328 4151
2328 4291
2328 4583
2330 4868
2331 2667
2331 2703
2331 3408
2331 4128
2331 6185
2333 3538
2333 4755
2334 5984
2335 2761
2337 3568
2337 4682
2338 5099
2339 3150
2339 3310
2339 4150
2341 3618
2342 5837
2342 5920
2343 4041
2346 5448
2347 2846
2348 4911
2348 5872
2350 3634
2350 6075
2351 4872
2352 4152
2353 5385
2354 2481
2354 3895
2354 4417
2355 4401
2356 2768
2356 3299
2357 4983
2358 4786
2359 2449
2359 4118
2359 5911
2360 2487
2360 5337
2362 3400
2362 5125
2362 5297
2363 5364
2364 5589
2364 6205
2366 5725
2367 3463
2368 2543
2368 5536
2370 5022
2372 2773
2372 4624
2372 5253
2373 5338
2373 5353
2375 2775
2376 2993
2376 3506
2376 4925
2376 6009
2377 3431
2378 2941
2378 5376
2378 5855
2379 5053
2380 2914
2381 2978
2381 4638
2381 5091
2382 4475
2383 3874
2385 3224
2385 6141
2386 2943
2389 3004
2389 5000
2390 3712
2390 5214
2391 2898
2393 6041
2394 2583
2394 2584
2394 4226
2395 4980
2396 5363
2397 3953
2397 4674
2397 5332
2398 4786
2399 3232
2400 3391
2400 3502
2400 4045
2401 3101
2401 5840
2402 3910
2402 5436
2403 5946
2404 5067
2406 3526
2406 5170
2407 3142
2407 4069
2408 3238
2409 3902
2409 4559
2409 5247
2410 2714
2410 2745
2410 5000
2411 3233
2411 5284
2413 2451
2414 2948
2414 3044
2415 3368
2415 4138
2415 4520
2416 5312
2416 5478
2416 6131
2417 4691
2419 3695
2420 2524
2421 2549
2423 3881
2423 4526
2423 4609
2426 3856
2427 5025
2428 3362
2428 5357
2429 4205
2430 5438
2431 4227
2432 5494
2433 2523
2433 3420
2433 5949
2434 2851
2434 4759
2435 4963
2435 6173
2436 3007
2437 2994
2437 3385
2439 6123
2440 3189
2440 4923
2441 3907
2442 4314
2443 2633
2443 3403
2444 5535
2445 3896
2446 2638
2447 3699
2447 5368
2448 5050
2448 5309
2449 3566
2450 4956
2452 3094
2452 4414
2454 3613
2456 3761
2456 4472
2456 4997
2457 5548
2458 4575
2459 4672
2460 2751
2460 3313
2460 4410
2461 2598
2461 4005
2461 4295
2464 4260
2465 3848
2465 3944
2466 3406
2468 5068
2468 5764
2469 3424
2470 4500
2470 5657
2471 2865
2471 4758
2472 5486
2472 5719
2473 4093
2473 6027
2474 5446
2475 4630
2475 5663
2476 3389
2476 5539
2477 4695
2478 2742
2479 3907
2480 4631
2481 2928
2481 4452
2482 4493
2483 4084
2483 5155
2484 5300
2485 3296
2485 4544
2488 3893
2489 4209
2490 5181
2490 5447
2491 5392
2492 2511
2492 2720
2493 4693
2494 5766
2495 5141
2496 2992
2497 4467
2498 3911
2498 4316
2498 5058
2499 5039
2499 5664
2500 4080
2500 6142
2501 3360
2501 4496
2502 5615
2503 2767
2504 4521
2505 3387
2505 4487
2509 3697
2511 3213
2511 3422
2512 4265
2512 4954
2513 5736
2514 4108
2515 5039
2515 5208
2516 3780
2517 3819
2517 5969
2518 4863
2518 6173
2519 4233
2520 5451
2521 4489
2521 5523
2522 4107
2522 4484
2523 4841
2524 3027
2525 2836
2527 2962
2527 5485
2528 2907
2528 2999
2528 4385
2530 2698
2530 6079
2532 3284
2533 5639
2534 3433
2534 3476
2535 4234
2535 5106
2536 5986
2537 5094
2538 6026
2539 5115
2542 3540
2542 5502
2542 6101
2543 5701
2545 3946
2547 4576
2548 3748
2548 4228
2549 4598
2549 5795
2550 4961
2552 3122
2552 5800
2553 3985
2555 3323
2556 5020
2557 4000
2558 5531
2559 2572
2559 5075
2559 6159
2560 3235
2560 5925
2561 4546
2561 6099
2562 4579
2563 6227
2564 4819
2564 5164
2565 3949
2565 4852
2566 2589
2567 5281
2569 4811
2570 3368
2570 4348
2572 4087
2572 4829
2573 4693
2574 3888
2574 5796
2576 3879
2577 4675
2579 4937
2580 4497
2581 2961
2581 4259
2582 4965
2583 3070
2583 3600
2584 3562
2586 5131
2587 3743
2587 4253
2588 2947
2589 3917
2589 4714
2590 4408
2590 5343
2590 5714
2590 5728
2590 6022
2592 3442
2592 4506
2593 5937
2594 4655
2594 4830
2594 5784
2597 5285
2602 4347
2602 4605
2603 6232
2604 2768
2604 6023
2605 2755
2605 4308
2605 5736
2606 3045
2607 2890
2607 4710
2608 6106
2609 6089
2610 4165
2611 2675
2612 5216
2613 3848
2614 5339
2614 5634
2615 3818
2616 5141
2616 5371
2617 3413
2617 4078
2617 6129
2619 3832
2619 3994
2619 4754
2620 3690
2621 3080
2621 5103
2621 5269
2622 2917
2622 3612
2622 5763
2623 5116
2624 4327
2625 4252
2626 3019
2626 4812
2626 6144
2627 3162
2627 3964
2629 5111
2630 2661
2632 2939
2632 5985
2632 6034
2634 4873
2635 4336
2635 4833
2636 5328
2637 3426
2638 3147
2639 4731
2639 5117
2643 2693
2643 4109
2644 3065
2644 3990
2644 5982
2646 4637
2648 4023
2648 4217
2649 5051
2650 2868
2650 5393
2652 3426
2652 5412
2652 5531
2653 5941
2654 2977
2656 5254
2657 5314
2658 4003
2659 5468
2660 2677
2664 4979
2665 4823
2666 3207
2666 3401
2666 5137
2668 5618
2670 2673
2671 2971
2673 4056
2674 3548
2674 4183
2675 4471
2678 4715
2679 3022
2679 3332
2679 5750
2680 4470
2682 2859
2682 3625
2685 5380
2686 2801
2687 2834
2687 5148
2687 5203
2688 4755
2691 3653
2692 4429
2694 3738
2694 5019
2695 2929
2695 5228
2696 3541
2697 4057
2699 4702
2700 4620
2701 2884
2701 2938
2702 5194
2706 6047
2706 6211
2707 4311
2707 4482
2708 4517
2709 2978
2710 3483
2711 5818
2711 5822
2712 3053
2714 3293
2715 2936
2715 3435
2715 5524
2716 3575
2716 4472
2717 5111
2718 4290
2718 5844
2720 2809
2721 4318
2723 5710
2724 4017
2724 4426
2725 4838
2728 3093
2729 5814
2732 5124
2732 5174
2734 2786
2734 4280
2736 4061
2737 4077
2738 2960
2740 4310
2740 5681
2741 3919
2742 4543
2742 5722
2744 4745
2746 4195
2746 5580
2747 3553
2750 4009
2751 4391
2751 4749
2752 4505
2753 5766
2754 3449
2755 6092
2756 5287
2756 5504
2757 5464
2757 5719
2760 4239
2763 3818
2764 3078
2764 5506
2765 3345
2766 4434
2767 3937
2768 3702
2769 2852
2769 6153
2770 4878
2770 5877
2771 3687
2772 3650
2774 4866
2777 3494
2777 4505
2777 5170
2777 5525
2777 5945
2778 4953
2778 6073
2779 3721
2779 5510
2780 4339
2780 5478
2781 3546
2783 6168
2784 5169
2785 3701
2787 5379
2788 4073
2791 2870
2791 3594
2791 5805
2795 5884
2796 3029
2796 4408
2796 5433
2799 5787
2800 4108
2800 5779
2802 4707
2803 4133
2804 2887
2804 4610
2805 5476
2806 4065
2807 4313
2808 3498
2809 5954
2809 6186
2810 3686
2811 3588
2811 3793
2812 5056
2812 5310
2812 5880
2814 3726
2815 3023
2815 3409
2815 4669
2817 3952
2818 5038
2819 5688
2822 6072
2823 3694
2824 2910
2825 2925
2826 4643
2826 6121
2827 3417
2828 4777
2828 5375
2831 3046
2832 2980
2832 4456
2834 6166
2835 6019
2835 6164
2836 5991
2837 2961
2837 4779
2838 3521
2838 5492
2841 3605
2842 4750
2842 5644
2842 6199
2843 4873
2845 4085
2847 5998
2848 4010
2849 3153
2849 4737
2850 3376
2853 5002
2854 5633
2855 4019
2856 5392
2859 5695
2860 3805
2861 3615
2862 5550
2862 5639
2863 3295
2866 4709
2867 3042
2869 5601
2870 3797
2871 5484
2872 6204
2874 4467
2875 4901
2875 5006
2876 2908
2878 3519
2878 6230
2879 5385
2880 3200
2881 2921
2881 3322
2883 3509
2883 4764
2886 3577
2887 2933
2888 3425
2889 5815
2891 4577
2892 3708
2892 4775
2893 3346
2894 4494
2894 5204
2896 3954
2898 3010
2899 3345
2899 4975
2900 4499
2902 5612
2903 4291
2904 2986
2906 3259
2906 3496
2906 3746
2906 5795
2907 3929
2907 4133
2908 3256
2908 5201
2908 5718
2909 3735
2909 4455
2909 5448
2911 5869
2912 3965
2913 3398
2913 6160
2915 4588
2917 6244
2918 3589
2920 3275
2920 5792
2921 5749
2921 6249
2922 3314
2922 5191
2924 3351
2925 5721
2926 5199
2927 4393
2927 4747
2928 5301
2929 4121
2929 5227
2930 4464
2930 4524
2931 3299
2934 5116
2935 5017
2936 4398
2937 4490
2938 3307
2940 3365
2941 4437
2942 5774
2943 2998
2943 3443
2943 4474
2945 3180
2946 5359
2946 5743
2947 5497
2949 3926
2951 4871
2955 3200
2955 5604
2956 6187
2957 4704
2958 5824
2959 3003
2959 5021
2961 3669
2964 5126
2964 5757
2965 5451
2966 5035
2968 3606
2969 3067
2970 4636
2971 4373
2972 4759
2973 5647
2974 4898
2974 4959
2975 4031
2977 5559
2978 5791
2979 4147
2979 4232
2980 4363
2980 4994
2981 6206
2982 5702
2983 5210
2984 4161
2985 4559
2987 3070
2987 5747
2988 4086
2989 3226
2989 3430
2990 3088
2992 3706
2993 4190
2995 5289
2995 5358
2996 4184
3001 3876
3001 4438
3001 5936
3004 6112
3005 3435
3005 3908
3007 3368
3010 3815
3010 5822
3012 4655
3016 5608
3017 3592
3017 4359
3018 4889
3018 5381
3021 4745
3021 5296
3022 3127
3024 6107
3025 5438
3026 3292
3026 4736
3027 3980
3030 4200
3030 6189
3032 4431
3033 4978
3034 4447
3035 3444
3035 5490
3035 5877
3036 4936
3037 3087
3037 5169
3037 5186
3039 6126
3040 4295
3041 3483
3043 3060
3043 4486
3044 5372
3047 5898
3048 4628
3049 3851
3050 3858
3051 3815
3052 5854
3054 4511
3055 4313
3055 5119
3056 4756
3057 5897
3058 6065
3059 4640
3061 6231
3062 3095
3062 5284
3063 5042
3065 5231
3066 5483
3066 5826
3067 3714
3067 6076
3068 3169
3069 5683
3073 3787
3076 5254
3078 5949
3080 5535
3082 3261
3082 3751
3083 4588
3085 5807
3086 3140
3086 5380
3087 4572
3087 5767
3088 5188
3088 5389
3089 3176
3090 4226
3092 5707
3095 3520
3095 4529
3095 5549
3096 4955
3097 4136
3097 5469
3097 5780
3098 6150
3100 3184
3101 4719
3102 6027
3103 3114
3103 4208
3104 4963
3105 4758
3107 3683
3108 4815
3108 5773
3109 3734
3109 5513
3110 3644
3110 5783
3111 5110
3111 5926
3112 3515
3113 6131
3114 5516
3115 5452
3115 6063
3116 4190
3116 5897
3117 4265
3118 5396
3119 5606
3120 4914
3123 5520
3124 5896
3125 5620
3126 3386
3126 6042
3127 4857
3128 5799
3129 6035
3131 3555
3133 4246
3134 5369
3134 6072
3135 4225
3136 5477
3137 4283
3137 4622
3138 3357
3138 4767
3140 4066
3141 6108
3143 5378
3144 4969
3145 4009
3146 4395
3146 5935
3147 5420
3148 5193
3148 5697
3149 5517
3151 4595
3151 5445
3152 4069
3152 4258
3155 5912
3156 4708
3157 5072
3159 4357
3160 4983
3161 5819
3161 6246
3162 4207
3162 5609
3166 5347
3168 3429
3168 4842
3169 4332
3170 5684
3171 4839
3176 4132
3178 5302
3180 4051
3180 4363
3180 4850
3180 4924
3181 3678
3182 3590
3182 5089
3183 5362
3185 3396
3185 5682
3185 6130
3186 3958
3186 4406
3187 5834
3188 5600
3189 4368
3192 4808
3195 5739
3196 5114
3197 6065
3198 4983
3198 5063
3200 4397
3203 3321
3203 4240
3204 4870
3204 6130
3205 3537
3206 4370
3206 5516
3207 4331
3207 4806
3208 5526
3210 5167
3212 3319
3212 3436
3214 4701
3215 4609
3216 3603
3216 3889
3218 3448
3218 5001
3219 6084
3220 4180
3220 4395
3221 4990
3222 4799
3223 5692
3224 5360
3225 3792
3225 6034
3226 3936
3226 5586
3228 5059
3230 5545
3230 6044
3231 5321
3234 4281
3236 4054
3236 5868
3237 5629
3238 3424
3239 3482
3239 4688
3240 3611
3240 4479
3241 5921
3244 3548
3245 5261
3247 5103
3248 6137
3249 6173
3250 3708
3254 5703
3255 3506
3255 6109
3258 5398
3260 4491
3260 5920
3261 4348
3263 3667
3263 4375
3264 5417
3265 3506
3266 3314
3266 4789
3267 4734
3267 5953
3269 4931
3269 6190
3270 5713
3270 5961
3272 3445
3273 3494
3275 5770
3278 4165
3279 6076
3280 4669
3281 6171
3283 3518
3283 3967
3284 4071
3285 6165
3286 4566
3287 3856
3287 4558
3287 5303
3288 3360
3288 5076
3289 4389
3289 5264
3292 4073
3293 4177
3295 4713
3295 5444
3296 6054
3301 3729
3301 5724
3302 4289
3302 5759
3302 5983
3303 3370
3303 5168
3304 4195
3304 5108
3304 6214
3306 3666
3307 6041
3308 4973
3309 3579
3311 4018
3311 4342
3311 4470
3311 4973
3311 5858
3312 3452
3312 4547
3312 5747
3313 6140
3315 4712
3315 5048
3316 5307
3316 5963
3317 4446
3317 4597
3317 6234
3318 3736
3319 5959
3320 3578
3320 4716
3321 4768
3322 3939
3323 4013
3324 5978
3325 3474
3325 5725
3327 4792
3328 6115
3329 4167
3330 5184
3331 4343
3334 3660
3335 3388
3335 4727
3335 6054
3336 5267
3337 5453
3337 5708
3338 4553
3338 5645
3339 4692
3339 5736
3340 4956
3340 4994
3341 3625
3341 5533
3342 3380
3342 5669
3342 6061
3344 3693
3344 6243
3345 3418
3346 3554
3353 4490
3353 5005
3354 6047
3355 5831
3359 4742
3359 6114
3360 4082
3361 3920
3364 4052
3365 4934
3366 5607
3367 3533
3368 5738
3371 4250
3372 5918
3373 4245
3373 5499
3375 5315
3376 4821
3376 5549
3377 4097
3377 5409
3378 3383
3378 4300
3382 6059
3384 5452
3385 4070
3387 4180
3387 5093
3390 3936
3390 6028
3391 3862
3391 6055
3392 3841
3394 3695
3394 5308
3394 6245
3395 3781
3395 5462
3397 5956
3398 5270
3399 5535
3401 4037
3403 5522
3404 4821
3405 4910
3405 5664
3408 4004
3409 3859
3409 4992
3410 3783
3411 3623
3412 3860
3414 4431
3415 3811
3415 4236
3416 5302
3418 3450
3418 3793
3418 6133
3419 4143
3424 4814
3427 4934
3428 3821
3428 5690
3429 4618
3433 4473
3435 4259
3436 3894
3436 5088
3437 5827
3439 4341
3439 4686
3439 5260
3440 3768
3440 4163
3446 3622
3447 4687
3447 5884
3448 6229
3449 3788
3449 5950
3450 5395
3451 4228
3452 4406
3453 4559
3454 4675
3455 4838
3457 6225
3458 3662
3458 4168
3458 5495
3458 5651
3459 5555
3460 4210
3460 5652
3461 3644
3463 4858
3464 5216
3465 5281
3468 4042
3469 3738
3469 3816
3471 3951
3471 5012
3472 4156
3473 3806
3473 6169
3475 5001
3478 5454
3480 5195
3482 4061
3482 5452
3486 4165
3487 3737
3488 4867
3488 5317
3489 6057
3490 4772
3490 5345
3491 3941
3492 4471
3495 5993
3496 5685
3497 4024
3498 5321
3498 5356
3500 5304
3501 4056
3502 4758
3502 5468
3506 4701
3508 3624
3508 4111
3510 5062
3512 4549
3512 5306
3512 5530
3513 3606
3514 4812
3515 4252
3516 6013
3517 3744
3518 4028
3523 3646
3524 3780
3524 4739
3525 3885
3525 4907
3525 5509
3527 3808
3527 5076
3529 4511
3530 4879
3531 5645
3531 6068
3532 4518
3534 3747
3534 5037
3536 5758
3537 5443
3537 5515
3538 5823
3539 4725
3540 3830
3541 3833
3541 5450
3543 5600
3543 6119
3544 4433
3545 3754
3549 3854
3549 4328
3549 6242
3550 4526
3550 5871
3551 4261
3553 3884
3553 5886
3555 4132
3556 3771
3556 4881
3557 5321
3559 4036
3559 5406
3560 5741
3561 3906
3561 4480
3561 5292
3562 4337
3563 4807
3564 4416
3568 5010
3570 3998
3572 3803
3573 4180
3574 4383
3574 5472
3575 4647
3576 4455
3577 5221
3577 5850
3578 3718
3579 5339
3580 4546
3582 4249
3584 4115
3584 5438
3585 4735
3586 4859
3587 4849
3591 5544
3594 4351
3595 5074
3596 4906
3598 3715
3601 4148
3602 5561
3604 5046
3606 4731
3609 3851
3609 3885
3609 4255
3609 4437
3611 4909
3613 6083
3615 5833
3616 4944
3616 6212
3619 3692
3620 4360
3620 5115
3621 5859
3622 3964
3622 5451
3629 4349
3629 4790
3630 4092
3634 3655
3634 3705
3635 4098
3636 3643
3639 3820
3639 4779
3640 5052
3641 4076
3641 4908
3642 4953
3643 4162
3644 3982
3647 4958
3647 5853
3650 4095
3651 3714
3653 5640
3654 5400
3656 4506
3658 6197
3660 6155
3661 5737
3663 3924
3664 5625
3665 4203
3665 4325
3665 4346
3665 5391
3666 5021
3669 5962
3671 4568
3671 5345
3673 6036
3674 4053
3678 5613
3679 4555
3682 5485
3684 4834
3686 4306
3687 4992
3689 5190
3689 5681
3690 4035
3690 4932
3692 4533
3693 5054
3694 5622
3695 5781
3696 3979
3697 4569
3700 4334
3701 5404
3701 5679
3702 5671
3704 6076
3705 5232
3706 4352
3707 3963
3712 5710
3712 6049
3715 4915
3715 6248
3716 3991
3717 3940
3717 4770
3717 5036
3717 5139
3719 4455
3722 6147
3723 5975
3725 5172
3726 4448
3727 5726
3728 5905
3729 3732
3731 3813
3733 5796
3736 4358
3739 4158
3740 4061
3741 5098
3744 4578
3745 4010
3745 4961
3745 5239
3748 4399
3748 5390
3749 3853
3751 4252
3751 6144
3752 4212
3752 5658
3754 4690
3756 4117
3757 4632
3758 5935
3760 4437
3760 5842
3762 5373
3762 5875
3765 4364
3767 4985
3768 4699
3769 5506
3770 4534
3771 5873
3772 5621
3773 4991
3774 4753
3775 4494
3775 5074
3777 5155
3777 5892
3778 4789
3779 3891
3780 4896
3780 5848
3782 4153
3783 4816
3783 6239
3784 5597
3786 3989
3786 5772
3787 4085
3790 5584
3791 4510
3794 5398
3795 5046
3798 3913
3802 5057
3803 5118
3804 4995
3804 5496
3806 5184
3810 4182
3810 5330
3811 5052
3812 5300
3813 5417
3817 4788
3822 5346
3823 4500
3824 5179
3824 6231
3826 6168
3829 4875
3829 4909
3830 4904
3831 4309
3833 3855
3833 5251
3835 5356
3836 5481
3838 4641
3838 5646
3839 5344
3841 5857
3842 4415
3844 4527
3844 6121
3845 4579
3848 5535
3849 5855
3850 4245
3851 4831
3852 3926
3852 4034
3854 6187
3857 4930
3857 5836
3858 5635
3859 5056
3860 4845
3860 4884
3860 4991
3863 5586
3864 4223
3864 4360
3868 4664
3869 5254
3869 6004
3870 4825
3871 6214
3872 4878
3872 5970
3873 4326
3878 5223
3879 5721
3881 6143
3882 5586
3886 4971
3886 5522
3887 5547
3887 5616
3890 3930
3892 4228
3893 5882
3897 4299
3898 4998
3899 5018
3900 4299
3900 4731
3901 5318
3902 5312
3903 4208
3904 4604
3906 5801
3909 6222
3910 5309
3910 5336
3911 5735
3911 5794
3915 3981
3916 4685
3917 5121
3917 5834
3918 5150
3920 4608
3921 6032
3922 4567
3922 4826
3923 4508
3923 5011
3927 5089
3928 4875
3930 3959
3930 5448
3931 5741
3932 3947
3932 5141
3936 5753
3937 4229
3937 4506
3938 4081
3942 4592
3942 4682
3943 4338
3944 4057
3947 3993
3949 4580
3949 5622
3951 4418
3951 5607
3953 4535
3954 4601
3954 5655
3955 4340
3955 4435
3957 4083
3960 3981
3961 5352
3962 6237
3968 4307
3969 6037
3970 5048
3970 5354
3971 4917
3971 5312
3972 4096
3973 4411
3974 4971
3974 6102
3975 5588
3977 6142
3978 4391
3979 5695
3980 4798
3980 5680
3981 5948
3983 4515
3983 6019
3984 4733
3984 4808
3987 5073
3987 5570
3987 5593
3988 5198
3991 4716
3991 5368
3992 5489
3995 6108
3996 5096
3998 6193
3999 4445
3999 5093
4000 5251
4001 5109
4001 5260
4002 4753
4005 6020
4006 5981
4006 6222
4008 5505
4010 4972
4011 6197
4012 4608
4013 5326
4014 5411
4020 4084
4021 4133
4025 5777
4027 5052
4031 4331
4031 5017
4032 4622
4033 4261
4034 5344
4034 5866
4036 4639
4038 4259
4038 4587
4040 5634
4042 4938
4042 5907
4042 6146
4043 4981
4044 4869
4045 4090
4045 4192
4045 5450
4048 5676
4049 4552
4050 4689
4051 5283
4052 5692
4053 4753
4053 5562
4059 4759
4061 4191
4061 4540
4061 5264
4062 4326
4062 4808
4063 4389
4064 4218
4064 4776
4067 5102
4068 5557
4072 5831
4073 5020
4073 5430
4074 4870
4075 5246
4076 5971
4077 4481
4077 5192
4079 4181
4079 4462
4079 4735
4080 4547
4083 4558
4086 4188
4086 5814
4087 6110
4088 5117
4088 6078
4089 4170
4089 6138
4090 4257
4091 5806
4094 4298
4095 4886
4099 5440
4100 5895
4101 5537
4103 5174
4106 5528
4107 5252
4109 5149
4112 4312
4113 4510
4116 4809
4118 4967
4118 5873
4120 4749
4120 5463
4122 4405
4122 5161
4123 4230
4126 5138
4129 6166
4134 5356
4138 4206
4139 4468
4139 4785
4139 5087
4140 4233
4141 5187
4143 4395
4143 4645
4143 5267
4145 4384
4145 4488
4145 6181
4146 4681
4146 5097
4152 5718
4153 5638
4155 6075
4157 5061
4157 5333
4159 5675
4159 6067
4160 6071
4161 4324
4161 5864
4166 5122
4170 5541
4171 5464
4172 6214
4175 5699
4176 4449
4178 5795
4182 4762
4184 5440
4185 5407
4186 6183
4187 4366
4188 5803
4189 5096
4193 4500
4194 4707
4195 5456
4196 4247
4197 6030
4198 4391
4198 6045
4199 4893
4200 4744
4200 5749
4203 5162
4205 5706
4206 5646
4207 4561
4207 5626
4208 5690
4210 5797
4211 5945
4213 5951
4216 4441
4222 4653
4223 4512
4231 4631
4231 4670
4233 5144
4234 5078
4234 5784
4235 5226
4237 4533
4237 5406
4238 4799
4242 4961
4244 5208
4245 5441
4251 5576
4252 5904
4254 5650
4254 6059
4256 4278
4256 5147
4258 5938
4259 4769
4261 4755
4262 5658
4263 5025
4264 5543
4266 5573
4267 5432
4268 4985
4269 5107
4270 5344
4270 5566
4271 5222
4272 5158
4273 4305
4276 5235
4277 4922
4278 4804
4278 5571
4279 5218
4280 5992
4281 4339
4282 5542
4282 5894
4284 6198
4285 4307
4287 6159
4288 4840
4288 6235
4290 5084
4291 5266
4292 5239
4293 4462
4294 6156
4296 5930
4297 5491
4298 5414
4300 4534
4301 5618
4302 4710
4302 5979
4303 5823
4305 5007
4307 5464
4308 4961
4308 5564
4310 6085
4311 5336
4311 5481
4312 5222
4312 6120
4315 5282
4316 4751
4317 4332
4318 5416
4319 4501
4321 4478
4322 5536
4327 6112
4330 4705
4330 5243
4335 5740
4343 5654
4343 6027
4346 5213
4347 5851
4350 4990
4353 5240
4353 5492
4354 4523
4354 4837
4355 6171
4356 5801
4358 5120
4359 5228
4360 5653
4361 5571
4363 4650
4364 5095
4365 4764
4366 4610
4366 4644
4366 6165
4369 4551
4370 5920
4372 4742
4373 5184
4376 4449
4378 4748
4378 5146
4379 4529
4381 5080
4383 4888
4383 5514
4384 4626
4386 5166
4386 6049
4388 4805
4389 6227
4390 6181
4394 4800
4396 6081
4397 5482
4397 5995
4398 5333
4400 4727
4400 6215
4402 5699
4405 4807
4412 5604
4415 4667
4415 4899
4418 5924
4419 5105
4419 5112
4420 5635
4421 5193
4424 5443
4425 5932
4428 5833
4433 4937
4434 4898
4436 4813
4439 5900
4440 4953
4440 5018
4441 6048
4443 5200
4444 4602
4448 5244
4450 4792
4453 5153
4459 5413
4460 6223
4463 5350
4465 5303
4470 4847
4470 6208
4475 5246
4475 5595
4475 5870
4475 6021
4477 5314
4479 5340
4481 5295
4483 5558
4487 5466
4488 6135
4489 5180
4490 4595
4492 5651
4493 4567
4494 4575
4494 5263
4495 6249
4497 5530
4501 4635
4502 5094
4503 4948
4504 4836
4504 4929
4506 4539
4509 5432
4509 5847
4510 5221
4513 5170
4516 4777
4519 5511
4524 4950
4524 6066
4527 6182
4528 4902
4528 6212
4529 5748
4530 5433
4535 4596
4536 4867
4538 4613
4538 5014
4538 5699
4541 5575
4542 4854
4545 6115
4546 5548
4547 5475
4548 5672
4552 6079
4553 5695
4554 6202
4556 5591
4556 5675
4560 4972
4562 5156
4563 4633
4564 5016
4566 6013
4569 4849
4569 5270
4571 4744
4573 5145
4573 5887
4574 4901
4581 5976
4585 5660
4586 5630
4586 5793
4590 5283
4593 5581
4601 6127
4602 5587
4603 5285
4607 6232
4610 6196
4611 4651
4612 4683
4615 5326
4616 5867
4618 4771
4618 4865
4620 5709
4622 5658
4623 4671
4625 5711
4629 4890
4629 5354
4634 4918
4635 5073
4635 5508
4637 5613
4638 5529
4642 5517
4642 6163
4643 6190
4645 5317
4647 5086
4649 4708
4651 6127
4652 5957
4653 5809
4653 5944
4655 6162
4657 5276
4658 5240
4659 5317
4660 5306
4661 6170
4665 4718
4671 5149
4673 4796
4677 5082
4681 6220
4683 5733
4689 5762
4692 4900
4694 4753
4696 5363
4697 5538
4698 5154
4698 6069
4700 5630
4705 5596
4710 4722
4711 4873
4711 5293
4713 4788
4713 5903
4715 6210
4716 5762
4716 6058
4717 5025
4719 5696
4720 5501
4721 6007
4723 6175
4724 5091
4726 6175
4727 5335
4727 5359
4728 5651
4729 6189
4730 6046
4732 5770
4732 6238
4734 6219
4738 5460
4743 5589
4743 6095
4744 5197
4745 5181
4746 5282
4752 5592
4753 4766
4753 5591
4759 4792
4760 6217
4761 4914
4765 5939
4767 5772
4768 5715
4768 5915
4771 6112
4773 4868
4776 4800
4778 6170
4779 6105
4780 5856
4780 6135
4782 5009
4784 5391
4785 4818
4792 5034
4793 4817
4795 5232
4796 6200
4797 5432
4801 4899
4802 6145
4803 5683
4814 5318
4816 6224
4817 5005
4817 6008
4824 5452
4825 5152
4826 5038
4826 5471
4828 5079
4835 6001
4836 5960
4837 5590
4843 5229
4843 5501
4843 5696
4844 5109
4846 5290
4847 5323
4848 5055
4848 5723
4851 5462
4853 5889
4855 5383
4856 4923
4862 5137
4869 6129
4870 5298
4872 5075
4887 6190
4891 5126
4894 4937
4895 6141
4897 5609
4898 5775
4900 5769
4901 5659
4903 4995
4903 5635
4905 5181
4906 5282
4912 5515
4916 5839
4928 5396
4930 5009
4932 5277
4933 5297
4938 5125
4938 5491
4939 5824
4940 5674
4941 5175
4941 5265
4943 5397
4946 5083
4947 5475
4947 5862
4948 6011
4950 5317
4951 5678
4953 5409
4956 5387
4959 5434
4959 5809
4960 5114
4960 5836
4962 5742
4968 6233
4970 5829
4972 5730
4976 5934
4977 4982
4981 5068
4987 6190
4988 5181
4989 5300
4994 5820
4996 5019
4998 5446
5000 5776
5003 6154
5005 5739
5017 5071
5018 6203
5021 5331
5022 5814
5023 5898
5026 5201
5027 6125
5028 6117
5030 5184
5031 5522
5035 5117
5037 5276
5039 5982
5044 5707
5060 5569
5060 5822
5063 5720
5066 6014
5068 5180
5068 5672
5070 5131
5073 5171
5075 5577
5082 6208
5085 5568
5089 5268
5091 5984
5093 5309
5095 6228
5096 5694
5098 5272
5099 6192
5100 5439
5102 5611
5102 6226
5102 6236
5103 5880
5104 5677
5105 5149
5111 5910
5113 5329
5114 5378
5114 6135
5128 6160
5132 5302
5133 6181
5137 5722
5141 5418
5142 5737
5144 5561
5145 5423
5145 5455
5150 6133
5159 5248
5163 5782
5177 5746
5183 6220
5184 5783
5184 6069
5186 6098
5188 5467
5189 5402
5193 5416
5198 5530
5199 6126
5202 5403
5204 5921
5205 5865
5206 6009
5211 5581
5213 5764
5214 5900
5215 5570
5219 5891
5224 5782
5225 5879
5230 5468
5233 5768
5239 5761
5243 5272
5249 6217
5253 5469
5255 5262
5256 6069
5257 5897
5259 5936
5262 5910
5265 6149
5267 5860
5268 5457
5274 5741
5274 5966
5279 5636
5281 6004
5288 5716
5289 5544
5290 5726
5296 5698
5296 6100
5301 5759
5304 5499
5308 5893
5311 6153
5314 6148
5316 5731
5321 5585
5338 5407
5340 5687
5341 5594
5342 5884
5347 5667
5348 5930
5350 5752
5351 5550
5351 5829
5352 6025
5355 5973
5364 6089
5365 6012
5367 5601
5378 5727
5382 5874
5384 5516
5399 5536
5401 5975
5403 5712
5408 6194
5412 5506
5416 5458
5425 5792
5427 5608
5428 5657
5432 5590
5437 5813
5442 6047
5444 5553
5445 6025
5446 5689
5446 6077
5456 6119
5458 6031
5459 5538
5461 5948
5465 6215
5478 5778
5482 5540
5484 5521
5484 6027
5487 5734
5488 6214
5489 5956
5491 5534
5493 5830
5494 6024
5501 5891
5503 5710
5507 5789
5517 6060
5524 6043
5525 5660
5526 5579
5526 6240
5527 5948
5539 5649
5547 5801
5551 5784
5556 5883
5557 5751
5568 5894
5572 5781
5581 5796
5581 6054
5583 5913
5583 6055
5584 5964
5600 5627
5608 5704
5612 5619
5616 5756
5617 5710
5628 5637
5628 5979
5635 5717
5639 6176
5643 5852
5643 5878
5650 6047
5652 5804
5658 6006
5662 6199
5665 6026
5667 5813
5672 5996
5678 5888
5680 6094
5688 6075
5716 6196
5718 5932
5719 5993
5728 6132
5729 5788
5732 6176
5747 5885
5748 6035
5763 5997
5780 6198
5782 6192
5788 5977
5789 6144
5798 6090
5798 6197
5802 6113
5806 5990
5827 6242
5829 6051
5830 6215
5832 6196
5835 6176
5837 6056
5847 6039
5852 5920
5867 6157
5871 5974
5901 6116
5906 6115
5908 6002
5909 5916
5909 6221
5912 6217
5922 6112
5945 6218
5958 6144
5959 5987
5969 6082
5988 6088
5994 6232
5999 6142
6000 6131
6005 6213
6032 6183
6115 6180
6118 6134
6156 6168
6227 6233