97
0 83
1 26
1 52
2 47
3 51
4 72
4 81
4 82
4 85
5 26
6 12
6 23
7 13
7 16
8 20
8 65
9 26
9 27
9 46
10 31
10 37
10 66
11 44
11 71
13 55
13 63
14 32
14 51
14 78
15 19
15 43
15 55
15 59
15 81
15 87
15 94
17 18
17 54
17 58
17 61
17 88
19 95
20 86
21 74
22 36
22 53
23 29
24 49
24 84
25 92
26 35
26 45
26 60
26 63
28 81
29 47
29 56
29 83
30 38
30 48
32 40
33 92
34 92
36 49
37 91
39 79
39 80
41 56
42 67
42 90
46 83
47 71
48 62
49 76
50 69
50 96
53 74
57 60
57 64
61 64
61 76
62 96
65 76
67 68
69 77
70 83
71 75
73 75
77 80
78 81
79 91
79 95
83 90
83 92
89 90
93 95