781
0 456
1 168
1 426
1 619
1 755
2 376
2 536
3 69
3 70
4 256
4 587
4 670
5 195
5 444
6 299
6 506
7 103
7 245
7 722
8 235
8 758
9 243
9 646
10 100
10 639
11 678
12 73
12 502
13 131
13 163
13 223
14 463
15 222
15 234
16 416
16 417
16 530
16 554
17 33
17 353
18 304
19 676
20 139
20 213
21 33
22 484
23 530
24 558
25 92
25 405
26 104
26 302
26 579
26 763
27 313
28 333
28 561
28 687
29 175
30 46
30 358
30 461
31 717
31 748
32 212
32 328
34 53
34 374
34 482
35 403
36 653
36 675
37 371
38 80
39 535
40 97
40 682
41 671
42 249
42 500
43 196
43 408
43 571
44 663
44 714
45 57
45 404
46 349
46 688
46 704
46 760
47 371
48 589
49 351
49 441
49 491
50 99
50 353
51 436
51 749
52 316
53 621
53 664
53 736
53 774
54 234
54 362
54 383
54 558
55 61
55 317
55 735
56 193
57 93
57 194
57 504
57 702
58 81
58 601
59 209
59 271
59 353
60 111
61 288
62 717
63 573
63 612
64 731
65 411
66 566
66 697
66 768
67 184
67 684
68 89
68 117
68 368
68 531
68 684
69 581
70 311
70 324
71 418
72 772
73 401
74 488
75 664
76 404
77 258
77 540
78 236
78 719
79 645
79 736
80 100
80 296
80 536
82 107
82 455
82 658
82 678
83 627
83 636
84 323
84 342
84 539
84 590
85 194
86 429
87 323
87 623
88 297
88 696
89 495
89 601
90 713
91 175
92 323
92 381
92 749
93 444
94 102
94 549
95 305
95 581
96 283
97 368
97 650
98 124
99 502
101 239
102 156
105 625
106 118
106 357
106 726
107 332
107 629
108 113
108 187
108 710
109 451
109 680
110 317
110 414
111 148
111 483
112 430
113 408
114 565
115 368
115 671
116 299
117 724
119 198
119 518
120 279
121 356
122 402
123 342
124 565
125 327
126 679
127 343
127 439
128 290
128 576
128 686
129 450
129 754
130 240
132 575
133 179
133 496
134 176
134 396
134 521
134 596
135 288
135 490
136 351
137 568
138 266
138 286
140 214
140 238
140 686
141 628
142 469
143 605
144 324
144 674
145 321
145 478
145 620
146 157
146 759
147 606
148 284
149 250
149 520
150 302
151 342
152 243
153 334
153 604
153 731
154 225
154 683
155 188
156 208
156 403
157 752
158 186
158 343
159 490
159 493
160 213
160 542
160 738
161 263
161 455
162 415
163 421
163 763
164 313
165 601
166 499
166 618
167 393
168 513
168 534
169 460
169 637
169 665
170 673
171 202
172 488
172 589
173 452
173 511
173 621
173 640
173 705
174 364
174 510
174 709
175 420
175 582
175 705
177 227
177 371
178 510
178 737
179 410
180 242
180 321
180 517
180 662
181 545
182 275
183 252
183 716
183 773
184 580
185 382
185 435
185 569
186 470
186 503
188 622
189 377
189 420
190 203
190 382
190 714
191 309
191 747
191 757
192 528
193 195
193 220
193 750
193 757
197 290
198 285
198 779
199 586
200 463
201 463
202 310
202 533
204 288
204 543
204 584
204 641
205 365
205 370
206 598
206 759
207 729
208 505
209 416
209 723
210 281
210 557
210 722
211 228
211 615
211 772
212 375
213 522
214 409
215 228
215 593
216 280
216 749
217 322
217 720
217 725
218 519
218 721
219 656
219 732
221 747
223 310
224 255
224 648
225 762
225 780
226 514
226 582
227 436
227 673
228 445
229 712
230 416
230 764
231 293
231 327
232 270
232 291
233 612
235 720
235 767
236 471
237 529
238 638
239 469
239 712
240 296
240 740
241 693
241 700
242 481
244 345
244 351
244 778
245 334
246 257
246 275
247 249
247 332
248 265
248 708
250 586
251 498
253 305
253 536
254 334
254 556
254 654
256 745
257 746
258 266
258 545
259 380
260 382
261 384
261 451
262 609
263 362
264 685
264 687
265 318
266 428
266 433
266 746
267 604
268 473
269 678
269 686
270 634
272 389
272 407
272 572
273 466
273 586
274 579
276 453
276 463
277 748
278 393
278 683
279 676
281 314
281 348
282 719
283 540
284 464
284 528
286 419
287 683
288 492
289 501
289 568
289 644
290 592
292 315
293 751
294 570
295 484
295 547
295 744
296 603
296 748
297 411
298 594
299 561
299 671
300 766
301 443
302 405
303 394
303 636
304 440
304 773
306 529
307 331
307 477
308 668
308 700
308 739
309 607
311 367
312 447
312 715
313 437
313 736
314 551
315 557
316 319
316 415
317 672
318 548
319 724
320 572
320 625
321 507
322 473
322 507
325 603
326 460
326 540
327 458
329 600
329 747
330 617
331 568
331 593
333 448
333 451
335 507
336 615
337 366
337 474
337 526
337 666
338 391
338 472
339 649
339 701
340 750
341 367
344 426
344 608
346 565
346 742
347 565
350 475
350 596
350 633
350 768
352 505
352 604
354 535
354 569
354 659
355 468
355 775
356 363
356 368
357 412
358 703
359 476
359 538
359 631
359 660
360 514
361 524
363 537
363 751
364 431
364 541
364 588
369 474
369 676
370 540
371 593
372 550
372 720
373 635
375 636
377 585
378 454
379 493
380 395
380 489
382 545
384 441
385 419
386 438
387 494
388 467
389 446
389 564
390 564
390 766
392 427
392 563
394 610
395 422
396 588
397 515
398 565
399 409
400 623
402 699
405 439
406 526
407 743
407 765
408 489
410 634
410 666
412 553
413 506
417 676
418 677
419 423
421 557
421 605
423 733
424 713
424 729
425 663
426 538
427 683
429 584
430 447
431 560
432 503
434 566
438 635
438 739
438 755
439 544
441 715
442 726
443 612
445 631
446 761
448 571
449 480
449 595
450 528
450 718
450 771
451 694
454 480
455 622
456 622
457 568
459 542
460 467
460 677
460 745
461 573
462 707
462 720
463 642
465 479
465 755
467 616
467 679
469 674
470 613
470 681
470 728
471 597
472 599
472 703
472 759
473 512
473 628
475 485
478 518
479 698
479 729
482 719
482 734
483 519
484 739
486 544
487 500
487 706
488 496
490 500
491 591
494 511
494 602
494 652
495 646
496 770
497 576
498 698
498 730
499 523
499 745
501 594
501 653
502 546
508 720
509 629
510 618
512 677
514 743
515 773
516 556
517 597
519 576
519 723
520 577
522 640
524 762
525 686
525 715
527 533
527 552
528 627
529 628
532 569
547 562
551 598
553 609
555 583
555 657
559 648
560 772
564 626
565 624
565 747
567 605
570 758
574 757
575 721
575 776
576 632
578 710
581 683
582 606
583 736
585 661
586 763
592 696
593 691
594 643
595 621
596 651
599 701
604 711
606 727
608 655
609 695
611 644
614 773
616 708
617 740
629 689
630 699
630 772
642 656
647 669
647 762
648 666
658 766
662 777
664 769
667 760
674 693
678 756
690 773
690 777
692 748
699 753
700 732
709 775
726 774
741 766
747 773