3125
0 178
0 211
1 2641
2 878
2 3077
3 202
4 2303
5 1201
6 758
6 1964
7 2311
8 2775
9 3031
10 866
10 1586
10 1926
11 891
11 1807
12 211
12 1340
12 1671
12 2001
12 2109
12 2894
13 83
13 1295
13 1732
13 1868
14 1420
14 1953
14 2153
15 3010
15 3016
16 40
16 3095
17 888
17 1207
18 95
19 2471
19 2771
20 2099
20 2446
21 417
21 695
21 1169
22 987
22 3090
23 992
23 2926
24 55
24 2069
25 186
25 504
25 1482
26 90
26 1215
26 2074
27 1622
27 2318
28 1665
28 2614
29 1582
30 458
30 1472
30 1706
31 821
32 89
32 256
32 966
32 3017
33 1992
33 2346
34 1073
35 1096
36 635
37 2196
38 2738
39 3028
41 1075
41 1549
42 1366
42 1879
43 2290
43 2709
43 2928
44 736
44 1687
44 2204
44 2610
45 1992
45 2649
45 2779
46 1741
47 166
48 557
48 1916
49 2181
49 2619
50 2901
51 58
51 1751
52 108
52 3013
53 759
53 2104
53 2342
53 2795
54 148
54 653
54 2159
54 2751
55 1601
55 1708
56 1700
56 2047
56 2396
57 1393
58 2397
59 229
60 962
60 1593
61 2155
62 447
62 2145
62 2245
62 2778
63 1034
63 1124
64 2987
65 269
65 364
65 482
65 1075
66 1084
66 1757
67 251
67 564
68 1823
68 1824
69 315
69 2028
70 1897
70 2501
70 2810
70 2917
71 1715
72 901
73 159
73 1235
74 84
75 591
75 623
76 741
76 1357
76 2196
77 116
78 459
78 1348
78 1379
78 1427
79 2005
80 1394
81 665
81 1665
82 1290
82 2995
82 3018
83 450
84 2212
85 231
85 618
86 2693
86 2719
87 884
87 1301
87 3091
88 916
88 1403
88 1572
89 1275
90 591
90 925
91 1913
91 2225
91 2698
91 3121
92 270
93 886
93 984
94 1986
94 2375
94 3046
95 1171
96 1128
97 1927
98 2749
99 1858
100 381
100 1068
100 2173
100 2678
101 2519
102 140
103 999
103 2797
104 1249
105 615
105 1349
105 1940
105 2330
106 418
106 1479
106 2413
107 1189
107 2442
108 846
109 539
110 359
110 2131
111 199
111 2437
112 295
112 1231
113 2299
113 2869
114 191
114 2339
115 711
115 1013
116 1641
117 238
117 1640
118 2735
119 2020
119 2203
119 2527
120 721
121 1578
121 1589
122 247
122 2588
123 448
124 970
124 1485
124 1865
125 965
125 1849
125 2429
126 657
126 1016
126 1392
127 597
127 2469
128 149
128 721
128 2328
129 1540
129 1749
130 688
130 2509
131 311
131 2438
132 691
132 771
133 2651
134 1229
134 3120
135 1443
135 2561
136 391
136 1314
137 2064
137 2439
138 1282
139 371
139 2940
140 2664
140 2974
141 1630
141 2187
141 3076
142 1301
142 2491
142 2943
143 930
144 2017
145 1744
146 890
146 3035
147 905
147 1208
147 2857
148 2707
150 426
150 2343
151 264
152 636
152 2767
152 2919
153 3042
154 2221
155 1904
155 2592
156 420
156 2830
157 246
158 777
158 1512
158 1602
158 2468
159 1093
160 783
161 832
161 1086
161 1899
162 2611
163 821
163 3098
164 250
164 456
165 2408
165 2413
165 2948
166 199
166 907
166 2456
166 2577
167 268
167 768
167 3048
168 3112
169 2313
170 666
170 1448
170 1796
171 938
171 1502
172 1494
173 2983
174 638
174 2594
175 1944
175 2889
176 435
177 215
177 411
179 1339
180 1089
180 1310
180 1714
181 2580
181 2626
182 568
182 1875
183 731
183 1637
184 2304
185 455
185 979
185 1879
185 2890
186 719
186 1078
186 1351
187 2096
187 2636
188 2949
189 454
190 1006
191 1398
191 1417
191 2568
192 451
192 1533
192 2726
192 3033
193 1305
193 2230
194 1214
195 2664
195 2990
196 1077
196 1604
197 2731
198 956
198 1864
199 961
200 1233
200 2060
201 1124
201 1660
202 1246
203 924
203 1778
204 1652
204 2738
204 2856
205 840
206 971
206 3060
207 2106
208 823
208 2646
209 876
210 1229
210 2460
211 981
211 1254
212 3056
213 254
213 304
213 655
213 1833
213 2165
213 2386
213 2495
214 2125
214 2612
214 2871
215 1829
215 1921
216 2919
217 1662
218 511
218 1357
218 2461
219 1935
219 2075
219 2350
219 2591
220 1569
220 1577
221 520
222 554
222 869
222 1133
223 500
223 510
223 2313
223 2449
223 2750
224 259
224 2073
225 561
225 972
226 1135
226 2523
226 3062
227 3029
228 1571
228 2148
228 2554
229 529
229 1270
229 2504
230 882
232 573
232 2934
233 1065
233 2398
233 2412
233 3067
234 1311
235 751
235 1410
236 571
237 1538
237 3077
238 3034
239 778
239 1556
239 2585
239 2971
240 1128
240 1836
241 2218
242 2894
243 295
243 1862
243 2228
244 1385
244 1577
244 1763
244 2169
245 2697
246 1168
246 2252
247 888
248 1972
248 2871
249 1190
249 1917
250 1477
250 2470
251 2800
252 956
253 915
253 1430
253 1957
255 2078
255 2936
257 768
257 2581
258 1809
259 1737
259 1937
260 1636
261 380
261 2768
262 2867
263 1624
264 616
264 2629
265 1444
266 572
267 762
267 2229
267 2924
268 2337
269 1996
269 2921
270 729
271 991
271 2402
272 851
272 1258
272 2796
273 1086
273 2260
273 2882
274 2042
275 1659
275 2475
276 467
276 1205
277 2094
277 3032
278 951
278 2638
278 3095
279 1940
279 2882
280 2943
281 780
282 588
282 2029
283 2540
284 2891
285 1115
286 375
287 3060
288 350
288 1470
289 909
290 490
291 1096
291 3010
292 457
292 1444
292 2210
293 696
293 2356
294 1645
294 2822
295 1501
296 1952
297 698
298 319
298 463
298 949
298 1473
298 1597
298 1756
298 2591
299 338
299 1209
299 1436
299 2957
300 2164
300 2660
300 2717
301 811
301 1328
302 1480
302 2424
303 1901
303 3058
305 2474
306 1999
306 2960
307 887
307 1292
307 1447
308 952
308 2351
308 2607
309 843
310 927
310 2396
311 2197
312 1216
312 2454
313 2287
314 361
314 479
314 549
314 1829
315 1037
316 2557
316 2716
317 1449
317 2229
318 1907
318 2444
320 1378
320 1450
321 1564
321 2227
322 1012
322 1641
322 2007
322 2601
322 2702
323 1797
323 2113
324 508
325 1714
325 3107
326 1002
326 1144
327 2404
328 343
328 414
328 2287
329 2542
330 2206
331 584
331 619
332 484
332 572
332 1081
333 671
333 2564
333 2580
334 418
335 1692
335 2465
336 2221
336 2289
337 845
337 2438
339 1328
340 698
340 2792
341 1505
342 2690
342 2771
343 703
343 819
344 2320
344 3061
345 357
346 840
346 2051
347 1262
347 2613
347 2730
348 811
348 2161
348 2930
349 2192
349 2505
349 2565
349 3070
350 740
350 1179
350 1668
351 1031
352 1807
352 2451
353 1967
353 2761
354 1998
355 637
355 2183
355 2801
356 1552
357 1218
358 577
359 770
360 1273
361 662
361 672
361 3051
362 2402
363 1492
365 1519
365 2116
365 2215
365 2878
366 1350
366 1445
366 1631
367 1757
367 3082
368 2918
368 3102
369 688
370 879
370 2820
371 542
371 1426
372 1089
372 2503
373 2106
374 2928
375 1167
375 1540
375 1760
375 2955
376 810
376 1102
377 739
377 1754
377 2471
378 909
378 2235
379 2711
379 3020
380 1304
380 1970
380 2913
382 900
382 2801
383 2630
384 403
384 2028
385 1040
385 1692
385 2217
386 1707
386 1789
386 2964
386 3119
387 2604
388 399
388 1019
389 645
389 1641
390 664
390 685
392 2849
392 3031
393 1274
393 1453
393 2274
394 1952
394 2227
394 2824
394 3097
395 1412
395 2633
396 838
396 859
396 2914
397 1524
398 1373
399 1545
400 527
400 1689
401 557
402 735
403 893
404 2639
404 3011
405 1031
405 1051
405 1968
406 793
407 1800
408 706
408 1125
408 2950
409 2628
409 2817
410 708
410 2448
412 2334
412 2618
413 532
414 1849
414 3039
415 1794
415 2485
416 2942
417 1658
417 2329
418 2195
419 450
419 3000
420 1598
420 1752
421 2233
421 2285
422 1349
422 1489
422 1862
423 2826
424 1987
425 1068
426 1883
426 2757
427 1022
427 1432
427 1957
428 2481
429 2131
430 2288
431 711
431 831
432 3080
433 2102
434 1832
435 2045
435 2684
436 1028
436 2852
437 608
438 675
438 1155
438 1700
438 2883
438 3123
439 1447
439 2277
439 2589
440 1358
441 1779
442 2491
443 1073
443 1823
444 1866
445 633
445 2392
445 2470
446 649
448 882
449 2040
450 1890
450 2321
451 854
452 1103
452 2267
453 626
454 1719
454 2932
455 2891
456 1471
458 1962
458 2327
459 2875
460 1424
460 1584
461 656
461 2022
461 2730
462 2298
463 1948
464 759
464 3074
465 1018
465 2829
466 1337
466 1798
466 2778
468 2438
469 543
470 1167
470 2062
471 724
471 2317
471 2550
472 511
472 2347
473 1100
473 1848
473 2529
474 2197
475 982
476 1835
476 2359
476 2756
477 2298
477 2900
478 1282
478 2115
478 2932
480 1059
480 2655
481 1210
481 1995
483 2708
484 2442
485 668
486 2753
487 2249
487 2514
488 2151
489 2087
490 2072
491 514
491 1305
492 2491
493 847
493 1070
494 2608
494 2678
495 1335
495 1498
496 518
496 2553
496 2819
497 886
497 1763
498 879
498 1563
499 2847
501 1264
501 1554
502 626
502 2701
503 1790
504 1505
504 2392
505 899
505 2035
505 2092
505 2527
506 1483
506 1660
507 2379
508 2152
509 939
510 2328
512 928
512 1154
513 767
513 1343
513 2620
515 1008
515 1420
516 1028
516 1098
516 2134
517 911
517 1716
517 2975
518 2051
518 2257
518 2842
519 1552
519 1609
519 2006
520 1862
521 632
522 2014
523 2349
524 1637
525 731
525 1415
525 2216
525 2545
526 921
526 1026
526 2422
526 2518
528 1067
528 2284
528 2552
529 2927
530 2065
530 2486
530 2547
531 1656
531 2940
531 3071
532 660
532 2954
533 1402
534 2163
534 3103
535 1500
536 960
536 1082
536 2110
536 2380
537 875
537 1218
537 1286
537 2114
538 627
538 1302
538 2547
539 741
539 1991
539 2915
539 3032
540 1715
540 2345
540 2588
541 650
542 1576
543 1953
544 1156
544 1419
544 2767
545 919
545 1765
546 2388
547 870
547 1655
547 2467
548 2417
548 2533
549 1928
549 3024
550 2889
551 2880
552 976
553 2066
555 607
556 2035
557 794
557 1237
558 3096
559 2736
560 782
561 693
561 920
561 2301
562 1984
563 773
563 1765
564 639
565 1233
565 1538
566 2372
566 2510
567 1458
568 632
568 1481
569 704
569 1646
569 2299
570 2068
571 1774
571 1916
572 2309
573 766
573 947
574 829
574 1826
575 877
575 1894
575 3121
576 2219
577 810
577 1449
577 2439
578 1064
578 2892
579 670
579 1317
579 1461
580 1624
581 785
581 921
581 1922
582 2178
582 2351
583 1481
585 791
585 883
586 1809
587 2886
588 2923
589 1019
589 1772
590 1087
590 1260
590 1542
590 2113
591 2272
592 1413
592 2157
593 2525
594 1020
594 2319
595 1520
595 2716
596 1099
596 1228
596 2278
596 2576
597 1380
597 2904
598 2170
598 2431
599 2426
600 2273
601 1790
601 2630
601 2828
602 1431
602 2556
603 861
604 1522
604 1663
605 2412
606 1946
607 853
607 913
608 2241
609 1488
610 2236
611 1822
611 2114
612 2215
613 2545
614 1662
614 1951
615 2264
615 2400
615 2997
616 2368
616 2384
617 795
617 2116
617 2862
618 1614
618 2095
618 3046
619 1534
620 2533
620 2980
621 877
621 2548
622 910
622 980
622 1738
622 2501
624 2065
624 2252
624 2299
625 656
625 1344
626 1963
628 1176
629 2099
629 2632
630 1910
630 2203
630 2243
630 2952
631 1227
632 3060
633 2978
634 1395
634 3117
635 697
635 2564
635 3061
636 1127
637 2190
637 2514
638 1058
638 1832
639 1684
640 2170
641 884
642 1451
643 2952
644 773
645 1360
645 1882
646 1485
647 846
647 2662
647 2733
648 2842
648 3069
649 1543
649 2641
649 3101
650 1983
650 2632
650 2647
651 1679
651 2349
652 1204
652 2159
652 2475
652 3070
653 2253
653 2364
654 1414
656 1307
656 1976
656 1998
656 2654
656 3007
657 2934
658 939
659 3107
660 942
660 1571
661 1447
662 900
663 2860
664 936
664 1649
665 1581
666 1959
666 2907
667 2343
668 1343
668 1516
669 2528
669 2889
671 1504
672 2706
673 1159
673 2787
674 865
675 781
675 1318
675 2250
675 2615
676 1196
677 1773
677 1776
678 703
679 1280
680 747
681 2028
682 1384
682 2404
682 2447
683 2456
684 2295
685 1265
686 1338
686 2121
686 2866
687 1846
688 2925
689 2489
690 2721
690 3039
691 1298
692 1003
692 2604
693 1237
693 3108
694 1246
694 3056
695 1643
695 2712
696 1861
696 2011
697 1158
698 1057
698 1149
699 1919
700 717
700 1627
701 1264
702 2383
703 1931
704 2780
705 2886
707 1254
707 2983
708 742
708 1327
708 1425
708 2725
709 1778
709 2297
710 1866
711 867
711 2188
711 2696
711 2898
712 777
712 1212
713 1050
714 1421
714 1779
714 2178
714 2694
715 929
716 1819
716 2778
718 1439
718 2050
719 732
719 756
719 2441
720 828
720 1114
720 2133
721 2986
722 1837
722 2520
722 2920
723 936
723 1739
725 1714
726 1146
727 1898
727 2331
728 1356
728 2249
729 1541
729 2366
730 818
730 2965
733 2753
734 1407
734 1819
735 2745
735 3075
737 2715
738 1735
738 2578
739 1246
739 2146
740 2652
740 2912
740 2922
742 1227
743 1202
744 1650
744 1688
745 1900
745 2426
746 2624
747 1008
748 2924
749 1000
749 3062
750 1072
750 2532
751 1267
751 2474
752 1473
752 2558
753 931
753 1053
753 1638
754 1054
754 2737
755 2283
755 2704
755 2735
755 2755
756 1984
756 2053
757 1222
757 2195
758 860
759 1769
759 2784
759 2807
760 1755
760 1856
761 1326
761 1462
762 1837
763 2270
764 1029
764 1991
765 975
765 2258
768 2014
769 2983
770 833
772 1197
772 2015
772 2845
773 2996
774 2130
774 2300
774 2540
775 1970
776 863
776 2040
777 2085
777 2355
778 947
778 1891
778 2531
779 2028
779 2648
779 3064
780 1487
781 2134
782 3020
783 832
783 3084
784 1574
784 2560
785 1588
786 1068
786 1163
786 1264
786 2576
787 2399
787 2910
788 3089
789 2560
790 1117
790 1898
790 2218
791 2619
792 876
792 2241
793 1273
794 803
794 2767
796 1063
796 1172
796 1764
797 2501
798 2000
799 830
800 1889
801 2172
801 2852
802 2849
804 1620
804 3105
805 2652
806 1514
806 2233
806 2528
807 2687
808 1183
808 1695
809 1884
810 1411
812 1173
812 3093
813 2229
814 1821
814 2048
815 2237
815 2742
816 1732
816 2239
816 3073
817 1045
817 1199
817 2986
818 2429
818 2684
819 2624
820 1221
820 2395
820 3000
821 868
821 2291
822 1469
822 1669
822 2323
823 2859
824 1797
825 1404
825 1654
826 1889
826 2247
827 2673
828 2708
829 1216
829 2973
830 2558
833 1858
833 2685
834 2020
835 1005
835 1079
836 893
837 1880
838 1435
838 1883
839 2594
841 870
841 876
842 1725
843 945
843 1627
843 1787
844 1438
845 2944
846 2977
847 898
847 2049
848 2443
848 2544
849 2631
849 2799
850 1170
851 2430
852 2367
852 3101
855 2119
856 1434
856 1686
856 2848
857 949
857 2235
857 2843
858 2271
860 1642
860 2333
861 2124
861 2762
862 1378
862 2014
862 2539
862 2652
864 1699
864 2468
865 2972
866 1230
867 2785
868 2958
869 2029
871 2315
871 2751
872 1181
872 2461
873 1046
874 1455
877 2208
879 1511
880 940
881 2424
881 2510
882 1487
882 2090
885 1977
885 2578
887 1938
889 1989
890 930
890 2874
892 928
892 2282
892 2390
892 3004
894 1312
894 2712
895 1327
896 1121
897 946
897 960
898 1201
901 1120
901 2417
902 1394
902 2468
903 2321
904 2507
904 2993
906 1523
908 1949
908 3072
911 2099
912 2276
912 2513
913 928
914 1933
914 2498
917 1335
917 1873
917 2512
918 972
918 1878
919 1934
919 2018
921 2634
922 1192
922 2593
923 2314
923 2502
924 2431
925 2137
926 1499
926 2638
929 2366
930 1186
930 2392
931 1043
932 2368
933 2121
934 1374
934 2551
934 2941
935 1456
935 1905
935 2652
937 2315
938 1739
939 1969
939 2474
940 2745
941 1968
941 2420
942 1818
943 1741
944 1550
944 1565
945 3006
946 2280
948 2948
948 3014
949 2222
950 2586
950 2589
951 2073
953 1032
953 1444
954 1134
954 1845
954 2354
955 1773
955 2919
956 2000
956 2946
957 3026
958 1365
959 2026
960 2257
961 3099
962 1732
963 1225
963 1810
963 2048
963 2945
964 1196
964 1386
967 2831
968 1923
968 2289
968 2430
968 2480
969 2097
970 2197
971 1039
971 1639
973 2686
974 1765
974 2015
974 2802
975 2207
976 1346
976 2572
977 2463
978 1136
978 2686
980 2740
982 2108
983 1520
983 1795
983 1846
984 2036
985 1364
986 2950
987 1748
987 2177
987 2479
988 2732
989 2108
989 2151
989 2768
989 2915
990 1316
990 2421
991 2681
992 1104
993 1156
993 2797
993 2846
994 1409
995 2137
996 2278
997 1670
997 2322
998 1152
998 1165
998 1212
999 1152
1000 3012
1001 2157
1002 1936
1002 2480
1003 2928
1004 1607
1004 2596
1005 1697
1005 1892
1005 2674
1006 1098
1006 1831
1006 3026
1007 2326
1009 1951
1010 2541
1010 2683
1011 1270
1013 1713
1013 1945
1014 2445
1014 2893
1015 1393
1015 2571
1016 2598
1017 1501
1017 1946
1017 2988
1018 1326
1020 1054
1021 2099
1023 1182
1024 3047
1024 3118
1025 1517
1025 2182
1026 1590
1026 2070
1027 2500
1027 2656
1028 2294
1029 2910
1030 1667
1031 1667
1032 1389
1033 1604
1035 1183
1035 1509
1036 3065
1037 2293
1038 1815
1040 1570
1041 1306
1041 1808
1042 1521
1043 1358
1044 1848
1044 1920
1045 2534
1045 2620
1046 1109
1046 2393
1046 2603
1047 1211
1047 3115
1048 1798
1049 1813
1049 1847
1050 1587
1052 2342
1053 2583
1053 2808
1054 2485
1055 2775
1056 2514
1056 3003
1059 1184
1059 2199
1060 1278
1060 1806
1061 1446
1061 1885
1062 1596
1062 1933
1062 2944
1065 2546
1066 1730
1067 2927
1068 1459
1068 2463
1069 1877
1069 2029
1070 2070
1071 1160
1071 1195
1071 2389
1071 2640
1071 2948
1073 1839
1074 2712
1075 1739
1076 1377
1080 2232
1080 2557
1080 2793
1081 1509
1083 2312
1083 3077
1084 1335
1085 1413
1085 1800
1085 2039
1085 3098
1088 2242
1089 1157
1090 2139
1091 1138
1092 1234
1093 1408
1094 1384
1095 1520
1095 1605
1096 2946
1097 1822
1099 1561
1099 2324
1099 2419
1101 1524
1101 2787
1102 2402
1104 2815
1105 1468
1106 1338
1106 1550
1107 1962
1108 3072
1109 1303
1110 1171
1110 2488
1111 1272
1112 2996
1113 1856
1113 2122
1115 1222
1115 1408
1116 1857
1116 1950
1117 2431
1118 1917
1119 2168
1119 3117
1121 1777
1121 2973
1122 2581
1123 3016
1125 1784
1126 1674
1126 2779
1127 3096
1129 1759
1129 1924
1130 1697
1131 1726
1132 1989
1133 1689
1133 2244
1134 1673
1134 1817
1135 2040
1136 2130
1137 1804
1137 2174
1137 2802
1138 1403
1139 2805
1140 2606
1141 1981
1142 1919
1143 1589
1143 2385
1145 1421
1145 1478
1145 2811
1146 2835
1147 1813
1148 1242
1148 1907
1150 1495
1150 2504
1151 2741
1153 1406
1154 2570
1158 1556
1158 2366
1158 2617
1159 2079
1159 3114
1160 2201
1161 2615
1162 2439
1164 3002
1166 1215
1169 2120
1169 2459
1170 2886
1172 1291
1172 3021
1174 2266
1174 2960
1175 2661
1176 1749
1176 2657
1177 1975
1177 2681
1178 2567
1178 2714
1180 3000
1181 1538
1181 2353
1181 2962
1182 2197
1183 2152
1185 2309
1187 2861
1188 1297
1188 1333
1188 1798
1189 1431
1190 1484
1191 1362
1191 1731
1193 2171
1194 1391
1194 2939
1195 1698
1196 1644
1196 2591
1198 3066
1199 1750
1200 1839
1201 2124
1202 2929
1203 2194
1203 2220
1203 2791
1205 1475
1206 2007
1207 2868
1208 1516
1209 1225
1209 2834
1211 2077
1212 1665
1213 1282
1213 2553
1214 2369
1214 2492
1214 2905
1216 1883
1217 1705
1219 1659
1220 1852
1221 1958
1223 2562
1223 2604
1224 1769
1224 2723
1226 3053
1227 1741
1227 2005
1228 2993
1229 2726
1230 3091
1231 2036
1232 2137
1232 2617
1233 1491
1234 1336
1236 2653
1238 1629
1238 2046
1239 2509
1240 1908
1241 2736
1243 1731
1244 1677
1244 1837
1244 2484
1245 1702
1246 1973
1247 2146
1248 2193
1248 2907
1249 2010
1249 2102
1249 2814
1250 1788
1251 1746
1252 2127
1253 1536
1255 1808
1255 2270
1255 2394
1256 1629
1257 1378
1258 1902
1258 2455
1259 1864
1260 2794
1261 2678
1263 1955
1263 3099
1265 1809
1265 1876
1266 2135
1266 2463
1267 3034
1268 1484
1268 1648
1269 2509
1270 2365
1270 2393
1270 2853
1271 2739
1272 2438
1273 2592
1273 2628
1274 3044
1276 1621
1277 2324
1279 1539
1279 2505
1280 2996
1281 2164
1282 2708
1283 1380
1284 2242
1285 2829
1286 1455
1286 2285
1287 2054
1288 1568
1288 2171
1288 2976
1288 3066
1289 2211
1290 2155
1290 2679
1292 2979
1293 2286
1294 1705
1296 1480
1298 2956
1299 1701
1300 2243
1300 2759
1301 1399
1301 2935
1302 2916
1304 1451
1304 2077
1305 3094
1306 1685
1307 2810
1308 2480
1309 1662
1309 2248
1310 1838
1310 2547
1311 2254
1311 2897
1313 1587
1313 1770
1313 3094
1314 1460
1314 2219
1314 2274
1315 2593
1316 1492
1316 2175
1317 2082
1317 2578
1317 2865
1319 2302
1320 2763
1321 1468
1321 2246
1322 2326
1323 2581
1324 2819
1324 2880
1325 2658
1329 2824
1330 2038
1330 2569
1331 2079
1332 2243
1334 2391
1335 1358
1336 3067
1339 2221
1341 1989
1341 2055
1342 2147
1342 2618
1342 2864
1345 1585
1345 2788
1346 2027
1346 2144
1347 2536
1348 2740
1351 1724
1351 2414
1352 1739
1353 2676
1354 1989
1354 2941
1355 1528
1355 2281
1356 1740
1357 2705
1359 2089
1359 2977
1361 1806
1362 1852
1362 2303
1362 2642
1363 1727
1364 2770
1365 1497
1365 1875
1366 1704
1366 3068
1367 2055
1368 1645
1369 1794
1369 1904
1370 2858
1371 1536
1372 2957
1373 1548
1373 2037
1374 2381
1375 3043
1376 2373
1376 2503
1377 1700
1378 3119
1379 2139
1379 2687
1380 2409
1381 1908
1381 2474
1382 2552
1382 2891
1383 2237
1384 2703
1386 1742
1386 2349
1387 1611
1387 2724
1388 1737
1388 1780
1388 1967
1389 1443
1390 2360
1390 2599
1391 2644
1392 2873
1394 2000
1394 2483
1395 2827
1396 1467
1396 2339
1397 2709
1397 2917
1398 1979
1398 2971
1400 2187
1401 1932
1401 2667
1402 1745
1402 1821
1402 2132
1403 2186
1403 2850
1405 3078
1406 1612
1406 1916
1408 2789
1409 2556
1412 1467
1412 2128
1412 2876
1413 1744
1414 1470
1414 2304
1416 1871
1418 1666
1419 1463
1420 1788
1420 1815
1421 2167
1422 1570
1422 2055
1422 2707
1423 2206
1423 2758
1425 1954
1428 1951
1429 2238
1430 1987
1431 1986
1433 3026
1435 2861
1436 1820
1437 2845
1438 2625
1439 2572
1440 2445
1440 2909
1441 1685
1442 1711
1442 1924
1443 1727
1443 2138
1444 2006
1445 2071
1445 2294
1446 2506
1446 2837
1449 2938
1450 2450
1450 2840
1452 2279
1452 2947
1453 1893
1453 2352
1454 2919
1455 2477
1457 3112
1458 2361
1459 3100
1460 1926
1460 2635
1461 1496
1462 2078
1463 1476
1463 1728
1464 2024
1465 1532
1465 2669
1466 2658
1467 2382
1468 2292
1470 3047
1471 1661
1473 3087
1474 1749
1475 2442
1476 2644
1478 2031
1478 3113
1481 1746
1481 2650
1482 2126
1483 2778
1484 2348
1486 1954
1487 1573
1487 2017
1487 2156
1488 2303
1488 3002
1489 2521
1490 2845
1492 2408
1493 2946
1494 1871
1496 2956
1497 2158
1498 2226
1500 1851
1503 1689
1503 2191
1506 1955
1507 1812
1507 1915
1507 2499
1508 1782
1509 2713
1510 1843
1513 3123
1514 2178
1514 2234
1514 2929
1515 2914
1517 1880
1518 2360
1518 2994
1519 1542
1519 1956
1521 1967
1521 2310
1521 3086
1522 2163
1523 2341
1523 2862
1525 1753
1525 2344
1526 1845
1527 2112
1527 3068
1528 2689
1529 2984
1530 1726
1531 1739
1532 2635
1533 2831
1534 1851
1535 1757
1535 3088
1536 2601
1536 2686
1537 2838
1538 1591
1542 2340
1543 2066
1544 1853
1545 2972
1546 2905
1547 1897
1548 2443
1548 2693
1550 1701
1550 2765
1551 2706
1552 2776
1552 2998
1553 2170
1553 2183
1554 1836
1555 2215
1556 1768
1557 1562
1558 2765
1559 2232
1560 1585
1560 2020
1560 2974
1562 2663
1564 1625
1565 2254
1566 1723
1567 2058
1567 2938
1568 2294
1569 1960
1569 2587
1569 3040
1574 2333
1575 1802
1575 1814
1578 2529
1579 2742
1580 2082
1581 2256
1582 2536
1583 2439
1583 2444
1583 2516
1584 1747
1584 2240
1584 2872
1587 1630
1587 2616
1590 2885
1591 2425
1591 2766
1592 2993
1593 2117
1594 2431
1595 2996
1596 1995
1596 2344
1599 2256
1599 2525
1600 2682
1600 2850
1602 1927
1602 2416
1603 2428
1603 2833
1604 2212
1605 1634
1606 2149
1607 2748
1607 2775
1608 2538
1608 2588
1610 2133
1611 2250
1611 3059
1611 3063
1612 1801
1613 3094
1615 1759
1616 1675
1617 2030
1618 2856
1618 2913
1619 1998
1620 2549
1621 2497
1622 2867
1623 2665
1623 3036
1624 2506
1625 1726
1626 1694
1626 2554
1627 2668
1627 2860
1628 2488
1628 2505
1629 2508
1629 2896
1632 2812
1633 1930
1635 2612
1636 3013
1637 2906
1639 1800
1639 1823
1639 2588
1639 2676
1640 3057
1642 2276
1642 3093
1644 1979
1645 1758
1647 2355
1647 2732
1649 1720
1651 1756
1653 2119
1653 2791
1654 2129
1654 2656
1656 2378
1657 2497
1658 2268
1658 2646
1663 1685
1664 2976
1666 2187
1667 2545
1668 2285
1670 2512
1672 2643
1674 2575
1675 2063
1675 3105
1676 2984
1676 2989
1678 1723
1678 2816
1680 2186
1681 2511
1681 3046
1682 1748
1682 2667
1683 2590
1683 2679
1683 2933
1684 1711
1688 2808
1689 2982
1690 1833
1691 2158
1692 2269
1692 2752
1693 2623
1693 2712
1696 1898
1697 2824
1699 1922
1700 1832
1701 2111
1701 2513
1702 1768
1702 2103
1702 2325
1703 2332
1704 1963
1705 1733
1706 3030
1708 2732
1708 2820
1708 2826
1709 3070
1710 1732
1710 2532
1712 1871
1714 2032
1714 2637
1714 2734
1715 2729
1717 2276
1717 2659
1718 2245
1720 2803
1721 2553
1722 2378
1723 2517
1723 2568
1723 3050
1724 2052
1724 2790
1725 1808
1725 2123
1726 2255
1729 1792
1730 2513
1731 2677
1731 2725
1732 2847
1733 2337
1734 2647
1736 3112
1737 1774
1737 2361
1741 1853
1743 1992
1746 2716
1749 2149
1749 2387
1750 2072
1750 2809
1751 2026
1751 2710
1752 2374
1761 2703
1762 2877
1762 3042
1764 2689
1765 2394
1766 2985
1767 1905
1771 2281
1771 2464
1775 2103
1778 2228
1781 2924
1782 2174
1782 2302
1782 2837
1783 2006
1783 2526
1785 2646
1786 2190
1786 2858
1787 1891
1791 2648
1792 3007
1793 2117
1794 2306
1795 3018
1796 2224
1796 2600
1797 2727
1798 2136
1798 2769
1799 2904
1800 2942
1802 2367
1803 1838
1804 2792
1805 2374
1805 2908
1806 1878
1811 2039
1812 1938
1813 2013
1813 2294
1815 2981
1816 2002
1816 2663
1816 2890
1817 2870
1818 2262
1818 2950
1819 1919
1819 1920
1821 2597
1824 2622
1825 1921
1827 2574
1828 2535
1829 2236
1830 2715
1832 2106
1833 1995
1833 2044
1834 3054
1835 2189
1837 2379
1838 2992
1840 2466
1840 2471
1840 2839
1841 2801
1842 1908
1843 2034
1843 2395
1844 2027
1845 2685
1847 2405
1850 3010
1851 2103
1851 2704
1851 3054
1853 2391
1854 3027
1855 2852
1857 2546
1857 2670
1857 3007
1859 2412
1860 2016
1860 2154
1860 2800
1862 2658
1863 2331
1864 2953
1866 2809
1867 2043
1867 2919
1869 2708
1870 3014
1871 2726
1871 2878
1871 3052
1872 1900
1873 2884
1874 2764
1876 2515
1878 1985
1881 2434
1883 2057
1884 3046
1886 2147
1887 2630
1887 3104
1888 2913
1892 2383
1892 2673
1892 3102
1895 2349
1896 2487
1897 1909
1898 2087
1900 2652
1901 2609
1903 2126
1903 2547
1904 1990
1906 2559
1906 2758
1908 2785
1911 2670
1912 2695
1914 3041
1915 2150
1915 2712
1915 2872
1916 2722
1918 2076
1918 2903
1925 2916
1926 2467
1929 2316
1930 3117
1933 2156
1935 2282
1939 2993
1941 2335
1941 2421
1941 2841
1942 2093
1943 2799
1943 3076
1946 2969
1947 2161
1949 2609
1955 2374
1958 2009
1959 2225
1959 2292
1959 2362
1959 2522
1961 2252
1965 2719
1966 2213
1971 2482
1973 2369
1974 2261
1974 2326
1974 3087
1977 1985
1978 2305
1978 2974
1980 2128
1981 2883
1982 2512
1983 2191
1985 2699
1986 2093
1987 2862
1988 1989
1988 2688
1990 2903
1991 3042
1992 2573
1992 2595
1993 2476
1993 2645
1994 2810
1997 2004
1997 2344
1997 2359
1998 2490
1999 2140
1999 2166
2000 2800
2001 2566
2003 2527
2004 2783
2008 3120
2011 2213
2011 2822
2012 2890
2013 2081
2015 2593
2015 2870
2017 2742
2019 2526
2021 2926
2021 3099
2023 2553
2024 2308
2024 2421
2024 2535
2024 2999
2025 2640
2026 2202
2026 2556
2026 3078
2030 2784
2032 2411
2033 2071
2035 2539
2038 2727
2039 2312
2040 2478
2041 3032
2042 2628
2042 3083
2044 2122
2044 2338
2046 2888
2051 2084
2051 2970
2052 2436
2054 2216
2056 2066
2057 2258
2057 2307
2059 2386
2059 2582
2060 2899
2061 2779
2063 2288
2063 2772
2065 2855
2066 2847
2067 2612
2068 2690
2072 2920
2073 2741
2079 2545
2080 2929
2081 3085
2083 2890
2084 2363
2086 2745
2088 2815
2088 3064
2089 2854
2089 3080
2091 2574
2091 2887
2092 2266
2092 2949
2096 2414
2097 2121
2098 3036
2099 2554
2100 2685
2101 3015
2102 3116
2105 2265
2106 2448
2107 3048
2108 2619
2112 2991
2118 2426
2119 2716
2123 2961
2125 2736
2127 2137
2127 2692
2129 2662
2130 3027
2132 2410
2136 2655
2137 2212
2138 2904
2141 2826
2142 3001
2142 3104
2143 2582
2150 2895
2156 2542
2160 2812
2160 2893
2162 2983
2167 3112
2169 2428
2171 2259
2171 2823
2176 2864
2178 2658
2179 2922
2180 2490
2182 2949
2184 2531
2185 2536
2186 2241
2186 2955
2187 2777
2188 2279
2192 2430
2196 2636
2197 2265
2197 3049
2198 2271
2198 2496
2198 2930
2199 2901
2200 2712
2201 2968
2205 3101
2208 2795
2209 2351
2211 2534
2213 3124
2214 2378
2219 2369
2221 2909
2222 2881
2223 2401
2225 2666
2225 3082
2226 2433
2227 3052
2228 2627
2228 2809
2229 2625
2230 2415
2231 2673
2235 2519
2235 3064
2237 2371
2238 2381
2238 2915
2239 2653
2241 2435
2242 2332
2242 2739
2247 2765
2248 3033
2251 2549
2255 2645
2263 2998
2267 2770
2269 2536
2273 2720
2273 2931
2275 2602
2275 2998
2280 2515
2286 2451
2286 2905
2290 2940
2294 3104
2295 3044
2296 2667
2298 2626
2300 2401
2300 2782
2301 2311
2304 2621
2305 2408
2305 2718
2307 2927
2316 2381
2317 2966
2318 3107
2320 3011
2323 2495
2324 2403
2325 2763
2326 2849
2327 2465
2330 2887
2330 3109
2333 3106
2334 2611
2334 2753
2336 2701
2338 2774
2340 2952
2342 2358
2344 2672
2344 2989
2348 3025
2357 3051
2359 2457
2359 3041
2364 2576
2369 2458
2369 2798
2370 2562
2370 2905
2376 2519
2376 2728
2377 3072
2379 2553
2379 3028
2379 3065
2386 2696
2388 2501
2392 2731
2394 3090
2399 3092
2404 2966
2406 3045
2407 2683
2409 2806
2413 2543
2413 2925
2413 3053
2417 2645
2418 2493
2420 3045
2423 2805
2424 2997
2427 2906
2430 2937
2432 2933
2434 2892
2436 2571
2436 2737
2436 3075
2437 2781
2440 2974
2447 2517
2447 2608
2449 2930
2452 2960
2453 3042
2455 2667
2456 2804
2461 2601
2461 2829
2462 2840
2464 3043
2465 3062
2470 2489
2472 2856
2472 3038
2473 2992
2480 2770
2481 2541
2481 3045
2482 2875
2482 2888
2487 2580
2492 2493
2494 2572
2497 2755
2502 2592
2508 2680
2519 2967
2520 3110
2521 2530
2524 2822
2536 3124
2537 2987
2538 2687
2542 2714
2544 2985
2549 2657
2552 2610
2555 2888
2558 2764
2561 2692
2563 2653
2572 3018
2576 2861
2576 3015
2578 2599
2579 2903
2582 2697
2584 2914
2595 2822
2596 2624
2605 2790
2606 2773
2606 2844
2609 3067
2612 3111
2615 2754
2617 2717
2618 2626
2620 2643
2628 2919
2629 2822
2631 2733
2632 3029
2633 2671
2642 2983
2644 2746
2645 2985
2646 2724
2651 2948
2652 3037
2655 3010
2657 2744
2661 2670
2663 2813
2664 2892
2665 2877
2667 3043
2668 2758
2675 2860
2680 2832
2680 2851
2683 2786
2687 2827
2689 2836
2691 3061
2695 3034
2696 3122
2698 2949
2700 3051
2711 2880
2713 3055
2715 2758
2719 2818
2719 3064
2720 2732
2721 3021
2739 3008
2742 3005
2743 2820
2747 3092
2749 3098
2760 2776
2762 2835
2766 2785
2771 2902
2772 2959
2775 3025
2785 2945
2791 3017
2794 3093
2805 2970
2809 3079
2812 2814
2819 2987
2821 2943
2824 2972
2825 3010
2828 2863
2838 3084
2844 3081
2848 3036
2851 2911
2870 2977
2879 3020
2880 2886
2891 3111
2904 3046
2912 2954
2934 3081
2951 2960
2956 3089
2963 3024
2976 3055
2981 3007
2989 3009
2989 3019
2997 3023
3008 3013
3016 3045
3022 3054
3073 3091