390
0 57
0 380
1 103
1 381
2 95
2 98
2 161
2 307
3 257
4 79
5 93
5 288
5 294
6 388
7 185
7 260
7 292
7 335
8 139
9 292
10 59
11 17
11 41
11 317
12 321
12 337
12 338
13 318
14 46
15 321
16 47
16 66
17 347
18 116
18 304
18 314
19 119
19 188
20 31
20 347
21 254
21 268
21 369
22 141
22 290
22 294
23 150
23 182
24 63
24 238
25 109
25 146
26 139
27 160
28 105
28 327
29 76
29 379
30 51
31 142
32 35
32 242
33 210
33 230
34 382
35 50
36 160
36 307
36 385
37 118
37 125
37 193
38 58
38 335
38 352
39 355
39 384
40 118
40 339
42 151
42 245
42 306
42 332
43 179
43 302
43 317
44 336
45 211
45 224
45 364
46 286
47 168
47 388
48 255
48 268
49 100
49 384
50 351
51 214
52 307
53 144
53 360
54 186
54 327
55 92
56 222
57 81
57 153
58 59
60 83
60 294
60 375
61 343
62 293
62 294
64 90
65 167
65 168
65 278
65 346
66 169
67 164
67 292
68 351
69 268
70 75
70 214
70 326
71 149
71 181
72 201
72 349
73 76
74 135
76 79
76 171
76 218
77 371
78 114
80 167
82 192
83 363
84 193
85 145
85 297
85 331
86 99
87 104
87 272
87 373
88 276
88 320
88 367
89 201
89 362
90 103
90 122
90 211
91 159
91 238
92 299
93 222
93 248
94 107
94 207
95 267
95 363
96 152
97 320
97 345
98 111
98 229
99 363
100 204
101 144
102 380
104 379
105 286
105 289
105 333
106 263
106 355
107 166
108 354
109 387
110 217
111 378
112 171
112 257
113 283
114 340
114 386
115 152
115 217
116 256
117 134
117 157
118 141
119 318
120 383
121 298
121 305
122 283
123 263
124 296
125 291
125 329
125 341
126 257
127 330
127 353
128 247
128 272
129 177
129 388
130 148
131 343
132 224
133 289
133 334
135 251
135 365
136 146
137 257
137 371
138 293
139 157
140 314
141 178
141 214
142 197
143 199
145 207
145 231
146 204
146 303
147 233
147 349
148 310
149 168
149 274
149 286
150 216
151 187
151 208
151 362
154 301
154 386
155 158
156 208
157 287
157 300
158 240
158 282
159 206
160 172
160 216
161 269
162 215
163 176
163 182
163 200
164 238
164 243
164 259
165 288
165 357
169 253
170 242
170 361
171 265
172 382
173 230
173 276
174 220
174 318
174 358
175 237
175 249
175 309
177 184
177 198
178 312
178 361
179 202
179 257
180 272
180 273
183 297
183 372
184 232
186 323
188 316
189 344
189 379
190 317
191 271
191 308
191 333
192 259
194 221
194 348
195 206
195 241
196 347
196 368
197 261
197 354
199 280
199 343
199 360
201 256
203 260
204 284
204 335
205 353
209 266
209 367
210 322
210 336
210 377
212 271
213 302
213 356
214 264
215 277
217 243
217 342
219 225
223 236
223 385
225 308
226 364
227 356
228 232
231 322
234 318
235 259
235 282
239 256
239 285
239 383
244 280
244 318
246 309
247 311
250 365
251 331
252 311
255 313
255 349
256 350
256 352
258 315
259 295
260 298
261 301
262 331
264 374
270 310
274 285
275 371
277 376
277 379
279 382
281 336
281 352
283 296
283 341
287 289
287 319
299 311
306 315
309 371
310 356
311 328
312 348
316 341
318 366
319 325
320 330
321 370
324 346
329 373
337 371
340 380
359 368
362 380
374 389