6250
0 1832
1 2471
2 2011
3 4588
3 5300
4 2443
4 4307
5 760
5 966
5 1053
6 2216
6 3989
7 3754
7 4223
8 3837
8 4416
9 5514
10 5531
11 894
11 1224
12 420
12 3529
12 3807
12 4066
13 4930
13 5140
14 4004
14 4100
14 4744
15 1836
15 3760
16 737
16 3182
16 5178
16 5831
16 6116
17 2245
17 3977
17 4951
18 2453
19 1043
20 1873
21 3338
22 2687
22 5538
23 5538
24 3152
24 3401
24 4840
25 1111
25 1957
25 3365
25 5872
26 2646
26 4407
27 1248
27 1360
27 2339
27 2521
28 4285
28 4539
28 5231
29 1774
30 2809
31 3740
32 992
33 5975
34 1740
34 3364
34 5616
35 3238
36 865
37 4458
38 3362
39 541
39 1423
40 4302
40 6236
41 1470
42 2962
42 4080
43 5625
43 6085
44 602
44 681
44 1426
45 4972
45 4984
46 1847
46 2115
47 4239
47 4880
48 1837
49 858
49 1645
50 2330
50 2683
50 3753
50 5705
51 3793
51 4380
51 5507
52 4129
52 4242
52 5768
53 521
53 796
54 948
54 3044
54 5584
55 224
55 4727
56 2252
57 4100
58 1477
58 2294
59 2608
60 5972
61 1303
62 2804
63 379
63 1003
63 5660
64 756
64 2534
64 2546
64 2904
64 5299
65 3264
66 1649
67 658
67 5582
68 503
68 1369
68 5883
69 1985
69 3806
70 4235
70 4637
70 4963
70 5776
71 830
71 2127
71 3466
72 4461
73 293
73 1905
74 2342
74 4638
75 3082
75 3432
76 4251
77 4876
78 1393
79 1028
79 2979
79 3674
79 4348
79 4805
80 2212
80 3076
80 5361
81 1964
81 2348
81 2637
81 5974
82 617
83 2717
84 1772
84 1916
84 3774
84 4935
85 2532
86 4684
87 5702
88 1752
88 5807
89 1710
89 6072
90 2693
90 5439
90 5812
91 4639
92 2852
93 1755
93 5700
94 512
94 1051
94 1328
95 4619
96 1603
96 1793
96 4297
97 2094
97 3194
98 4687
99 3619
99 4379
100 4755
101 3377
102 641
102 2293
102 2532
102 3537
102 3704
103 943
103 2669
103 4276
104 1835
104 2372
104 3150
104 3343
105 4266
105 4358
106 1350
106 2106
107 467
107 1118
107 2565
107 4550
107 4553
108 1451
109 1416
109 3414
109 4695
110 927
110 1748
111 335
111 4309
112 637
112 841
112 1590
112 1995
112 2129
112 3609
112 6216
113 5674
114 4701
114 5503
115 847
115 1802
115 2560
115 5629
116 4122
116 4298
117 1207
117 4386
117 5270
118 2385
119 643
119 1503
120 1404
121 3749
121 3949
122 4974
123 4754
124 186
125 1844
125 2677
125 3910
126 1304
126 4633
127 5519
128 428
128 2226
128 5672
129 6106
130 2360
130 2569
130 3518
131 197
132 3719
132 5614
133 4865
134 433
135 309
135 1508
136 4868
137 2195
138 5474
139 5861
140 382
140 2038
140 3427
141 924
141 3006
141 4163
141 4555
141 6126
142 2805
142 3983
142 4885
143 1047
143 2650
144 5064
144 5578
144 6130
145 2742
145 6202
146 2515
146 6124
147 1435
147 1567
147 5834
148 2286
148 4808
149 925
150 2245
151 1508
151 4052
151 6217
152 831
152 3476
153 4347
153 4743
153 4846
154 4107
154 5000
154 5895
155 624
155 5952
156 4907
157 653
157 3387
157 5100
158 3016
158 5806
159 1825
159 4894
159 5178
160 1040
161 2191
161 2390
161 2760
162 357
162 2309
163 952
163 2640
163 5039
163 5772
164 596
164 4438
164 5525
165 3002
165 3281
166 984
166 1338
167 368
168 3368
168 4281
168 5912
169 260
169 2048
169 2924
169 3554
169 4788
170 1956
171 1295
171 3251
171 3863
172 3899
173 1846
174 1588
175 2803
175 3205
176 4079
176 5703
177 1419
177 2476
177 4293
178 279
178 3591
178 3915
178 3943
179 2918
180 4198
180 5060
180 5563
180 5858
181 1619
181 5819
182 869
182 2719
183 4865
184 795
185 3426
186 432
186 2496
186 5520
187 3641
187 3763
187 4820
187 5409
188 3697
189 674
189 5482
190 3169
190 5824
191 2844
192 558
192 2405
192 3714
192 3764
193 416
193 2593
194 5330
195 872
195 4727
196 5922
197 3055
198 3265
199 2194
199 5416
200 1361
201 3239
202 2103
203 2044
203 2963
203 5858
204 5358
205 5546
206 2902
207 1940
208 4026
209 3618
210 1094
210 3160
210 4249
211 4380
212 2340
212 3565
212 4235
213 4584
213 5623
214 2282
214 3597
215 1971
215 6154
216 1336
216 2118
217 555
217 1176
217 1787
218 1896
218 2501
218 4070
219 1863
220 2012
220 3741
220 5835
221 241
221 3507
222 4254
222 5488
223 1468
224 4976
224 5892
225 2923
225 3638
225 4028
226 857
226 1665
227 2656
227 4037
228 915
228 1258
228 6122
229 6045
230 1030
230 1595
230 3200
230 4067
231 4970
232 1743
232 3997
233 5684
234 1878
234 4021
235 4437
236 1021
237 2558
237 5725
238 3121
238 4065
239 5635
240 687
240 1834
241 1807
242 3929
243 449
243 573
243 1524
243 4587
244 2677
245 4663
246 3244
247 1717
247 2380
247 2568
247 2861
248 3445
249 3663
250 1896
251 727
251 3121
251 4700
252 1762
252 1805
253 431
253 957
253 2681
253 5451
254 3587
254 5990
255 483
256 2509
256 4013
257 2903
257 3245
258 2513
258 4086
259 3882
259 5136
261 2142
261 4207
261 5668
262 2465
262 4098
263 1162
263 3187
264 1123
264 1296
265 3203
265 5866
266 553
266 2037
267 747
267 1626
267 5513
268 872
268 2370
268 5908
269 1485
269 4503
270 4512
271 3087
271 4373
271 5160
271 6077
272 2074
272 2548
272 4766
273 1794
273 2510
274 1604
274 5978
275 4186
276 1105
276 3813
276 5667
277 395
277 5013
277 5252
278 516
278 5538
279 1821
280 730
280 1307
280 1764
280 3784
281 1439
281 1988
281 5815
282 4319
282 5652
283 577
283 2406
283 5972
284 4626
285 4558
285 5385
286 6225
287 1921
288 4449
288 5630
289 2025
290 1977
291 401
291 6164
292 1733
292 1897
292 2968
293 4797
294 981
295 2384
295 3031
295 3974
296 5783
297 3820
298 797
299 6243
300 1074
300 1521
300 2247
301 3006
301 3558
302 2908
303 2199
303 2455
303 2533
304 1101
304 3367
304 3862
305 5699
306 629
306 3891
307 4472
308 5791
308 5940
308 6013
309 438
310 1108
310 1247
310 2756
310 2986
310 3350
311 4409
311 5365
312 1357
312 2327
312 5208
313 1171
313 4180
314 1429
314 2698
314 3223
315 1385
315 4683
316 5981
317 2366
318 1200
318 1325
318 1470
318 4556
319 807
319 1543
319 2831
320 961
321 1466
322 3566
323 3656
323 5014
324 453
324 531
324 2467
324 4681
325 2203
326 5658
326 5980
327 2588
327 3716
328 4608
328 6185
329 506
329 5842
330 349
331 5463
331 5590
332 5053
333 781
333 4134
333 5729
334 4874
335 1134
335 1676
335 5598
335 5825
336 4937
337 461
337 821
337 1502
338 3552
338 6051
339 2241
339 2367
339 2758
340 1244
340 5496
341 1167
341 5748
342 1023
342 1591
342 3072
343 799
343 4280
343 5485
344 5362
345 4423
346 2051
347 941
347 2155
347 4876
348 1191
349 1360
349 1397
349 2612
350 3027
350 4751
350 5273
351 600
351 5327
352 803
352 3519
352 5498
353 698
354 2202
354 3384
355 1865
356 3926
357 2034
357 4601
358 1177
359 1318
359 4686
359 5055
360 1558
360 2111
360 5880
361 5869
362 853
362 877
362 5406
363 3148
363 3838
363 4165
363 6103
364 1432
364 3604
365 4391
365 4480
366 1617
366 3130
367 3812
368 3207
368 5130
369 4467
369 5057
370 3752
370 5096
371 5975
372 5494
373 3930
374 2371
374 2751
374 4296
374 4374
375 2765
375 3243
375 3805
376 1872
376 2644
377 2455
377 2784
377 5882
377 6113
378 3825
379 968
379 4252
379 4599
380 2511
381 2447
381 3562
381 6034
382 2893
382 3055
383 388
383 5799
384 4321
385 485
385 2324
386 6096
387 3238
387 4670
387 4671
388 2771
389 854
390 1507
390 2362
391 1409
391 1641
391 1655
392 1862
393 2789
394 1457
394 2560
394 3065
396 3776
396 4344
397 4058
398 4567
399 2269
399 3292
400 6181
401 2594
402 642
402 2722
402 4083
402 4119
403 1919
403 3022
404 5749
405 2573
405 4917
405 5317
406 3318
407 809
407 2352
407 5796
408 1606
409 5877
410 904
410 4292
411 3913
412 1050
412 3115
413 588
413 2401
413 4589
414 3109
414 4090
414 6055
415 2469
416 5169
417 2730
417 5082
417 6072
418 5511
418 6093
419 1968
419 3837
421 4385
421 4408
421 4583
422 2955
422 3774
422 5881
423 680
424 1313
424 4944
425 536
425 3133
426 488
426 3788
426 5898
427 2676
427 2850
429 897
429 5280
429 5791
430 832
431 746
433 1251
433 3477
434 1579
434 4243
434 5557
435 3577
435 5643
436 1598
436 4828
437 5513
439 4653
440 3847
440 4662
441 4801
442 5779
443 5444
443 5802
444 5476
445 5713
446 4763
447 3755
448 1299
450 2174
451 4197
452 2746
453 2885
454 1275
455 3711
455 5265
456 3711
457 1711
458 4163
459 2644
459 4551
460 1992
460 4456
461 697
461 2603
461 2780
462 3988
462 4539
463 3766
464 3819
465 2126
465 5165
466 950
466 3320
466 4418
466 4623
468 490
468 987
468 2175
469 2649
469 5693
470 774
470 3285
471 4977
472 5699
473 3574
474 2898
474 5102
475 3598
476 4792
477 6213
478 838
478 3879
479 942
479 2992
480 1260
480 5619
480 5656
481 4724
482 2736
482 3471
482 4937
482 5622
483 1817
483 2555
484 3914
484 5286
485 5445
486 1621
487 1000
488 4183
489 4235
491 4484
492 3196
492 3678
493 1332
493 1593
494 4556
495 3498
495 5049
496 668
496 1375
497 4076
497 4900
497 4978
497 5834
498 5406
498 6005
499 2386
499 4346
500 5789
501 4056
502 3604
502 3717
502 5541
503 4732
504 3523
505 2369
505 3432
506 2477
507 6239
508 4540
508 4762
508 5337
509 1225
510 650
510 3114
510 4761
510 6206
511 1941
511 3940
512 1342
512 1505
512 1959
513 2609
514 2574
514 4523
515 562
515 3146
516 4036
517 1392
518 3303
519 683
519 5175
520 582
520 1241
520 1841
520 3170
521 2551
521 2934
522 3186
522 4680
522 4987
523 1726
523 4020
524 841
524 4481
525 1025
526 913
526 5203
527 1394
528 3216
528 3666
529 1574
529 3173
530 3047
530 5333
530 5338
532 2009
532 4653
533 5968
534 2306
535 1591
536 1143
537 4466
538 1039
538 4393
539 4608
540 4118
541 5516
542 4581
542 5834
543 740
543 2733
543 5695
544 659
545 2814
546 4889
546 6077
547 1546
547 5589
548 1417
548 3308
549 1117
549 1321
549 2674
549 6022
550 2597
551 2399
551 4733
552 4714
552 6082
553 1468
553 3804
554 2826
554 5472
555 2721
555 2809
556 930
556 1688
556 2153
556 3672
557 4846
558 1590
559 880
559 4272
560 2769
561 3283
561 3700
562 1322
562 3819
563 2367
563 3849
563 4684
564 3174
565 2446
565 6032
566 1152
566 4769
567 2839
567 5698
568 4565
569 697
569 1993
570 4502
571 3387
572 3294
572 3393
572 5908
573 1746
573 5504
573 5727
574 5331
574 5484
575 1007
575 1237
576 4263
576 5143
576 5558
578 2780
579 4052
580 856
580 3195
580 5229
581 2532
581 2768
581 2920
583 1619
583 3284
583 3900
583 6188
584 2714
585 1146
585 1762
585 1912
585 4933
586 664
586 1047
587 773
589 3757
589 4140
589 5966
590 2217
590 6194
591 3723
592 1782
592 2084
593 2722
594 2379
594 2956
595 4330
596 1151
596 3096
597 2490
597 6142
598 1895
598 1955
598 4999
599 1498
599 1868
600 5796
601 879
602 5418
602 5782
603 3884
604 1029
604 5100
604 6138
605 1774
606 3244
606 5262
607 2351
607 4393
608 3221
608 4393
608 5762
609 2761
609 4492
610 2863
610 4157
611 3469
611 3474
611 5663
611 6173
612 3173
613 2783
613 2880
614 5483
614 5726
615 633
615 4580
616 3444
616 4408
617 4342
618 1099
618 2046
618 3198
619 1531
619 1976
619 1978
619 5985
620 3769
620 4626
621 1381
622 1834
622 4816
623 1280
623 5358
624 3383
625 4581
626 2655
626 3302
626 5276
627 1079
627 2412
628 1429
628 2745
629 6105
630 755
630 3178
631 4527
632 1640
632 5596
633 2043
634 5022
635 1145
635 4938
636 5974
637 5655
638 1493
638 2520
639 1395
640 3150
640 5282
642 5987
644 1191
644 4697
644 5313
645 3050
645 4662
645 5969
646 4782
646 5548
647 1664
647 4939
648 2616
648 3302
649 4482
649 5786
649 5924
650 4667
651 3686
652 4442
652 6092
653 1155
654 1617
654 4024
654 4574
655 1369
656 5036
657 785
657 940
658 1406
658 5721
659 991
659 1988
659 2645
659 3104
659 6205
660 759
660 3699
660 4826
660 6052
661 5298
662 1000
663 1396
663 6061
664 1918
664 4150
665 5786
666 3752
667 828
667 3482
668 5465
669 2289
670 3171
670 4717
671 4470
672 939
672 3340
673 2320
674 3137
674 4201
674 5968
675 3657
676 1337
676 2977
676 3107
677 3613
678 2242
678 5131
678 5800
679 4161
680 3390
680 5102
682 2737
683 3548
684 5489
685 1124
685 4084
686 5187
687 4832
688 1233
688 4144
688 4518
689 6100
690 1500
690 4888
690 5199
691 4766
692 1076
692 3368
692 5214
693 1804
693 2181
693 4835
694 3309
694 3950
694 4106
695 3389
696 4988
697 891
697 4399
698 1890
699 5343
699 5926
700 980
700 3633
701 772
701 5325
702 1313
702 3949
703 1334
704 3428
704 3894
704 5680
705 2179
705 3715
706 3356
706 5794
707 1029
708 5045
708 5708
709 4093
710 2486
711 3242
712 2933
713 6223
714 2526
714 3497
715 1001
715 4979
716 1230
716 3594
717 2076
718 1316
718 4168
719 1527
720 5029
720 6225
721 1249
721 1593
721 4465
722 4685
723 1333
724 2393
724 2752
724 4834
725 5850
726 3827
726 3902
727 1928
727 2198
727 2410
728 4075
729 5573
731 745
731 2820
731 4494
732 880
732 3953
733 5512
734 1270
734 6115
735 3118
735 4260
736 2811
736 4461
738 874
738 3340
738 4127
739 3911
740 2998
740 5706
741 5040
742 2634
742 2705
743 2717
744 882
745 2476
745 2686
746 5102
746 5928
747 2651
748 5763
748 6204
749 1767
749 2952
750 917
750 960
750 3611
750 6131
751 1534
751 4872
752 1020
752 3409
753 2526
753 4723
754 2662
755 4117
756 4525
756 5620
757 4210
758 3346
758 5400
760 3467
761 3169
762 3689
762 5061
762 5927
763 2053
763 2132
763 4336
763 5739
764 817
764 4291
765 6163
766 1326
766 4083
767 3953
768 1675
769 4120
770 839
770 4962
771 3664
772 5960
772 6198
773 1110
773 1659
773 6071
774 3513
775 5915
776 976
776 2624
777 6157
778 2206
779 3028
779 3428
780 4270
781 5119
782 2589
782 3599
783 2313
783 4261
783 4899
784 4396
785 3988
786 4148
787 3533
787 5278
788 5891
789 2780
790 2284
791 2419
791 3147
791 5785
792 4230
793 4928
794 5493
795 1275
795 3595
796 4849
797 3407
797 4240
798 3340
798 5562
799 3720
800 2341
800 2909
800 5899
801 3692
802 4078
802 4623
804 3214
804 5304
805 1846
806 3523
806 3899
806 4940
807 3623
807 3906
807 4856
808 1173
808 2001
808 2185
808 4604
809 6025
810 831
811 2399
811 3475
811 4213
811 4342
811 4402
812 2521
812 5479
813 1574
813 4549
814 3659
814 5221
815 2880
816 3531
817 2462
817 4516
818 1104
818 4452
819 1509
820 3585
822 4707
823 2638
823 4647
824 1602
824 5138
825 2668
825 3444
826 4039
826 5555
827 2070
829 2659
829 3953
829 4219
830 2710
830 5702
831 5253
832 953
832 3987
833 4683
834 4158
834 5641
835 1984
835 3002
836 2852
836 4825
837 1021
837 2466
837 3491
838 2870
838 3868
838 4275
839 5532
840 3272
841 5076
842 3299
843 3882
844 1230
844 1780
844 2967
845 1476
845 4940
846 1342
846 3149
846 5599
847 1953
848 3102
849 1925
849 2131
850 5202
851 1795
852 5565
853 3728
854 1378
854 1909
854 2869
854 3227
855 3744
857 2738
857 2946
857 3854
857 5934
858 1310
858 3488
858 4594
859 1160
860 1734
860 2833
860 3389
860 3539
861 3770
861 4103
861 5709
862 3202
863 2652
864 3212
865 2786
865 3246
865 3357
866 1446
866 5593
867 2938
868 2442
869 876
869 3662
869 4329
869 5925
870 1160
870 3543
870 5877
871 3738
871 5331
873 5951
874 4366
875 1218
875 2782
875 4795
876 3757
876 4991
878 1855
878 3791
878 5915
879 2089
880 2855
881 2896
881 5029
882 5558
883 3378
883 4696
884 5215
885 4074
886 4748
887 3488
888 1346
888 5077
889 1740
890 3446
890 5108
891 3402
891 5285
892 2905
892 5863
893 3570
895 4452
896 3687
897 1243
898 2252
898 5557
899 3887
899 5241
900 5031
900 5109
901 2263
901 5589
902 3859
902 5664
903 4907
905 2715
905 3351
905 5456
906 3775
906 6078
907 1694
907 2285
907 5466
908 4669
909 2023
910 1527
910 1631
910 2830
910 3842
911 1474
911 4116
912 2526
913 1385
914 6141
915 1166
915 3405
916 1055
916 3911
917 1905
918 1075
918 3005
919 2768
920 2608
921 3043
921 3930
922 6072
923 1292
923 3183
923 5613
925 2382
925 5645
926 1261
926 1790
926 5275
927 3145
928 2246
929 4447
930 5600
931 1222
931 1739
931 1742
932 2226
932 2626
932 5631
933 6206
934 2566
934 4020
934 4554
935 2746
935 4562
936 3170
937 4230
938 2324
938 2415
939 984
939 5079
941 1709
941 5433
942 2087
942 3960
944 4258
945 1320
945 3720
946 3904
946 4903
946 5026
947 3768
947 4750
948 5011
949 5141
950 2121
951 2643
953 1142
953 1963
954 2791
954 3295
954 4660
954 4859
955 5396
956 4626
957 5484
958 977
958 5614
959 5098
960 2629
961 3596
961 3997
962 3360
962 4167
963 3145
964 1186
964 4648
965 3744
966 1453
967 1571
967 2960
967 3413
969 2454
970 4110
970 6040
971 4016
972 2389
972 3074
973 2870
974 1725
974 2775
975 4425
977 1998
977 3681
977 3860
977 4060
977 4908
978 1380
978 1478
979 1119
979 3134
981 2141
981 4803
981 5767
982 2349
982 2365
982 6007
983 2498
983 5773
985 3690
985 4179
986 1359
986 1382
986 6162
987 6107
988 1816
989 5447
989 6039
990 1796
992 1753
992 2369
993 1594
994 1386
994 1788
995 2461
995 2949
995 5435
996 1209
997 2175
997 5959
998 3711
999 1905
1000 3847
1000 4977
1000 5150
1002 1130
1002 4239
1002 5387
1003 1404
1003 5716
1003 6242
1004 1415
1004 3476
1004 4915
1004 5057
1005 2664
1006 2258
1007 3547
1007 4409
1007 4575
1008 1116
1008 3214
1008 3330
1008 4953
1008 5091
1009 2964
1010 2093
1010 4487
1011 5547
1012 1997
1013 2951
1013 3949
1013 5501
1014 5314
1014 6107
1015 2872
1015 2953
1015 4987
1015 4996
1015 5016
1016 3335
1016 4715
1017 1043
1017 4862
1017 6023
1018 2195
1018 5373
1019 1892
1019 4008
1019 4772
1020 3557
1020 5250
1022 3201
1022 3339
1022 4998
1023 2256
1023 5854
1024 2594
1024 5449
1025 2243
1025 5784
1026 2897
1026 4255
1027 3556
1028 2851
1028 5545
1029 5701
1030 1737
1030 5381
1031 1416
1031 4696
1032 3195
1032 4194
1033 2583
1033 4811
1034 2482
1034 6011
1035 2522
1035 4606
1036 5546
1037 3321
1037 5611
1038 2372
1038 4565
1040 3901
1040 5575
1041 2221
1041 5841
1042 5611
1043 2547
1044 1109
1044 1981
1044 5008
1045 6016
1046 3924
1047 1253
1047 4091
1048 1547
1048 3518
1049 2935
1051 6080
1052 2101
1052 4813
1052 6244
1053 3429
1053 4283
1054 3172
1054 3949
1054 4574
1056 3109
1056 3220
1056 3819
1057 1493
1057 3066
1057 6247
1058 2030
1058 2527
1058 4110
1059 2688
1059 2728
1059 3087
1059 3941
1060 2893
1061 2884
1061 5109
1062 3598
1062 6131
1063 3573
1063 3698
1064 3905
1065 5013
1065 5576
1065 5639
1066 2485
1066 3116
1066 4239
1067 5249
1067 5724
1068 1707
1068 3213
1069 4628
1069 5529
1070 5431
1071 3185
1071 5167
1072 2098
1073 2547
1074 1179
1076 1795
1077 3196
1078 3711
1080 3655
1080 5332
1081 2318
1081 2664
1082 4492
1082 5961
1083 2464
1083 3699
1083 3938
1083 4570
1084 2726
1084 4038
1084 4111
1084 5137
1084 5659
1085 2296
1085 2816
1085 6006
1086 6074
1087 4808
1087 5903
1087 6003
1088 1542
1088 2695
1088 2947
1089 5884
1090 4585
1091 2612
1091 6168
1092 1754
1093 4536
1093 6095
1095 1137
1096 2385
1096 5225
1097 3644
1098 3385
1098 3778
1098 3914
1099 3679
1100 2298
1100 3312
1100 4096
1102 5056
1103 2656
1104 2059
1105 3240
1105 5328
1106 5394
1107 1179
1108 4245
1110 4354
1110 4758
1111 5110
1112 1783
1112 3819
1113 3328
1114 1851
1115 2254
1115 2857
1115 6077
1116 4422
1117 2835
1118 3994
1119 2075
1120 3594
1120 4191
1120 4304
1120 4988
1121 2119
1121 3334
1122 2855
1122 3568
1123 4912
1125 3425
1125 4793
1126 5624
1127 3763
1128 4680
1129 3468
1131 2955
1131 5282
1132 4556
1133 3573
1133 3884
1133 4673
1133 5232
1134 1516
1135 2930
1135 4221
1135 4598
1136 1794
1137 2458
1138 4333
1138 4568
1139 3412
1139 4201
1139 5879
1140 1458
1140 2541
1141 4136
1141 6160
1142 2042
1143 2601
1143 4748
1144 2619
1145 3548
1147 3361
1148 2412
1149 2116
1150 5684
1152 2355
1153 2218
1154 3822
1154 5746
1156 5640
1157 2151
1157 2507
1157 3007
1157 3675
1158 1822
1158 4416
1159 4549
1160 3731
1160 3836
1161 3078
1163 3344
1164 2413
1164 5124
1165 2053
1165 2088
1165 5058
1166 2735
1166 5264
1166 6132
1168 2142
1168 5042
1169 2035
1169 4699
1169 5012
1169 5789
1170 5429
1170 5748
1171 5052
1172 1801
1173 1619
1174 2196
1174 2836
1174 5698
1175 1705
1175 3481
1176 3329
1176 4453
1177 2826
1178 6125
1179 2678
1179 6030
1180 4801
1180 4826
1181 5799
1181 6088
1182 1455
1182 4280
1183 2404
1183 3618
1184 1809
1184 4983
1184 6081
1185 5501
1186 4529
1186 4979
1187 4850
1188 4182
1189 4756
1190 3476
1190 4202
1190 4815
1191 4766
1192 5392
1192 6137
1193 2688
1194 2839
1195 2433
1195 5904
1196 5342
1197 2523
1197 4258
1198 1607
1198 4224
1199 1997
1199 4341
1201 1220
1201 2242
1202 1788
1203 2227
1203 2291
1204 2028
1205 3307
1206 1932
1206 2648
1206 5496
1208 2991
1208 5974
1209 1296
1209 4033
1209 4428
1210 3607
1210 4195
1211 1576
1212 5283
1212 5486
1213 2374
1214 2215
1215 2748
1215 3452
1216 2543
1217 4500
1218 4942
1219 2287
1219 2809
1219 5043
1220 4069
1220 5933
1221 2746
1223 1563
1223 2731
1223 6123
1224 3083
1224 6004
1225 1596
1226 1711
1226 3001
1226 4472
1227 4567
1228 2346
1229 3933
1231 1643
1231 2579
1231 4401
1231 5056
1232 1663
1232 3844
1232 5103
1233 2076
1233 3969
1234 1467
1234 5652
1235 1324
1235 1629
1235 1890
1236 4616
1237 1632
1238 1554
1238 2801
1239 2229
1240 5660
1241 1522
1242 4864
1242 5375
1243 1979
1244 2042
1244 3914
1245 4621
1245 4881
1246 3584
1247 3548
1247 5302
1249 1951
1249 3845
1249 4321
1250 2642
1251 5050
1252 2030
1252 2137
1252 4735
1254 1700
1254 4363
1254 5593
1255 5376
1256 3303
1257 2226
1257 2267
1258 2463
1259 1723
1259 5008
1260 4990
1260 5602
1261 1594
1262 1276
1262 1711
1262 4538
1263 4859
1264 3607
1264 5967
1265 2187
1266 1394
1266 5265
1266 5378
1267 2892
1268 2524
1268 4470
1269 2882
1270 2110
1271 3627
1271 3874
1271 5447
1272 2263
1273 3192
1273 3597
1274 2648
1275 4878
1277 1953
1278 1284
1278 1669
1278 2427
1278 4430
1279 2658
1279 2996
1280 1578
1280 5193
1280 6094
1281 3385
1281 5228
1282 3180
1283 2389
1283 2776
1283 3218
1284 3809
1285 2229
1286 1661
1286 2068
1286 5129
1287 1894
1288 4325
1288 5601
1289 1385
1289 3789
1290 2528
1290 3852
1291 1801
1291 4510
1292 3571
1293 5180
1293 5800
1294 2370
1294 3397
1295 1837
1297 1391
1297 2089
1297 4241
1298 2858
1298 3637
1298 6159
1299 4732
1300 3703
1300 4695
1301 1846
1301 2206
1301 2555
1302 3686
1303 1354
1303 1560
1305 2189
1306 2490
1306 4324
1307 2848
1307 6152
1308 3670
1309 3024
1310 3126
1310 3236
1311 3298
1311 3387
1312 5280
1314 3287
1315 2400
1315 4904
1315 6150
1316 2781
1317 1950
1317 4013
1317 5587
1318 3700
1318 4798
1319 1475
1319 4754
1319 5013
1320 2139
1321 5243
1323 4187
1324 3252
1326 4490
1327 1500
1327 5425
1327 5487
1329 1729
1329 3624
1329 5938
1329 6199
1330 3697
1330 4828
1330 4882
1331 3088
1332 1575
1333 3556
1333 5211
1334 2569
1335 3354
1335 3561
1336 3179
1337 5577
1337 5763
1338 5217
1338 5661
1338 5666
1339 2483
1340 5479
1341 3247
1342 1968
1343 3231
1344 4621
1345 2637
1345 4926
1346 2918
1347 4641
1348 4453
1348 5676
1349 1454
1350 6195
1351 1883
1352 1575
1353 4504
1354 2445
1354 4369
1355 3649
1355 6228
1356 2682
1356 4492
1357 5760
1357 6021
1358 2216
1358 3815
1360 4245
1361 4602
1361 5106
1362 2851
1363 4615
1364 5208
1365 3999
1365 5374
1366 3029
1366 4712
1367 4157
1368 5001
1369 3483
1370 4010
1371 1600
1371 5534
1371 5740
1372 4393
1373 1803
1373 3044
1373 5879
1374 2273
1376 1604
1376 4118
1376 5797
1377 1809
1377 4415
1379 2183
1379 2616
1380 3830
1380 4696
1380 5490
1381 4345
1383 3795
1384 3778
1384 4860
1385 1770
1385 1915
1385 5177
1386 2881
1387 2727
1387 3445
1388 3443
1389 1431
1389 2723
1390 1519
1390 2165
1391 2116
1391 2288
1391 5919
1392 5838
1393 5775
1395 2193
1396 1660
1397 4026
1397 5109
1398 3331
1399 2273
1399 5761
1399 6099
1400 3367
1400 5738
1401 3073
1401 3336
1402 3805
1403 1890
1405 3253
1405 3271
1405 4960
1405 5967
1406 6192
1406 6231
1407 2750
1407 5510
1408 2737
1408 3114
1408 3661
1409 4693
1410 3175
1411 1710
1411 2894
1411 3473
1411 3559
1412 4534
1413 2238
1413 2583
1414 2303
1414 5181
1414 6099
1415 3685
1415 5637
1416 1684
1417 1815
1417 3816
1418 4343
1418 5360
1419 2499
1420 5292
1421 3287
1421 5006
1421 5326
1422 1525
1422 5531
1422 5867
1423 4550
1424 4804
1424 4809
1425 1526
1425 5198
1427 4347
1428 4098
1430 1672
1431 3898
1431 5962
1433 5215
1434 6156
1435 1842
1436 2518
1436 3126
1437 1729
1437 4000
1437 4853
1438 5022
1440 4105
1440 4127
1440 4972
1441 3542
1441 6015
1442 2378
1442 5194
1443 4418
1443 4651
1444 2631
1444 3075
1445 3308
1447 6023
1448 2015
1449 3798
1449 5858
1450 3564
1450 4592
1451 5934
1452 2300
1452 3427
1452 4577
1454 1598
1454 4692
1454 6093
1455 1947
1455 4180
1456 3683
1456 4534
1459 1843
1459 5910
1460 3350
1460 4605
1461 3826
1461 4054
1462 2457
1462 3053
1462 4631
1463 2042
1464 5457
1465 4739
1466 2609
1466 5738
1467 4707
1468 3419
1468 3817
1468 5741
1469 4588
1470 4624
1470 5078
1470 5781
1470 6110
1471 4219
1472 2143
1473 2204
1473 4148
1474 4569
1474 4625
1477 3557
1479 3356
1479 5364
1480 4126
1480 4394
1481 4231
1481 5077
1482 2463
1483 5406
1484 1645
1484 2764
1485 4780
1485 4807
1486 2322
1486 3431
1486 4353
1487 1883
1487 4558
1488 2807
1489 2494
1490 5146
1490 5811
1490 6175
1491 5050
1492 6014
1492 6172
1493 5994
1494 5787
1495 2647
1495 3416
1495 5608
1496 5290
1497 2889
1499 1747
1499 2510
1501 2933
1501 3799
1501 4379
1503 2204
1504 5808
1506 5370
1507 3153
1507 5080
1509 2815
1509 3425
1509 4738
1509 4926
1510 2134
1510 2406
1511 2338
1511 5184
1512 4465
1512 5464
1513 2479
1514 4788
1514 5120
1515 2690
1515 4061
1516 1969
1516 6122
1517 2579
1517 3301
1518 5541
1519 3259
1519 5289
1520 3245
1523 3219
1523 3483
1523 4027
1523 5139
1526 4812
1527 4124
1528 2627
1529 2571
1529 3308
1530 3178
1530 5446
1530 6131
1532 4970
1533 2563
1533 3369
1533 6131
1534 6044
1535 5725
1536 2679
1537 5801
1538 5147
1538 5399
1538 6053
1539 5115
1540 2314
1540 4851
1540 5484
1541 2391
1541 5696
1542 2118
1542 3260
1544 2121
1544 2127
1545 3835
1546 2902
1546 4439
1547 4860
1548 2005
1549 5865
1550 2806
1550 2883
1550 4160
1551 1833
1551 4285
1551 4645
1552 1790
1553 2826
1553 5807
1554 5554
1555 2631
1556 3658
1556 3937
1557 5531
1558 3499
1558 6179
1559 2413
1559 4059
1559 4829
1559 6098
1560 3292
1561 2858
1561 3054
1562 4994
1562 5100
1563 2892
1564 4714
1564 5950
1565 1874
1565 5085
1566 1858
1568 2999
1569 5472
1570 3930
1572 2863
1572 3464
1572 5884
1573 5086
1574 4227
1575 2411
1575 4005
1576 5764
1577 3260
1577 3582
1578 4231
1578 4430
1579 4689
1580 5151
1581 3165
1582 2214
1583 3886
1584 2987
1584 6200
1585 4435
1586 5421
1587 1823
1588 1688
1589 4349
1590 4112
1591 2646
1592 4657
1592 5187
1592 5704
1595 4843
1596 3881
1597 4376
1597 5727
1598 4526
1599 2735
1599 3260
1599 4527
1601 6083
1602 3659
1603 5245
1604 1717
1605 2576
1605 2983
1606 2201
1608 4447
1609 2574
1609 3411
1609 3458
1609 4426
1610 2974
1610 3652
1610 5931
1611 4780
1612 3095
1612 5135
1613 4321
1614 5213
1615 3809
1615 3843
1616 1816
1616 3780
1616 4464
1616 4559
1616 5872
1617 4334
1618 3087
1618 5898
1620 2807
1620 3266
1621 2166
1621 3554
1622 3667
1622 4085
1622 5130
1623 2004
1623 2354
1624 6182
1625 3113
1627 2032
1628 3909
1629 1957
1630 5592
1630 5903
1632 4776
1633 2820
1633 4108
1633 5851
1634 3752
1634 3991
1635 4828
1635 5777
1636 5071
1637 2941
1638 4259
1638 4404
1638 4445
1639 4178
1639 4548
1640 2089
1640 5087
1640 5407
1640 6125
1642 3645
1642 4344
1642 4709
1643 1850
1643 5539
1643 6163
1644 3773
1644 3823
1644 4069
1644 6133
1645 2220
1646 3136
1646 5458
1647 4389
1647 5317
1648 2141
1648 5445
1649 3478
1650 5539
1651 1837
1651 2619
1651 5099
1652 2219
1653 3492
1654 4127
1656 2481
1656 6228
1657 4845
1658 3682
1658 4082
1660 3205
1660 4868
1660 5983
1662 4046
1663 3129
1664 1699
1665 6159
1666 2381
1667 5015
1668 4270
1669 2470
1669 4120
1670 2770
1670 5383
1671 2951
1672 2528
1673 4573
1674 4045
1674 5685
1675 3556
1677 2762
1677 3392
1677 4112
1677 5744
1678 1874
1678 2186
1679 3070
1680 4358
1681 2474
1681 3865
1681 4861
1682 2161
1683 4598
1684 3013
1684 3948
1684 5695
1685 5341
1686 2666
1686 6234
1687 2223
1687 4698
1689 3332
1690 3443
1691 3328
1691 3828
1691 3944
1692 2416
1692 4144
1693 2773
1693 4682
1694 4143
1695 2631
1695 5494
1696 5319
1697 3318
1698 2489
1699 3826
1700 2947
1701 3582
1702 4561
1703 2226
1703 5066
1704 3693
1704 4653
1706 1738
1708 2562
1708 3494
1708 5163
1708 5344
1708 5626
1710 4544
1711 3839
1712 1824
1712 2432
1712 3669
1713 3259
1714 5391
1715 1845
1715 3587
1716 3444
1716 4958
1718 5777
1719 2824
1719 5493
1720 4982
1720 5802
1721 2085
1721 2249
1721 5025
1722 1745
1722 5578
1722 6244
1723 2189
1724 4570
1725 4212
1727 1827
1727 3690
1728 4153
1730 4330
1731 3108
1732 2863
1734 2620
1734 4075
1735 2846
1735 4006
1736 4147
1738 6233
1739 4697
1739 5107
1741 5494
1742 3029
1743 4483
1744 4929
1744 5546
1746 2658
1747 4969
1749 4522
1749 5810
1750 3850
1750 5212
1751 2255
1751 2630
1752 5499
1754 4747
1755 2086
1756 5882
1757 3942
1757 6109
1758 2173
1758 2272
1759 2915
1760 2336
1760 5386
1760 5768
1761 3759
1761 4577
1761 5280
1763 4907
1763 4914
1764 3651
1765 4479
1766 1824
1766 5820
1767 2065
1767 2481
1768 4201
1769 4718
1769 6105
1769 6163
1770 2171
1770 2193
1771 2653
1773 3775
1773 5436
1774 5280
1775 6128
1776 2298
1777 6128
1778 2301
1778 6155
1779 2500
1779 3101
1779 4140
1779 5385
1780 2208
1781 3355
1781 4287
1781 5753
1782 2969
1783 4563
1784 2964
1785 4324
1786 6244
1787 2324
1787 4346
1787 4711
1788 5252
1788 5694
1789 2389
1791 1870
1791 5463
1792 2942
1794 3929
1794 4352
1794 4839
1796 2849
1796 3883
1797 1871
1798 3074
1799 2273
1799 6015
1800 2444
1800 5122
1802 1807
1803 1927
1804 2310
1805 5624
1806 5834
1807 4119
1808 2727
1809 5535
1810 2501
1810 5531
1810 6036
1811 4187
1812 4458
1813 2265
1814 5276
1815 3746
1816 2347
1816 5341
1816 5346
1817 3204
1818 4063
1819 5940
1820 2084
1820 2630
1823 4101
1823 4118
1823 4433
1823 4822
1823 5495
1824 4092
1826 2708
1827 3063
1828 5364
1828 6038
1829 3998
1829 4664
1830 2436
1831 2034
1831 2077
1831 4853
1832 4677
1832 5630
1832 6104
1833 3705
1834 4107
1834 4869
1834 5628
1836 5687
1837 2452
1837 4333
1837 5201
1838 2032
1838 3280
1839 2988
1839 3229
1840 2097
1840 5760
1841 2407
1841 2864
1841 3568
1841 4911
1841 6075
1842 4709
1843 2240
1843 2696
1845 5604
1845 5653
1847 2307
1848 3145
1849 2557
1849 3100
1851 5518
1852 4599
1852 6036
1853 3914
1854 2020
1854 3887
1854 5359
1855 2837
1855 4504
1856 5778
1857 3124
1858 4500
1859 4391
1859 4729
1860 4063
1861 2828
1862 3043
1863 2750
1864 2426
1864 3489
1865 2326
1865 3435
1866 2601
1867 2194
1868 4572
1868 5809
1868 6108
1869 3322
1869 5309
1870 3939
1870 5793
1871 4131
1871 4520
1872 1994
1872 3512
1873 2293
1874 4126
1875 4825
1876 5514
1877 6013
1879 1915
1880 2558
1881 2149
1882 2346
1883 2008
1884 4385
1885 2983
1885 3222
1886 5455
1887 4474
1888 4425
1889 2506
1891 2887
1891 5968
1892 2929
1893 2744
1894 2215
1894 2494
1894 5156
1896 3674
1897 2252
1897 5484
1898 4152
1898 5753
1899 4864
1899 5220
1900 3832
1901 3912
1901 5080
1901 5508
1902 3449
1902 3867
1902 3876
1902 4505
1903 4278
1903 4596
1904 3303
1906 4907
1907 3977
1907 4980
1908 3010
1908 3909
1908 5363
1910 2839
1911 5329
1913 4712
1914 4546
1915 2224
1915 3945
1916 4137
1916 5744
1917 4218
1918 3197
1920 4211
1920 5537
1921 4736
1922 2112
1922 6061
1923 4937
1923 5264
1924 5544
1925 4615
1926 2729
1926 6036
1927 2148
1927 3481
1928 4259
1928 5179
1929 3367
1929 3797
1930 2854
1930 4763
1930 5529
1931 2815
1931 3545
1933 5155
1934 2495
1934 2927
1935 5601
1936 4305
1936 5021
1937 2104
1937 5961
1938 2432
1939 3433
1939 5757
1940 4176
1940 5023
1941 5666
1942 6088
1943 5482
1944 4074
1945 2907
1945 3011
1946 5927
1948 2287
1949 4582
1952 3363
1952 4403
1954 2142
1954 2663
1954 5467
1955 2934
1955 5454
1956 4557
1956 5677
1957 3888
1958 4462
1958 4488
1960 6192
1961 4347
1962 2284
1963 3528
1964 6140
1965 2036
1965 5518
1966 3034
1967 3701
1968 3388
1968 5475
1969 5132
1970 2266
1970 2550
1970 3978
1971 5020
1972 2028
1973 5553
1974 3292
1974 3809
1974 5186
1975 2468
1975 5570
1976 4952
1976 4962
1976 5817
1977 2227
1977 2610
1978 4548
1979 5368
1980 5900
1981 4451
1981 5350
1981 5583
1982 2915
1983 2486
1983 4859
1985 3368
1986 2143
1986 4358
1986 4411
1987 2536
1989 3461
1990 5050
1990 5992
1991 3428
1992 2957
1992 3897
1993 3403
1994 3832
1994 4404
1994 4571
1995 3119
1995 4901
1995 5524
1996 2284
1996 4736
1998 4171
1999 4571
1999 5468
2000 2722
2001 4322
2002 2482
2003 4989
2005 3703
2006 2471
2007 4276
2007 5130
2008 2944
2010 2355
2011 2097
2011 3653
2013 3891
2013 5213
2014 2949
2014 3829
2014 5221
2015 4748
2016 2697
2017 4011
2018 4187
2018 5828
2019 5986
2020 6026
2021 2435
2022 6247
2023 2139
2023 4844
2023 5158
2024 3760
2024 5599
2025 2694
2025 3623
2026 2505
2026 4579
2026 5705
2027 2080
2027 3778
2028 2258
2028 2937
2029 5007
2030 2145
2031 4910
2031 5354
2032 3105
2032 4319
2033 4891
2034 5529
2035 3448
2035 3656
2035 4146
2035 4888
2036 3578
2036 4524
2037 4747
2039 4009
2040 3037
2041 3995
2042 5604
2043 2332
2043 5991
2044 4838
2044 5689
2045 4371
2045 5141
2046 2126
2046 4306
2047 3368
2047 4011
2047 4314
2049 2749
2049 3562
2049 3759
2049 5019
2050 3946
2050 4724
2050 4818
2051 2173
2051 4913
2052 3976
2052 5606
2053 2811
2054 2065
2054 4832
2055 2938
2056 4002
2056 4256
2057 3246
2057 4685
2058 5113
2060 4035
2060 4623
2060 5365
2061 2667
2061 4589
2062 4978
2063 2490
2063 3009
2064 3233
2064 4635
2066 3700
2067 2319
2067 2554
2067 3258
2067 4850
2068 2681
2068 2753
2068 2950
2069 3978
2070 2783
2070 3551
2071 4466
2071 5075
2071 5223
2071 5399
2072 3648
2073 2790
2073 4640
2075 5611
2075 5862
2078 3013
2079 2130
2079 5347
2081 2266
2082 5043
2083 2637
2083 3189
2086 2493
2086 2577
2087 3715
2088 5322
2089 4787
2089 5683
2090 2166
2091 3053
2092 5208
2092 5909
2094 3680
2095 3804
2096 5895
2097 4229
2098 3307
2098 4492
2099 3827
2099 4979
2100 5576
2102 4237
2103 2325
2103 5148
2105 5852
2106 3181
2107 4664
2107 5256
2108 3350
2109 5139
2110 4780
2110 6202
2111 5715
2112 2535
2112 5639
2112 6123
2113 3659
2114 3436
2114 4639
2115 2396
2116 2792
2116 5452
2117 3180
2119 3695
2120 5054
2120 5847
2121 3231
2122 2595
2123 2200
2123 4142
2124 2869
2124 2935
2124 4360
2124 5434
2125 3239
2125 4327
2126 5816
2127 2150
2127 2962
2127 4745
2127 5398
2128 3129
2129 4600
2130 2768
2130 5473
2131 3335
2133 3190
2133 3603
2134 5294
2135 3691
2135 5403
2136 2144
2137 2293
2138 5793
2140 3606
2140 4915
2142 4216
2143 4486
2144 4603
2145 2334
2146 4432
2146 5747
2147 2869
2148 4305
2149 5094
2149 5296
2150 4292
2151 2777
2151 3618
2151 5722
2152 5755
2153 3804
2154 3022
2154 4460
2155 6033
2156 2224
2157 2909
2158 2427
2158 2537
2159 5847
2159 6123
2160 5958
2161 3448
2162 3215
2162 3601
2162 4924
2163 4006
2164 5186
2167 3080
2167 4339
2168 2606
2168 5114
2168 5435
2168 5609
2169 3276
2169 3530
2170 4410
2171 5018
2172 3297
2172 4048
2173 3813
2173 4593
2174 3274
2176 4866
2177 3177
2178 5061
2180 2370
2181 3300
2182 2282
2182 5754
2184 4702
2184 5242
2187 3993
2187 4924
2188 2605
2188 3345
2188 4742
2190 4228
2190 4768
2191 4102
2192 3671
2193 2910
2193 5147
2197 3109
2197 5270
2198 4326
2200 2260
2200 3756
2201 5510
2202 2842
2203 2363
2203 4489
2204 5579
2205 3404
2205 3988
2207 4968
2209 2996
2209 3439
2210 4853
2210 5921
2211 4250
2211 5351
2211 5692
2211 6054
2212 3493
2213 2590
2213 6019
2214 2261
2216 2346
2216 3021
2216 3558
2216 3820
2216 5248
2217 3206
2217 3663
2218 5218
2219 6147
2220 2988
2220 3803
2220 5503
2221 3179
2222 2995
2223 5490
2225 5329
2227 4006
2227 6173
2228 5645
2229 5136
2230 5849
2230 5953
2231 4103
2231 4326
2232 4573
2233 2257
2233 5332
2234 2859
2234 5904
2234 6030
2235 3344
2236 5218
2236 5834
2237 5471
2237 6159
2239 4451
2239 4501
2239 4975
2240 3270
2240 3643
2242 3102
2244 4193
2244 4317
2246 5426
2247 2250
2247 5984
2248 2984
2250 2826
2251 3896
2251 4941
2251 5654
2253 4661
2255 4341
2256 4582
2257 2889
2259 5335
2260 3478
2261 4382
2261 4525
2261 5778
2262 3629
2263 4892
2264 4481
2265 2905
2266 3417
2267 2861
2268 2414
2270 2641
2271 3336
2271 3960
2271 5277
2273 2277
2273 4774
2274 4598
2275 2735
2276 3365
2277 2316
2277 4478
2277 5294
2278 3118
2278 5033
2279 5210
2280 3264
2280 4777
2281 2379
2281 4653
2281 5764
2283 5442
2285 2409
2285 3281
2285 5523
2286 3438
2286 4664
2287 4949
2288 4794
2289 2866
2289 3370
2290 4990
2292 3039
2293 3642
2295 2410
2295 3173
2297 3115
2298 3106
2298 6109
2299 2579
2302 4281
2302 4474
2304 3668
2304 5613
2305 2359
2306 3115
2306 5760
2307 3936
2307 4452
2308 3257
2308 4694
2309 2542
2309 2925
2309 2994
2310 6028
2311 2702
2311 3144
2311 5009
2311 5227
2312 5902
2313 3830
2313 4057
2313 5394
2314 5185
2315 2883
2316 3225
2317 2908
2317 4610
2319 5730
2320 2734
2320 5097
2320 5528
2321 4865
2322 3061
2322 4087
2323 3042
2323 5335
2324 3145
2325 3627
2326 5301
2326 5856
2328 6242
2329 3976
2329 3979
2330 5954
2331 4517
2331 4748
2331 4769
2332 3959
2333 5833
2334 5732
2335 2985
2335 3065
2335 4081
2335 5783
2336 4612
2337 6059
2337 6177
2340 4170
2340 5114
2341 4285
2342 2417
2342 6184
2343 3383
2343 3960
2343 4158
2344 3989
2345 6007
2346 3686
2346 4650
2347 5964
2349 2838
2349 4603
2349 5918
2350 2894
2351 4371
2352 5502
2353 3835
2354 3724
2356 4098
2357 5935
2358 3172
2359 3143
2360 3184
2361 3047
2361 5038
2362 3916
2364 3089
2365 3455
2366 4532
2368 2665
2368 3320
2368 6060
2369 2661
2372 5117
2373 5083
2374 3601
2374 5035
2374 5366
2375 3303
2375 4535
2376 2482
2376 6220
2377 4047
2378 4548
2380 5565
2381 3433
2381 4350
2382 4871
2383 4186
2384 2412
2384 3648
2384 4756
2385 6081
2386 3376
2387 2938
2387 5707
2388 3377
2388 4149
2391 3142
2391 5898
2392 5910
2393 3517
2393 4450
2393 5005
2394 2948
2394 3829
2395 2662
2395 5051
2397 5751
2397 6237
2398 3743
2398 5456
2399 4779
2399 5154
2400 3853
2402 5127
2403 2775
2403 4870
2405 3379
2406 5821
2407 2800
2408 4550
2409 4367
2410 3502
2410 3777
2410 4543
2412 2937
2412 3886
2414 5730
2415 3775
2416 3038
2417 4914
2418 3792
2418 5610
2420 4240
2421 3636
2421 5832
2422 2709
2422 6179
2423 3499
2424 5687
2424 5864
2425 4068
2425 5870
2426 2555
2426 2842
2428 2821
2428 3107
2429 4518
2430 3388
2431 2797
2431 4019
2432 5209
2432 5827
2434 2960
2435 4185
2436 4096
2437 4543
2438 3437
2439 5552
2440 5420
2440 5719
2440 5764
2441 3499
2442 5534
2444 2718
2445 6044
2446 5453
2447 6150
2448 3320
2449 6170
2450 4681
2450 6203
2451 4353
2453 4785
2454 4929
2454 5544
2456 4981
2456 5462
2458 4890
2459 3913
2460 5000
2463 5633
2465 4955
2465 5539
2466 2786
2468 4617
2468 4652
2469 3256
2469 5395
2469 5396
2471 2626
2472 3670
2472 4671
2472 5844
2473 5786
2473 5808
2474 2808
2475 4507
2475 4806
2476 3134
2476 3796
2476 4217
2477 3802
2477 6177
2478 3120
2478 5382
2479 5793
2480 3836
2481 5374
2483 4268
2483 5843
2484 2623
2487 4597
2487 4944
2488 2690
2489 5295
2489 6149
2490 5022
2491 2711
2491 4162
2492 3693
2492 4707
2494 2897
2495 5596
2496 2784
2497 2603
2499 4748
2500 2541
2500 2795
2502 6200
2503 4507
2504 5786
2505 3209
2505 4535
2505 6068
2506 2574
2506 5305
2507 3202
2507 6046
2508 5056
2509 3197
2509 4248
2510 2670
2510 4223
2510 5300
2511 3699
2512 5549
2512 6150
2513 5560
2513 5618
2514 3687
2515 5495
2516 2895
2517 5212
2517 5236
2518 5071
2519 5142
2521 4740
2522 3870
2522 5495
2523 5952
2524 2526
2524 4058
2525 3775
2526 2796
2528 4302
2529 3351
2530 2766
2530 4280
2531 2540
2531 3622
2533 2640
2533 3212
2533 3619
2535 4232
2535 5810
2535 6249
2536 2657
2536 4200
2537 2832
2538 2907
2539 5179
2540 5764
2541 5591
2543 5913
2544 4891
2544 5556
2545 4963
2547 4274
2547 4788
2549 3143
2549 3643
2551 3151
2551 6120
2552 4821
2553 5894
2556 4985
2556 5752
2557 4545
2558 3008
2559 3148
2560 3980
2560 5271
2561 4855
2561 5838
2562 5337
2564 3557
2564 4982
2566 5432
2567 3513
2567 4115
2568 4351
2569 5379
2569 5981
2570 3625
2570 5179
2572 5741
2573 2780
2573 2886
2575 2681
2578 3100
2578 5271
2579 3191
2580 5330
2581 2951
2581 3607
2582 5451
2583 4783
2583 5267
2583 5342
2584 4062
2585 5254
2586 5902
2587 2881
2587 4661
2589 3978
2590 3380
2590 6158
2591 4820
2592 3027
2592 5070
2594 4248
2595 4979
2596 5658
2597 3331
2597 6225
2598 3929
2599 2731
2599 4992
2600 4326
2600 5030
2601 2611
2602 5418
2602 5800
2604 4374
2605 5548
2606 4619
2607 4781
2608 3423
2608 5182
2608 5569
2609 3180
2611 3487
2612 4567
2613 3582
2614 4191
2615 4345
2616 4172
2617 3199
2617 4921
2618 2751
2619 4168
2621 3850
2622 4197
2623 3819
2624 4471
2624 5882
2624 6043
2625 2799
2626 4739
2627 3218
2627 6232
2628 4278
2629 3138
2630 2900
2631 5631
2632 4802
2633 5234
2634 6100
2635 3223
2635 5808
2636 6246
2638 4832
2639 3306
2641 5195
2642 3148
2642 3466
2642 5215
2642 5442
2643 5008
2643 5646
2644 2690
2646 3168
2646 6151
2647 3727
2649 3574
2649 3705
2651 5662
2652 4883
2652 5745
2653 4073
2653 5149
2654 4603
2657 4739
2660 4696
2661 3431
2661 4215
2662 3051
2662 4216
2662 4990
2663 4602
2663 5380
2664 4731
2666 3958
2668 3747
2671 2751
2672 4857
2673 3349
2673 5340
2674 6058
2675 5839
2676 6057
2676 6178
2677 4397
2678 2922
2678 5455
2679 3271
2679 4934
2680 5334
2683 5957
2684 4896
2685 4728
2685 5302
2686 3985
2686 5522
2686 5971
2687 3341
2687 3781
2688 3339
2689 3298
2689 3613
2691 5251
2692 3476
2694 5404
2696 3758
2696 4268
2697 3838
2699 2931
2699 5116
2699 6069
2699 6147
2699 6234
2700 3267
2701 2703
2701 4194
2702 4181
2702 5509
2703 5790
2704 4430
2706 4899
2707 4203
2707 6049
2708 3836
2708 4392
2711 3810
2711 5313
2712 3697
2712 3939
2713 4964
2713 6056
2714 5899
2716 3181
2716 3447
2717 4088
2717 4314
2717 5866
2720 3012
2722 6190
2723 4358
2723 5047
2723 5970
2724 3023
2724 4538
2724 4641
2724 5461
2725 4226
2726 3078
2726 3617
2727 5555
2730 4742
2730 5372
2731 4923
2731 5450
2732 4660
2734 6244
2736 4761
2737 4074
2738 3478
2739 5202
2739 5376
2740 3272
2741 4918
2742 4469
2743 3852
2744 4738
2745 4378
2745 4468
2746 4502
2747 3480
2747 4665
2747 5567
2750 5400
2753 5323
2754 4589
2754 6177
2755 3061
2757 4852
2757 6088
2758 4957
2759 3652
2759 4886
2760 5158
2761 4308
2761 5852
2761 5963
2763 5804
2764 4659
2767 3754
2768 5897
2769 3238
2770 3737
2771 4859
2772 3805
2772 3978
2773 3796
2773 3861
2774 6049
2776 3364
2776 4335
2776 5440
2777 5977
2778 5492
2779 3888
2779 4415
2781 5224
2782 4276
2783 4001
2783 5085
2785 3817
2786 4596
2786 5133
2787 3614
2788 3454
2788 4737
2788 5363
2789 2819
2789 4045
2792 4553
2793 4712
2793 4959
2794 2984
2794 3566
2798 6137
2799 3350
2800 5836
2800 5993
2801 3442
2802 4958
2803 5887
2804 3524
2804 3665
2804 5536
2806 3761
2806 5900
2807 6046
2808 3325
2808 4586
2810 5639
2812 5908
2813 5640
2814 3961
2815 4489
2815 5423
2816 4097
2816 5075
2817 3132
2818 3897
2819 2920
2819 5032
2822 5523
2823 4704
2823 5635
2825 3348
2827 2875
2827 6039
2828 3835
2828 4678
2828 5780
2829 3076
2830 3382
2830 3386
2830 4657
2830 6212
2832 5110
2834 6041
2834 6233
2835 4579
2836 3883
2837 4912
2838 4033
2838 4842
2838 6050
2840 3183
2840 6057
2840 6104
2841 3034
2841 5364
2841 5389
2842 4456
2843 4440
2843 4734
2844 2996
2845 6059
2847 4338
2849 3193
2849 3265
2849 5523
2850 5922
2850 6225
2853 3598
2855 5551
2856 3412
2856 3580
2856 6207
2860 5526
2862 5605
2865 3584
2866 6148
2867 4534
2868 4503
2869 4246
2871 5137
2872 5588
2873 5064
2873 5239
2874 3093
2875 2882
2875 3796
2876 3096
2877 3214
2877 3788
2878 3885
2878 5232
2879 6162
2880 3028
2881 3808
2882 5975
2883 4648
2884 4182
2884 4887
2885 5612
2887 3049
2888 3202
2888 3984
2889 4796
2890 5179
2891 5892
2891 6137
2892 3698
2893 6042
2894 3291
2894 6065
2895 4892
2898 3337
2899 4217
2901 4463
2902 3013
2903 3727
2905 6235
2906 4913
2906 5610
2907 3806
2908 2916
2909 4054
2909 4634
2911 4016
2911 4184
2911 5517
2912 5821
2913 6233
2914 3620
2914 6027
2914 6153
2915 4873
2915 4996
2917 3982
2917 5917
2919 3192
2919 4340
2919 5305
2921 3068
2921 3248
2921 5993
2922 5845
2926 3171
2926 5422
2926 6188
2927 4857
2928 3776
2928 4079
2930 5017
2931 6054
2932 4621
2932 5505
2932 5956
2932 6149
2933 4757
2935 3867
2936 5820
2939 3131
2939 4117
2940 5134
2940 5279
2941 4706
2942 3553
2942 5671
2942 5700
2943 3359
2944 4186
2944 4950
2945 5498
2946 4156
2946 5571
2951 5457
2952 5576
2954 3448
2954 5252
2954 5845
2956 5089
2957 3045
2957 5255
2958 4991
2959 2974
2959 4854
2959 6244
2960 3049
2961 4085
2963 5917
2964 5410
2964 6032
2965 3860
2966 4529
2969 5175
2970 3005
2970 3769
2971 5755
2972 3755
2972 4879
2973 6142
2974 3929
2975 3066
2976 3794
2976 4916
2976 5467
2978 5872
2980 3037
2980 3762
2981 4443
2982 3421
2982 5998
2983 5308
2984 4060
2985 4713
2989 5757
2990 3243
2993 4896
2994 5547
2995 4299
2995 4797
2995 6066
2996 5583
2997 3274
2997 3316
2997 3608
2997 3793
2998 3534
2999 4436
2999 5400
3000 4381
3000 4651
3002 3346
3002 4898
3003 3366
3003 4053
3004 4338
3005 4639
3009 3786
3010 5048
3010 5073
3012 3253
3014 4652
3015 3951
3015 4242
3015 5168
3015 6200
3016 4851
3017 5364
3018 3965
3018 5967
3019 3085
3019 3628
3020 4736
3020 6165
3022 5810
3024 3313
3025 5093
3025 6170
3026 3390
3026 5732
3029 4769
3030 3321
3031 5884
3032 4304
3033 4424
3035 4402
3036 4671
3037 3304
3037 4212
3037 4652
3038 3959
3039 3232
3039 5788
3039 6221
3040 5105
3041 4331
3042 3393
3044 3418
3046 5980
3047 4759
3048 4849
3052 3764
3053 4441
3053 6116
3055 5167
3056 5547
3057 4143
3057 5795
3057 6079
3058 5788
3059 3130
3060 3676
3062 5598
3064 4594
3066 5826
3067 5787
3069 5144
3069 5183
3069 5905
3070 3240
3070 5241
3071 5784
3074 5550
3075 3822
3076 3908
3076 4566
3077 5072
3077 6166
3079 4664
3080 5319
3080 5527
3081 3579
3081 3965
3083 5454
3083 5614
3084 4278
3086 4595
3086 4748
3087 5956
3088 4901
3088 5731
3088 6145
3089 6104
3090 3125
3090 5805
3091 5325
3091 6211
3092 3509
3092 4602
3093 4144
3094 5390
3094 6064
3095 4902
3096 4778
3097 3663
3097 4443
3098 3175
3099 5332
3102 3919
3102 4896
3103 4086
3104 4301
3104 5040
3105 5951
3106 4971
3108 3684
3108 5919
3110 4262
3111 4523
3111 5219
3112 4723
3112 5037
3113 3158
3115 4423
3117 5630
3120 3456
3122 5735
3122 5756
3123 3581
3123 5237
3124 4858
3125 4204
3126 5316
3127 3244
3127 4284
3127 4917
3128 4099
3130 4810
3130 5644
3131 4179
3132 4892
3133 3536
3134 4875
3135 4777
3136 3856
3136 4740
3137 3663
3137 5920
3139 3269
3140 5659
3141 4463
3144 5754
3147 5259
3151 4403
3151 5929
3152 5447
3153 3996
3154 3515
3154 4373
3154 5408
3155 4580
3156 6026
3157 6233
3158 5870
3159 5372
3160 6214
3161 4383
3161 4688
3161 5345
3162 4244
3163 4022
3163 4025
3164 3484
3164 6142
3165 3678
3165 4866
3165 6072
3166 4872
3166 5036
3167 3289
3167 4504
3168 3750
3169 4865
3169 5688
3170 3586
3170 3755
3172 3424
3174 4224
3174 4315
3175 4662
3176 4177
3177 4959
3179 4751
3181 5028
3185 3866
3185 6160
3187 3639
3187 5255
3188 5281
3188 5777
3190 3861
3194 5096
3195 3803
3195 4491
3196 4843
3199 3410
3199 5480
3202 5041
3204 3232
3208 3658
3210 5579
3211 3220
3211 5643
3212 5415
3213 4085
3213 6015
3214 4121
3216 5257
3217 4277
3217 4372
3220 4654
3221 5820
3222 4072
3223 3966
3224 4741
3225 5125
3226 3917
3226 6191
3227 4966
3228 4268
3230 4726
3232 3610
3233 4696
3234 4381
3235 4223
3237 5854
3238 3527
3241 3422
3241 4085
3241 4997
3242 3687
3242 4253
3242 5725
3245 3881
3247 3387
3248 4925
3248 4954
3248 4965
3249 3352
3249 5852
3250 3313
3250 3950
3250 4093
3254 4317
3254 4878
3255 3376
3258 5629
3259 4770
3260 4427
3260 4473
3261 3849
3262 4269
3262 4974
3263 4905
3264 3448
3267 5207
3267 5375
3268 3567
3268 5492
3269 6032
3270 3454
3270 3557
3270 4106
3270 4981
3272 5936
3273 3424
3274 5512
3275 3979
3275 5010
3277 5035
3278 4997
3279 4606
3282 5861
3286 5634
3286 6139
3288 3419
3290 3744
3290 4101
3291 4633
3293 5312
3295 3374
3295 6223
3296 4719
3297 4900
3298 3525
3299 5210
3300 4322
3302 4007
3302 4804
3305 4885
3306 3472
3306 4056
3310 5788
3311 3634
3311 5714
3312 3922
3313 3372
3314 4265
3315 3923
3315 6048
3316 6186
3317 3989
3317 4224
3318 4342
3319 4891
3320 4833
3321 5352
3322 4557
3323 5553
3323 6056
3323 6155
3324 4993
3325 3721
3326 4221
3326 4552
3327 5022
3329 3430
3329 3614
3332 4708
3332 6041
3333 3742
3334 4587
3336 5428
3338 5571
3341 6210
3342 3858
3342 4198
3342 6182
3343 4262
3344 4780
3347 5623
3348 4856
3349 4560
3353 4545
3355 5275
3356 3479
3357 4618
3358 6135
3359 3937
3361 4279
3361 5471
3362 4159
3362 5917
3363 6156
3364 4678
3364 5710
3366 5559
3370 5161
3371 4658
3371 5571
3372 5128
3373 3652
3373 4814
3374 4773
3375 4618
3376 5088
3377 4508
3381 3592
3386 4799
3387 4400
3389 4321
3390 5053
3391 4511
3393 3529
3393 4726
3394 3709
3394 4716
3394 6244
3395 3528
3396 3513
3397 6064
3398 5188
3399 4134
3399 5173
3400 4734
3403 5352
3406 3751
3406 4856
3408 5138
3411 4147
3414 4091
3414 5770
3415 4976
3415 5246
3417 3501
3417 3647
3417 4604
3417 5823
3419 4447
3419 5261
3420 3585
3420 3974
3421 6162
3424 4583
3424 5979
3425 6191
3426 4386
3427 5870
3428 3626
3428 5222
3428 5247
3428 6018
3430 4431
3431 4564
3431 4678
3432 5416
3433 5083
3434 5319
3434 6201
3437 4569
3438 5839
3439 3729
3439 5952
3440 3744
3440 6189
3441 5397
3441 5574
3441 5775
3442 3587
3442 3694
3442 4515
3443 6111
3444 3735
3446 4702
3446 5708
3446 6144
3449 4459
3450 4744
3451 6110
3452 5320
3453 5516
3456 5654
3457 5023
3459 3712
3459 4069
3460 5575
3461 5549
3462 4575
3463 4495
3464 5473
3465 3872
3466 3927
3468 3558
3468 6106
3470 5713
3470 5969
3472 3721
3475 4633
3478 3490
3478 5784
3482 5249
3483 5589
3485 3650
3485 5054
3485 5878
3486 5604
3486 5684
3488 4127
3490 4907
3490 5370
3492 3597
3492 4477
3493 4821
3495 5286
3496 6059
3498 3745
3500 5777
3501 4890
3503 5760
3504 4486
3505 5956
3506 4497
3508 4511
3508 4885
3509 4910
3510 4513
3510 6226
3511 4875
3513 6184
3514 4495
3514 4646
3516 5953
3517 5506
3519 4980
3519 5329
3520 6104
3521 5133
3522 5329
3523 6219
3525 4548
3526 5597
3527 3771
3527 4827
3530 4877
3531 3639
3531 5090
3532 5849
3532 6085
3532 6102
3533 4733
3533 4755
3534 5151
3535 5205
3535 5580
3537 4616
3538 4868
3540 4939
3541 5034
3541 5066
3543 5748
3544 3610
3545 4483
3546 4774
3547 5448
3549 3968
3549 5673
3550 3995
3550 4943
3551 4018
3551 5146
3553 5333
3555 5018
3556 4034
3557 4864
3557 5681
3558 5050
3560 4421
3560 4761
3561 6223
3562 4770
3562 5515
3563 4990
3567 4448
3569 3724
3570 6055
3572 4967
3574 4783
3575 4648
3576 3778
3577 4041
3581 3877
3581 4113
3583 4076
3584 4100
3584 5284
3588 5544
3589 4605
3590 3949
3592 3865
3593 5723
3596 3825
3597 4848
3600 4562
3601 5002
3602 4862
3604 3608
3604 4785
3605 4508
3606 5815
3609 5244
3610 3759
3612 3927
3614 3683
3615 3880
3615 4023
3616 4688
3620 4038
3621 5578
3623 4293
3627 3718
3628 6231
3629 4338
3629 5762
3630 4416
3630 4424
3630 6083
3631 4961
3632 4653
3633 4944
3635 5145
3635 5792
3636 4528
3636 5880
3637 4576
3637 5320
3638 3647
3640 4388
3640 5153
3641 3769
3644 4945
3646 5195
3650 5492
3651 5943
3652 5020
3652 5306
3653 5585
3654 4975
3657 4139
3658 5567
3660 4674
3662 4512
3663 4675
3664 4590
3664 5010
3665 5263
3668 5477
3670 5091
3671 3807
3671 4190
3672 5632
3673 5150
3674 4025
3674 5052
3676 4068
3677 4655
3677 5434
3678 5298
3679 3747
3680 5441
3681 5335
3682 5270
3683 3928
3687 6042
3688 6055
3691 5471
3692 5129
3693 3946
3696 5785
3697 5401
3698 3701
3702 5526
3703 3869
3705 5987
3706 4781
3706 5691
3707 5891
3708 5568
3710 5215
3711 5010
3713 3735
3713 5678
3714 5120
3715 5101
3716 4431
3721 5813
3722 5884
3723 4340
3724 5856
3725 4174
3725 5324
3726 6013
3727 4676
3727 6161
3728 5044
3730 5454
3732 5888
3733 4859
3734 4502
3736 5372
3739 5255
3740 4316
3742 5021
3743 3790
3745 4392
3745 4817
3745 5167
3746 4048
3746 5284
3746 6215
3748 4020
3750 5885
3753 3855
3753 4701
3753 4824
3755 4045
3756 4968
3761 4462
3763 5491
3764 3787
3765 5085
3765 6243
3766 5395
3766 6248
3767 6051
3769 4758
3770 4955
3770 5514
3772 4861
3775 5402
3778 4115
3778 5321
3779 5398
3782 5418
3783 5130
3784 5508
3785 5434
3790 5998
3794 5733
3794 5818
3795 6037
3796 4519
3797 3821
3800 5225
3800 6001
3801 5969
3803 3924
3806 4528
3807 6213
3809 4254
3811 4413
3812 4425
3813 5753
3814 5053
3815 5607
3818 5821
3819 5936
3820 4842
3823 4629
3824 4655
3829 6246
3831 4472
3833 3841
3834 5685
3835 4173
3839 4199
3840 4949
3841 5279
3842 4845
3844 5113
3845 5174
3846 5460
3846 6238
3848 4222
3848 5539
3848 6181
3849 5007
3849 5549
3849 6017
3851 5286
3857 5111
3857 5659
3858 5032
3861 6111
3862 5758
3864 5272
3866 4533
3866 5096
3866 5419
3867 4943
3867 5172
3867 5756
3868 4438
3868 5086
3871 5602
3872 3915
3872 4323
3873 6233
3874 4404
3875 4090
3878 5034
3880 6157
3882 5978
3889 6247
3890 4532
3890 5966
3891 5982
3892 5505
3893 5665
3893 5739
3895 4384
3895 4455
3896 4720
3898 5720
3899 4514
3899 5874
3901 4098
3903 4155
3903 4947
3904 4789
3905 6209
3907 5670
3908 4283
3909 5999
3910 5384
3911 4185
3913 4244
3914 5636
3918 6127
3919 4072
3920 4162
3921 5671
3923 5446
3925 6131
3926 3988
3926 5769
3927 4836
3930 4254
3931 5306
3932 5774
3932 6152
3933 4179
3934 4905
3934 5467
3934 6112
3935 5690
3937 4025
3942 6019
3943 4085
3944 4721
3944 5481
3945 3983
3946 5059
3947 4749
3947 4876
3952 6043
3953 4175
3954 5471
3955 5958
3956 4332
3957 5659
3958 5233
3959 4375
3961 6227
3962 3983
3962 5641
3963 5091
3964 4614
3964 5723
3964 6167
3967 4337
3968 4593
3968 5163
3970 4386
3970 4858
3970 5230
3970 5609
3970 5804
3970 5906
3971 6144
3972 4554
3972 5274
3973 5822
3973 5928
3975 5370
3979 4260
3980 4964
3980 5058
3981 5990
3983 4197
3983 6208
3986 4206
3990 4324
3990 4481
3991 6037
3992 5330
3993 4912
3993 5602
3994 4151
3996 5339
3997 5074
4001 5001
4003 4095
4003 5130
4006 5339
4009 4015
4009 6213
4010 4248
4010 5568
4012 5687
4013 4493
4014 4372
4017 4831
4018 6129
4019 5210
4020 5039
4021 5521
4021 5688
4022 5564
4029 5331
4030 4448
4031 5361
4032 5936
4033 4596
4033 5104
4034 5318
4034 5415
4036 5885
4037 5712
4038 5932
4039 5336
4040 5541
4041 4798
4041 5820
4042 5972
4043 4656
4044 4530
4044 5412
4044 5533
4044 5809
4045 4687
4046 4122
4047 5805
4049 4847
4050 4648
4051 5318
4052 5532
4053 4691
4055 5108
4062 4067
4062 6196
4063 4989
4063 6075
4064 6150
4066 4562
4071 4188
4071 5666
4072 5310
4076 4316
4077 5658
4082 5755
4084 4331
4088 5319
4088 6084
4089 5636
4094 4847
4094 4848
4095 6127
4096 5556
4099 4919
4099 5200
4099 5860
4101 5573
4102 4986
4104 4962
4108 4349
4108 5861
4109 4271
4109 5542
4111 4656
4114 4239
4116 4408
4117 4429
4123 5196
4125 4207
4126 4497
4126 5853
4127 4325
4128 5902
4130 4977
4131 5256
4132 4138
4132 6181
4133 4576
4133 5349
4134 4432
4135 5909
4139 5355
4140 4542
4141 5340
4142 6063
4145 4969
4148 5152
4152 4607
4153 4615
4154 5234
4155 4951
4160 4321
4161 5355
4163 4640
4164 5583
4166 4693
4167 4592
4169 4646
4170 4585
4175 5801
4177 5247
4178 5743
4181 5637
4184 5315
4184 5791
4185 4788
4188 4537
4189 4635
4191 4932
4192 5026
4193 4984
4196 4805
4198 5122
4199 5736
4199 5969
4203 5194
4204 5055
4205 4249
4205 5159
4205 5867
4206 5191
4208 5096
4209 4693
4209 4812
4210 5344
4211 5069
4212 5657
4214 4790
4214 4941
4217 4841
4218 5048
4218 5787
4220 5418
4220 5516
4221 5430
4225 4359
4226 5807
4230 6059
4231 4734
4233 4705
4234 4854
4236 4313
4236 5669
4237 5590
4237 5632
4238 4578
4238 5224
4239 5482
4240 5823
4243 6100
4244 4941
4245 4617
4247 5464
4251 4933
4253 5405
4255 6147
4256 5486
4257 5311
4257 6218
4258 6088
4260 5712
4262 4922
4262 5292
4262 5572
4263 4838
4264 6137
4265 4319
4267 4577
4267 4694
4269 4446
4269 5157
4270 4475
4270 5116
4271 4959
4271 5594
4273 4396
4277 4355
4282 4780
4283 5707
4284 6089
4286 6150
4288 5904
4289 5769
4290 4828
4290 5156
4291 5988
4294 4977
4295 5875
4296 5951
4297 4881
4298 5500
4299 4547
4300 6081
4302 5096
4303 4344
4303 4867
4304 4531
4307 5902
4308 6007
4310 6079
4311 6029
4312 5784
4316 4719
4316 5895
4317 5259
4318 6053
4320 6043
4322 5651
4324 5476
4327 5856
4328 4731
4328 4961
4329 4459
4330 5492
4330 5771
4331 5221
4332 4830
4332 5969
4332 6230
4337 5266
4338 5686
4339 6229
4340 5127
4341 5534
4343 5461
4343 6016
4345 4515
4345 5272
4347 5998
4350 5712
4351 4914
4353 4956
4353 5024
4355 5168
4356 4898
4356 6183
4357 5785
4357 6177
4359 4758
4361 5994
4362 4748
4364 4388
4365 5903
4368 6237
4370 4371
4374 5290
4377 5222
4377 5414
4383 5362
4384 4682
4387 5153
4388 4674
4389 6161
4390 5881
4391 4425
4391 5028
4392 5627
4393 4871
4393 5171
4395 5877
4396 5282
4397 4477
4397 5126
4398 4651
4402 4442
4403 5536
4405 4897
4405 5178
4406 5388
4406 5898
4410 4716
4411 5234
4412 5767
4413 4569
4414 5759
4415 5552
4417 4925
4419 4532
4420 4608
4423 4706
4423 5115
4424 4874
4426 5257
4426 6045
4430 5118
4433 5234
4434 4478
4435 4601
4435 4927
4437 6210
4441 4688
4443 6035
4444 5268
4444 5406
4452 4804
4454 4961
4456 5997
4457 5710
4458 5134
4461 5835
4463 4560
4466 5597
4467 4485
4467 6133
4470 5429
4470 6224
4476 5833
4477 5540
4478 5679
4478 5766
4479 5237
4479 5409
4482 5773
4484 4826
4484 6173
4485 4765
4487 5049
4489 4569
4490 5658
4495 5206
4496 4507
4496 5196
4497 5046
4498 5973
4499 4798
4500 5725
4506 5796
4507 5726
4507 5881
4508 5300
4509 5807
4510 4923
4513 4929
4513 5894
4516 5365
4520 5826
4520 5986
4521 5883
4521 6086
4524 5276
4528 5864
4530 6068
4532 6134
4534 4863
4539 5084
4539 6193
4541 4674
4544 5330
4546 5615
4550 5617
4555 5260
4556 6104
4557 5664
4560 5393
4561 5836
4562 5891
4563 5678
4563 6239
4573 5587
4575 5586
4579 5543
4580 5547
4580 5621
4586 5157
4586 5863
4591 5817
4592 6118
4592 6221
4601 4604
4601 5256
4602 4881
4606 5334
4606 5949
4608 5215
4609 5865
4609 5937
4610 4690
4610 5797
4611 5325
4611 5724
4613 5543
4620 4823
4620 5444
4621 4831
4622 5811
4625 4928
4627 4952
4627 5062
4627 5379
4630 6099
4631 5534
4632 5662
4636 4792
4636 5376
4636 5530
4636 6241
4641 5923
4642 4681
4643 5753
4644 5094
4646 5788
4649 5361
4649 5413
4652 4873
4653 5958
4656 5580
4657 4796
4661 5426
4662 5605
4663 5290
4665 5674
4666 4837
4667 5389
4668 4784
4668 5938
4669 5714
4671 5439
4672 5611
4674 5623
4677 5512
4679 5831
4684 5942
4685 4995
4691 5843
4695 5006
4698 5648
4701 5958
4703 5150
4703 5659
4704 5792
4705 5780
4707 5393
4708 5585
4710 5153
4714 6044
4715 4842
4716 5461
4720 5620
4722 6020
4725 4925
4725 5664
4729 6069
4730 6211
4731 5258
4732 5857
4732 6114
4733 4893
4735 5427
4735 5717
4738 5155
4741 5656
4741 5718
4741 6240
4743 5251
4746 5024
4749 5244
4750 5636
4752 5430
4752 5840
4753 6215
4759 5555
4759 5587
4760 5113
4763 5860
4764 4895
4764 5452
4767 4800
4768 5698
4770 5307
4771 4983
4772 5970
4775 5625
4775 5749
4786 5526
4786 5715
4787 5599
4789 4902
4789 6125
4791 5697
4796 5147
4796 6062
4799 6070
4800 5625
4802 5143
4804 5367
4807 6219
4808 5023
4809 5578
4811 5477
4812 5872
4818 5941
4819 5001
4821 5189
4822 5808
4824 5855
4825 5707
4831 5745
4834 6216
4837 5170
4843 5271
4847 5728
4855 6046
4856 5829
4858 5067
4865 5460
4873 5852
4876 5197
4876 6090
4877 4913
4883 6105
4884 5647
4889 6209
4893 5195
4894 6211
4903 5507
4903 5525
4906 4970
4909 5234
4914 5959
4915 6001
4918 5676
4918 6176
4919 5182
4920 5119
4923 5566
4929 5795
4930 5595
4931 5677
4932 5184
4932 5573
4936 4962
4940 5472
4942 5155
4942 5873
4945 5785
4946 5162
4946 5421
4948 5659
4950 5283
4951 4999
4951 6101
4967 5618
4967 5737
4970 6156
4973 5069
4975 6096
4981 5431
4983 5734
4992 5752
4992 5930
4993 5297
4994 6000
5003 5791
5004 6236
5007 5779
5010 5382
5010 5627
5011 5751
5011 5824
5015 5135
5017 5882
5018 6214
5024 6010
5025 6020
5026 5591
5027 5828
5039 5469
5041 5859
5061 5260
5062 5440
5063 5476
5064 6024
5065 6006
5067 5675
5068 6191
5072 6222
5075 5615
5076 5830
5081 5368
5082 6121
5086 5579
5086 5650
5087 5124
5088 5487
5091 5269
5092 5313
5095 5854
5098 5822
5099 5124
5100 5759
5105 5285
5110 5642
5112 5118
5113 5505
5121 5867
5123 5698
5123 6029
5129 5911
5132 5343
5135 5519
5139 5690
5142 5343
5142 5468
5142 5998
5145 5851
5149 6114
5151 5480
5153 5607
5153 5723
5155 5896
5161 5655
5162 5291
5162 5947
5164 5166
5164 5222
5169 5837
5170 5925
5171 5955
5174 5940
5176 6124
5179 5603
5182 5854
5183 5650
5188 6009
5190 5353
5191 5734
5192 5461
5196 5765
5202 5884
5204 5945
5210 5830
5216 5353
5218 5530
5223 6011
5224 6005
5226 5603
5227 5582
5235 5574
5236 5963
5238 5887
5240 5969
5241 5927
5245 5871
5254 5754
5258 5610
5262 6243
5266 5843
5272 5357
5279 5973
5282 5973
5284 5850
5287 5692
5288 6104
5293 5919
5294 5510
5296 5435
5297 5913
5303 5969
5306 5557
5306 6170
5309 5889
5312 5743
5314 5869
5323 6197
5324 5902
5324 6229
5327 6141
5337 5581
5339 5685
5340 5491
5348 5501
5350 6174
5350 6227
5353 6200
5354 5914
5355 5604
5356 5835
5357 5375
5361 6006
5369 5460
5371 5888
5373 5389
5374 6097
5376 5624
5377 5901
5379 5738
5383 5414
5389 5701
5391 5879
5393 5478
5394 6143
5400 5561
5409 6204
5410 5424
5411 5702
5411 5982
5414 6119
5416 5536
5417 6213
5421 6008
5421 6055
5424 5786
5431 6166
5432 6025
5437 5740
5438 5700
5440 5890
5443 6248
5451 5814
5456 5939
5459 6013
5462 5699
5465 5826
5465 6035
5467 6109
5468 6087
5470 5705
5474 6028
5478 5560
5481 6007
5489 5862
5493 5802
5497 5589
5500 5547
5505 6031
5508 6091
5512 6200
5532 5669
5537 6141
5541 5937
5545 5991
5554 5837
5555 5813
5558 5647
5574 6169
5589 5976
5595 5688
5599 5798
5604 5916
5609 5876
5612 5640
5613 5705
5619 6117
5622 5662
5631 5697
5633 6020
5634 6141
5635 6172
5638 6068
5644 5893
5649 6043
5649 6056
5655 5946
5660 6051
5670 6207
5676 6131
5682 5945
5691 5826
5708 5913
5711 6227
5712 6074
5714 5863
5718 5860
5722 6032
5726 6224
5727 6248
5729 6231
5730 6034
5742 6022
5749 5833
5749 6111
5750 6096
5755 6164
5760 6162
5762 5788
5775 6187
5787 5995
5790 5965
5803 5948
5804 6135
5826 5875
5828 5997
5830 5868
5844 6047
5846 6192
5848 6059
5853 5856
5870 6048
5878 6076
5883 6203
5886 5913
5888 6040
5890 5907
5893 6218
5897 6012
5899 6157
5901 6142
5903 6180
5925 6095
5935 6043
5944 5972
5945 6142
5948 6203
5950 6165
5989 6071
5996 6225
6002 6039
6007 6009
6039 6067
6054 6177
6073 6243
6075 6136
6091 6245
6109 6193
6128 6168
6144 6170
6144 6171
6146 6229
6169 6235