6250
0 2770
0 3303
0 3742
1 4802
2 2331
2 3165
3 5227
3 5282
4 5145
5 412
5 1455
5 2008
5 5344
6 5384
6 5756
7 739
7 966
7 4818
8 470
8 865
8 4599
9 6026
10 335
10 2387
10 4609
10 4884
11 114
11 213
11 1913
12 606
13 4264
13 4686
14 2486
15 2597
15 4073
15 4573
16 1318
17 2290
17 5372
18 178
18 4129
18 6239
19 1900
19 5909
20 1343
20 4650
20 4960
21 2030
21 2763
21 5114
22 206
23 2834
24 1464
24 1990
25 1295
25 2966
25 3353
25 3604
26 1267
27 4590
28 6103
29 2862
30 668
31 1509
31 5289
32 89
32 4195
33 1036
33 3242
34 416
34 5152
35 1481
35 2146
35 4476
35 5450
36 3535
36 4334
36 4776
36 5784
37 5385
37 5790
38 5923
39 4286
40 1535
40 3238
40 4355
41 644
42 4027
43 2637
44 1076
44 2356
44 4516
45 5952
46 203
46 5028
47 931
47 2300
48 1974
49 498
50 1795
50 2075
50 4976
51 339
51 5367
52 5906
53 4220
53 5921
54 4151
55 601
55 4972
56 1033
57 1291
58 342
58 407
58 5134
59 1486
59 3759
60 988
60 5518
61 796
62 1167
62 1227
63 5102
64 1016
64 3495
64 4314
65 441
66 4919
67 116
68 422
68 1725
68 5814
69 168
69 484
69 3191
69 4613
70 1293
71 3515
71 4780
71 4782
71 5342
72 250
73 3086
74 2013
75 1214
75 4440
75 6212
76 5269
77 1151
77 3693
78 5069
79 203
79 1461
79 2298
79 3804
79 6121
80 3856
80 4628
81 5556
82 285
82 4405
83 2412
84 5344
84 6009
85 1969
86 553
86 4828
86 5208
87 4582
88 1603
88 3172
89 2937
89 4557
90 5196
91 3673
92 803
92 5536
92 5921
93 2823
93 3707
93 5916
94 3929
95 4499
96 5528
97 945
98 2004
98 2712
98 4914
99 1057
99 4960
100 3927
100 4098
101 3432
101 5256
102 2185
102 3390
102 5097
103 1263
103 2010
103 4563
104 1277
104 2110
104 2144
104 4754
104 5513
105 654
105 4528
105 5024
106 579
106 4591
107 3342
107 5749
108 677
108 4255
108 6157
109 474
109 2817
109 3420
109 5999
110 1336
110 2459
110 5449
111 1991
111 3615
112 5765
113 2928
113 4380
115 264
115 2715
115 3344
116 2341
116 2452
116 4437
116 5478
117 1967
117 4916
117 5919
118 5756
119 1839
119 2882
120 1217
120 1646
120 5301
121 1881
122 591
123 920
124 512
124 2188
124 5295
124 5471
125 4275
125 5203
125 6200
126 3275
126 5134
126 5334
126 5992
127 3774
128 1357
128 2152
128 2754
128 4446
128 5098
129 936
129 3629
129 5829
129 6073
130 3203
131 5035
131 5733
132 5115
132 5459
133 2757
133 6062
134 1999
135 296
135 4199
136 1865
136 5792
137 3375
137 5537
138 3849
139 1828
140 316
140 864
141 546
141 5031
142 5299
143 2871
143 5340
144 976
144 3305
144 4297
144 4499
145 231
146 3646
147 4466
147 5298
148 821
148 4863
149 965
149 3593
150 3900
151 1105
151 5832
152 482
152 5964
153 913
153 3631
153 3850
154 228
154 1265
154 3578
154 4511
155 2901
155 3517
156 1418
156 4781
157 1686
157 2965
157 5319
158 5761
159 688
159 4603
159 6171
160 3690
161 1077
161 6150
162 1207
162 1368
162 5001
163 3090
164 1440
164 5600
165 3161
165 4904
166 6149
167 2211
167 5967
169 3039
170 358
170 2096
171 2730
172 3051
172 4314
173 2672
173 5037
173 5703
174 1535
174 2155
174 2946
174 3821
174 4739
174 4959
175 815
175 2770
175 6104
176 887
176 3228
177 1222
177 4201
179 5643
180 949
180 4767
181 1120
181 2855
181 4016
181 4431
182 523
183 2337
183 3610
184 2240
184 3010
184 3862
184 5881
185 2240
185 2347
186 5526
186 5703
187 1773
187 4178
187 4330
188 429
188 982
188 1402
188 3317
189 964
189 3109
190 3009
191 2255
191 3764
191 3882
191 4593
192 890
192 1062
193 4596
194 5014
194 5274
195 2205
196 2255
196 5180
197 2801
197 4287
197 5534
198 4346
198 4638
199 986
199 2020
199 2947
200 1194
200 3481
201 6186
202 1287
203 4109
203 5795
204 4199
205 1484
206 4597
207 5603
208 6110
209 2290
210 800
210 993
210 2614
211 3454
211 3582
212 2129
213 6245
214 2361
214 3383
214 3488
215 2762
215 4009
216 4644
217 347
218 797
218 1157
218 1786
218 1819
219 645
220 798
220 2769
220 3365
220 5777
220 5953
221 3745
222 3367
223 875
223 1508
223 5064
224 1037
224 1057
224 3093
224 4557
225 5787
226 1016
227 1213
227 5806
229 3483
230 475
230 5168
230 5939
231 1500
231 1703
231 3591
232 3125
232 4255
232 5377
233 3372
233 4305
233 4554
233 4623
234 1118
235 1311
235 2583
235 3812
235 4727
235 5242
236 1742
236 3947
237 3258
237 3626
238 2699
238 4163
239 1033
239 5476
240 2199
241 2299
242 3008
242 4560
243 585
243 3762
244 867
244 1093
244 1569
244 1581
244 4538
245 1426
245 1806
246 1870
246 4405
247 1199
247 2735
248 2122
249 330
249 4281
249 4615
250 2220
251 5182
252 805
252 2008
252 3949
253 1673
253 3168
254 1388
254 2093
254 4627
254 5053
254 5893
255 948
256 1294
256 5549
257 4490
257 5205
258 2931
258 3638
259 921
260 283
260 4773
260 5636
261 1966
262 4133
262 4592
263 3020
263 4560
264 1771
265 1133
265 1223
265 1299
265 4547
266 1475
266 2213
266 4862
267 1843
267 3400
268 2099
268 4526
269 2222
269 3202
270 6229
271 2730
271 5476
272 2739
272 3533
272 5720
273 1503
273 3669
274 5781
275 1363
275 1834
275 2020
276 3053
277 2467
277 3533
277 4505
278 1795
279 3892
280 2934
280 4121
281 2502
281 3361
282 339
282 1131
282 2822
284 877
285 2507
285 5729
286 1111
286 4431
287 2064
287 5806
288 352
288 2361
289 3308
290 2057
291 2657
292 1045
292 1648
293 5724
294 3161
295 2501
295 5414
295 5751
295 6212
297 1725
298 2597
299 919
299 1025
299 3131
299 6006
300 3349
301 3799
302 3661
302 4032
303 2213
303 6215
304 479
304 3548
304 6137
305 5781
306 1514
306 2903
306 3721
306 4856
307 6163
308 3752
308 5623
309 3934
309 4697
310 1709
310 2956
310 5266
311 4318
312 4318
312 6089
313 878
313 2814
313 5016
314 1733
314 3315
314 5179
315 2042
315 4929
315 5238
315 6168
316 4210
317 634
317 649
317 5226
317 5259
318 2037
319 2379
320 684
321 588
321 4950
322 1396
322 5037
323 2471
324 333
324 660
325 2799
325 3582
326 378
327 863
327 3453
327 3474
328 5145
328 5862
329 1928
329 2764
329 4667
330 4764
331 2095
331 3537
331 3836
332 1641
332 5264
333 913
334 4201
335 2074
335 2410
336 1401
337 659
337 3048
337 4289
338 663
340 1146
340 6097
341 6098
342 3946
343 897
343 1025
343 1078
343 2891
344 3109
344 5118
345 3127
345 3270
345 4810
346 4112
347 2521
348 927
348 4755
349 1688
349 5288
349 6188
350 406
350 1284
351 1381
351 1417
351 1757
353 1006
353 2911
353 5922
354 3919
355 3188
355 5357
356 4185
357 2017
358 1839
358 4915
359 2853
359 4285
359 6012
360 1840
360 4444
360 4984
361 6018
362 421
363 811
363 3530
364 3496
365 3094
365 3386
365 5007
365 5355
366 3778
366 5835
367 2596
367 5088
367 6199
368 2813
368 2982
369 1148
369 3314
369 3670
369 3796
369 5138
370 1257
370 3419
371 380
371 2912
371 4485
371 5397
372 2641
373 2945
373 4258
373 5193
374 3239
374 6197
375 1537
375 1578
375 3667
375 4084
375 4675
375 5120
375 6075
376 3149
376 5381
377 4420
378 2220
379 1630
379 1971
379 5902
381 1797
381 6242
382 2025
382 3805
383 2569
383 3834
383 5944
384 3296
384 3615
384 6179
385 1948
385 2028
385 4092
386 1695
386 4718
387 4428
388 1215
388 1857
389 1838
390 706
390 978
390 1521
390 5798
391 767
392 3193
393 1763
394 3952
394 4790
395 1523
395 5374
395 5495
396 2639
396 2772
397 4110
397 5746
398 3284
398 4859
399 4388
400 6155
401 3009
401 5936
402 2910
402 4952
403 862
403 912
403 2553
404 1049
404 1919
405 1206
405 4131
406 614
407 1007
408 4941
409 594
409 855
410 4070
410 4330
411 3239
411 4275
413 3857
413 5303
413 6105
414 3741
414 5891
415 5672
416 2424
416 4415
417 2304
417 3440
418 598
418 2496
418 5059
419 2765
420 687
420 5850
420 6026
421 3865
421 5939
422 1753
423 1302
424 3931
425 782
425 2720
426 2784
427 3453
428 2081
428 3216
428 5006
429 848
429 3743
430 2473
430 5607
431 2035
431 2982
431 5817
432 1080
432 3189
432 3515
432 5497
433 462
433 3307
433 5948
434 3499
434 4920
435 481
435 2299
436 1654
436 2751
437 765
437 2309
437 6023
438 2495
438 6088
439 585
440 2670
440 4560
440 6034
441 3515
442 2359
442 3516
442 3903
442 5269
443 3462
443 3895
444 5481
445 3124
446 2857
447 5786
448 1974
448 4834
449 1838
449 3823
449 3912
450 5760
451 2530
451 3709
451 4718
451 5902
452 2506
452 3147
452 5428
453 3217
453 4324
453 5804
454 612
454 3339
455 5282
455 6206
456 555
456 3385
456 4530
457 3334
457 4227
458 1156
458 6048
458 6149
459 3274
460 2444
461 1174
461 2752
462 4037
463 2247
463 2368
464 1392
464 3685
465 3703
465 4231
466 3927
466 5257
467 5963
468 1706
468 6104
469 1588
470 535
471 1525
471 1691
471 5705
472 853
473 4095
473 6018
474 574
474 4471
475 2183
475 2943
476 5212
476 5467
477 2187
478 3401
479 4785
480 928
480 1896
480 5106
482 4299
482 6191
483 2578
483 6086
484 897
484 3553
485 491
485 3850
486 947
486 3707
487 3019
487 5798
488 1381
488 5008
488 5484
489 3606
490 2469
490 2937
491 850
491 2756
492 3266
492 5906
492 6164
493 2655
494 3684
494 4254
494 4935
495 2707
495 2967
495 6148
496 2835
496 5256
497 780
498 1081
498 1589
499 6223
500 1523
500 2641
500 2785
500 4066
501 5168
502 3625
502 3971
502 5486
503 1305
503 4845
504 565
505 4769
506 2460
507 1763
507 1912
508 2927
509 3797
509 5287
509 6223
510 751
510 3243
510 6022
511 958
511 4871
513 1034
513 2372
514 5952
515 2736
515 4111
515 4139
516 4670
516 5607
517 717
517 3509
517 4241
517 5861
518 2303
518 4921
519 5840
520 5494
521 1591
521 2405
521 3656
522 1802
522 2057
523 1831
523 2104
523 2469
523 4725
524 1682
525 4324
525 4784
526 705
527 1180
527 1330
528 2606
529 2869
530 1845
531 652
532 5500
533 577
533 1869
534 3866
534 4695
534 5419
535 3387
536 2130
537 1446
538 926
539 2621
539 4230
540 1913
540 5240
541 1884
541 2363
542 3277
542 5792
543 5895
544 1845
545 1345
545 1459
545 5628
546 4104
547 3403
547 4055
547 6154
548 1536
548 2570
549 1531
549 4234
549 4449
550 5606
550 5824
551 4920
552 4006
552 4158
552 5974
553 631
554 2467
554 3588
556 978
556 1540
556 3183
556 4110
557 4850
558 832
558 2916
558 5284
559 3531
560 5095
561 2003
561 2775
562 3792
563 2938
564 903
564 2380
565 1779
565 5701
566 3047
567 5207
568 2162
569 1150
570 3684
571 1479
572 1212
572 3447
573 2263
573 3583
573 6193
574 1765
574 2488
575 656
575 933
575 1969
576 1323
577 5551
578 879
578 1365
578 2101
580 2711
580 6113
581 4361
581 5703
582 3100
582 3500
583 2207
584 2465
584 3497
585 2796
585 4478
586 2720
586 3189
587 1294
587 1305
587 3904
587 4700
589 2788
589 3259
590 747
590 1503
591 1344
591 2821
591 6146
592 2804
593 4578
593 5253
593 5681
594 1085
595 2100
595 3225
595 4195
596 622
596 2974
596 3293
597 1588
597 3995
599 2881
600 1274
600 3795
601 5985
602 3398
602 5866
603 1047
603 2811
604 2559
605 718
605 2868
605 3272
606 1729
606 2365
606 2978
606 4991
607 1630
607 1767
607 4720
607 5365
608 4033
609 4659
609 6245
610 3120
611 5450
612 1859
612 2657
612 3154
613 3006
614 3021
615 2985
616 1450
616 2493
616 3113
616 5826
617 757
617 4983
617 5620
617 5962
618 832
618 1629
618 2175
618 5890
619 1773
620 2118
620 5905
621 1181
621 2364
621 2884
622 2370
622 3966
623 630
623 2885
624 1878
625 2283
626 1874
627 3443
627 4749
628 1026
628 1557
629 2923
630 1433
630 3292
630 5742
631 985
632 4687
633 3743
633 5290
634 5543
635 2274
636 5336
637 835
637 5918
638 3332
638 4185
639 2176
639 4239
639 5932
640 2423
641 2108
641 3806
642 1293
642 2989
643 904
643 2620
644 4655
644 5772
645 2704
645 4727
646 3761
646 5327
647 1660
647 5321
647 6175
648 1680
649 1730
650 4229
650 5905
651 2607
651 3817
651 5849
652 1188
652 5730
653 2975
653 3695
653 5881
654 2705
655 1428
655 1950
655 5351
656 823
656 1052
657 3387
658 3083
658 4184
659 4428
660 3131
661 4749
662 2157
662 2645
662 4996
663 5189
664 4220
665 2251
665 4023
665 4414
666 4906
666 5289
667 1423
668 4242
669 5784
670 3431
670 3846
670 5598
671 1558
672 2442
672 2958
673 1663
673 1989
674 2110
675 2683
676 4465
677 4858
678 5684
679 2220
679 4465
680 1201
680 5395
681 1649
682 868
682 1138
682 4561
683 6092
684 3332
685 5121
685 5823
686 1054
687 3932
687 5580
688 4857
689 1004
689 4559
690 1119
690 2596
690 5782
691 3405
692 1481
692 1958
692 4062
693 2655
693 3457
693 5803
694 1288
695 5010
696 1243
696 5656
697 5119
698 4383
698 5500
699 3672
700 1138
700 1494
700 1784
700 1917
701 1569
701 5258
701 5806
702 5648
703 3175
703 5185
703 5653
704 2523
704 5369
704 5678
705 849
705 4149
705 5515
707 2597
708 1332
708 1507
709 3761
710 2990
710 3925
711 1008
711 2246
711 4775
711 5990
712 3560
713 1013
713 2693
714 5805
715 4140
715 4797
716 1435
716 3404
716 4366
717 2323
718 5172
719 1834
719 4215
720 2980
720 4016
721 5496
721 5770
722 6144
723 1828
723 3849
724 1680
724 3135
724 5587
724 5996
725 2508
726 5615
727 4558
728 4639
729 949
729 3983
730 4994
731 771
731 3565
732 5441
733 1027
733 1417
733 2612
733 5495
734 3150
734 4985
735 860
735 1040
735 4457
736 1256
736 3829
736 4792
737 2899
737 3709
738 1478
738 5785
740 4962
740 5666
741 3034
741 3953
741 5557
742 6211
743 1318
743 4128
743 4485
744 3033
744 5012
744 5483
745 2158
745 2710
746 2437
748 3824
748 6120
749 988
749 3994
750 2294
751 5780
752 2681
753 851
753 5677
753 6172
754 3263
755 2611
755 4852
756 1145
756 2737
757 1092
758 3038
758 5083
758 5559
759 1628
759 2007
760 3635
760 6176
761 4925
762 2743
763 1484
764 5165
765 5166
766 1622
766 4094
766 5393
767 1389
768 4081
769 1408
769 2679
770 898
770 3227
770 4043
772 1920
773 3392
774 2496
774 3917
774 4116
774 5600
775 5943
776 5022
777 2530
778 1273
778 1976
779 3090
780 2078
781 4008
781 4406
781 5637
782 4235
783 4737
783 5509
784 2005
784 2729
784 4220
785 4107
785 4467
786 1359
786 2758
786 6173
787 2060
788 859
788 3999
788 5472
789 1528
789 4077
790 2556
791 4230
792 2126
793 4568
793 5662
794 6213
795 4626
795 6014
796 1462
796 2574
796 2761
796 4931
797 3895
798 3260
798 6192
799 2737
801 3152
801 3299
801 5755
802 2493
804 2452
805 3748
805 4576
805 6003
806 2679
807 1598
807 1847
807 2595
808 984
808 1354
808 4165
809 5652
810 5691
811 1951
812 1728
813 4557
813 6102
814 1038
816 1271
816 2070
816 2816
816 4556
817 4081
817 5972
818 6188
819 832
819 3633
819 4122
819 5872
820 5462
820 6007
821 2579
821 5692
822 2694
823 1473
823 2038
823 3712
824 1775
824 1805
824 4948
825 1627
826 2456
826 3584
826 4664
827 5206
828 2256
829 3255
830 4383
831 3630
831 5113
832 2697
832 5710
833 1950
833 2008
833 5291
834 1483
834 3694
835 2300
836 909
837 1508
837 1724
837 2738
837 4674
838 1045
838 1570
838 2450
839 1258
840 3091
841 2315
841 2500
842 3448
843 5997
844 1281
845 4972
846 2095
846 2502
846 5004
847 4403
847 4706
847 4788
849 3345
850 4950
851 3791
851 5432
852 5468
852 5918
853 1833
853 3497
854 3303
854 4708
856 2165
856 2404
856 3088
857 5926
858 2375
859 1209
860 2072
860 2693
860 5418
861 2616
861 4607
862 1747
864 1838
864 5283
865 1635
865 3018
865 3306
866 1410
866 2716
868 1276
868 5934
869 4624
869 6043
870 6002
871 3963
872 3204
873 4771
874 1069
875 1810
875 4894
876 3609
876 4914
877 5517
878 4422
878 6208
879 3616
880 3231
881 5284
882 5874
883 3233
883 4206
883 4237
883 5092
884 1756
884 1875
884 3074
885 2514
885 3082
885 6058
886 2862
886 4372
887 1272
888 2940
889 2718
889 3494
889 4411
889 4435
889 4835
889 5759
890 3932
890 4731
890 5611
891 2568
892 3131
892 3725
893 4605
893 5430
894 4077
894 6234
895 3437
896 2241
896 4518
897 1137
898 1595
898 3015
899 2816
900 1771
900 5539
901 3235
901 5546
902 1150
902 3670
902 6105
903 4729
905 2170
905 5605
905 5675
906 909
906 4745
907 3156
907 5903
908 2233
909 4656
909 5805
910 2663
911 3709
911 4027
913 5570
914 2131
914 2981
915 4404
916 2347
917 3315
917 5124
918 3310
919 4219
920 2501
920 6022
921 1605
922 4642
923 2165
923 3178
924 4520
924 4849
925 2948
926 3784
927 3373
927 3416
927 5013
927 5844
928 1058
928 2764
928 6198
929 1423
930 1534
930 3792
930 4484
931 967
931 3122
932 4473
933 3337
934 2584
934 5212
935 2771
935 5359
936 2241
937 1590
938 5994
939 3783
940 2135
940 4063
940 4642
941 2668
941 4372
942 2071
943 5250
943 6132
944 4743
944 5435
944 5636
945 2389
945 6159
946 1561
946 4831
946 5025
947 4569
948 3767
948 5638
949 6158
950 3568
950 5165
950 5375
951 1264
951 3639
951 4213
952 2558
952 5296
953 1279
953 3474
954 1958
954 3792
954 4118
955 1901
955 4147
955 5861
956 1488
956 3007
957 1032
958 1178
959 1195
959 4138
960 2176
960 5727
961 1409
961 3751
962 1162
962 1355
962 2525
962 3478
962 3554
963 1632
963 1875
963 4292
964 2155
964 3883
965 2343
966 2248
967 3543
968 4565
969 2671
969 3501
970 2735
970 3523
970 5214
971 1074
971 3905
971 5739
972 4176
973 3339
973 4763
974 2567
974 5737
975 6049
976 1382
977 4589
977 5870
978 3542
979 2161
980 2481
981 4465
983 3654
983 3782
983 5420
984 5577
985 4468
986 1385
987 2252
988 1762
988 2088
988 2348
988 3397
989 2748
989 3918
990 4710
991 2902
991 2988
991 5308
992 5777
993 3732
994 4336
994 4349
994 4853
995 1342
996 1337
996 1387
997 2703
997 3599
998 3055
998 5653
999 2185
1000 5987
1001 2298
1001 2374
1001 5858
1002 4563
1003 3555
1003 4533
1005 1327
1005 4191
1006 6148
1007 6032
1009 3662
1010 5825
1011 1291
1011 1361
1012 2354
1012 3304
1012 4763
1014 2457
1015 1115
1015 6101
1016 4541
1017 2112
1017 3600
1017 3933
1018 2805
1018 6004
1019 4244
1019 4966
1020 3674
1020 5018
1021 5063
1021 6127
1022 3401
1023 4266
1023 5484
1024 1651
1024 2557
1025 3997
1026 1227
1028 1268
1028 1280
1028 2483
1029 5375
1030 1591
1031 3495
1032 2342
1034 4029
1035 3129
1035 3556
1038 3132
1038 3438
1038 4774
1039 1694
1040 4702
1041 2881
1041 3587
1041 4136
1042 1819
1043 2503
1043 4995
1044 2013
1044 6156
1046 2137
1046 5638
1047 1968
1047 3086
1048 4530
1049 2210
1050 1625
1050 4665
1051 2289
1052 5929
1053 3857
1054 3617
1055 2158
1056 2257
1056 3532
1058 4095
1059 5716
1060 3613
1060 4440
1061 2558
1061 4504
1061 5412
1063 1719
1064 4941
1065 2313
1065 6175
1066 1238
1066 6099
1067 3182
1067 6152
1068 3018
1068 4474
1069 3841
1070 1218
1071 3167
1071 6029
1072 4122
1073 2306
1075 1911
1075 5766
1076 4993
1077 1129
1077 2659
1079 2728
1079 3289
1082 4780
1083 5846
1084 1580
1085 5846
1085 6045
1086 3407
1087 1472
1087 2542
1087 4392
1088 1981
1088 2125
1089 5627
1090 3140
1090 3177
1090 3722
1091 3991
1091 4021
1093 4940
1094 2767
1094 6239
1095 4501
1095 6212
1096 3631
1096 4172
1097 4644
1098 1816
1098 2029
1098 2737
1099 2564
1099 5310
1100 1707
1101 3455
1102 2576
1102 4882
1103 1139
1103 3290
1104 3365
1105 3820
1105 4011
1105 4260
1105 4684
1106 6099
1107 1424
1107 2046
1108 3381
1108 4025
1109 2566
1109 2652
1109 3512
1110 3495
1110 4568
1111 3567
1112 2105
1112 6138
1113 1169
1114 5255
1114 5581
1115 1428
1115 2805
1115 3940
1116 4155
1117 5878
1118 4221
1118 4390
1118 5895
1119 1837
1119 5947
1120 4563
1121 1164
1122 1652
1123 1752
1123 5066
1123 6074
1124 1262
1124 1517
1124 3331
1124 6056
1125 1741
1125 2303
1126 4544
1127 5220
1127 5367
1128 5288
1129 1168
1130 1194
1131 6038
1132 1952
1132 2907
1132 4326
1132 4422
1132 5113
1133 1541
1133 2717
1133 3446
1134 5451
1135 4892
1136 3543
1140 1264
1140 1333
1140 1747
1140 4080
1141 5854
1142 1478
1142 3552
1143 3519
1143 5046
1144 1305
1145 2181
1145 3241
1146 2842
1147 2158
1147 5250
1149 1988
1151 3738
1151 4963
1152 2800
1153 1254
1153 3492
1153 5447
1154 4031
1155 4778
1157 2546
1157 5854
1158 1190
1159 3330
1160 4079
1160 5924
1161 3682
1162 3759
1163 3411
1163 5110
1163 5950
1164 2656
1165 3097
1165 5420
1166 3938
1167 5215
1167 6029
1169 2732
1169 5566
1170 1904
1170 2410
1170 5218
1171 4270
1172 3828
1172 4779
1173 2076
1173 3135
1173 4699
1173 5494
1175 2122
1175 3859
1175 6027
1176 3236
1176 4874
1177 2215
1177 3881
1178 4492
1178 4593
1179 5630
1180 4496
1181 1219
1181 5506
1182 2623
1182 5958
1183 1301
1183 3483
1183 5060
1184 5618
1184 6115
1185 2856
1185 3448
1185 4322
1185 5128
1186 3694
1186 5630
1187 4332
1189 1199
1189 3460
1190 6166
1191 2876
1191 4463
1192 1461
1192 3728
1193 3191
1193 4951
1193 5878
1194 3772
1194 4577
1196 3263
1197 1581
1197 3839
1198 3746
1198 4380
1200 5700
1201 3043
1201 3696
1202 1329
1202 2503
1203 1297
1203 1946
1204 4115
1204 5118
1205 2643
1205 3278
1206 2270
1206 2880
1207 5760
1208 2667
1208 3419
1210 1603
1211 1536
1212 2830
1212 4658
1213 1321
1213 3078
1214 4756
1215 4574
1216 3588
1218 2373
1219 2466
1220 1245
1221 4646
1221 4994
1221 5809
1222 3527
1223 2047
1224 2907
1224 5410
1225 5386
1225 6229
1226 2419
1226 4052
1227 2480
1228 3182
1228 5123
1229 5104
1229 5707
1229 5890
1230 4704
1231 5048
1232 3164
1232 4248
1233 1872
1234 4930
1234 5232
1235 2740
1236 4000
1236 5655
1237 2287
1237 4667
1238 1634
1238 2102
1239 4164
1240 4978
1240 5862
1241 5292
1242 1372
1242 5187
1243 3784
1244 2745
1245 6163
1246 1600
1247 3591
1248 2273
1248 2628
1248 5597
1249 3374
1249 4487
1249 4787
1250 2741
1250 3364
1250 4910
1251 1377
1251 3600
1251 4306
1252 1654
1253 2840
1255 3359
1255 4965
1256 5538
1257 4831
1258 4585
1259 2177
1259 2755
1259 4243
1260 4192
1261 4571
1262 1930
1263 3146
1263 3979
1264 2770
1265 1824
1265 3007
1266 2881
1267 1891
1267 2058
1268 2074
1269 4113
1270 3735
1270 5263
1270 6082
1270 6196
1271 2587
1272 2841
1273 1660
1274 2500
1274 4329
1274 5528
1275 2521
1275 4581
1276 5909
1277 5136
1278 1357
1278 5610
1279 2445
1280 2540
1280 4162
1281 5419
1282 4431
1283 2415
1283 4981
1284 1922
1284 2831
1285 3397
1286 5654
1287 2269
1287 3737
1288 4308
1289 3486
1289 5448
1290 2366
1290 2873
1290 5761
1291 1758
1292 1644
1293 4324
1294 3305
1296 3871
1296 5058
1297 2051
1297 4809
1297 6040
1298 3572
1299 4236
1300 1375
1301 6181
1302 3229
1302 3898
1303 2062
1303 3273
1303 3300
1304 3584
1306 5830
1307 5627
1307 5726
1308 2767
1308 4143
1309 3271
1310 3368
1310 6204
1311 3096
1312 4710
1312 6082
1313 4133
1313 6175
1314 4034
1315 2691
1315 5356
1316 4245
1317 1528
1317 1903
1319 4161
1319 4672
1319 6207
1320 3056
1320 4368
1321 5624
1321 6161
1322 2868
1322 3110
1323 4459
1324 2472
1324 3362
1324 5234
1325 5333
1325 5764
1326 6198
1327 4751
1328 5049
1329 2448
1329 4412
1330 1340
1330 2950
1330 5382
1331 6114
1331 6119
1332 4242
1332 5738
1333 5238
1334 1696
1334 4920
1334 5988
1335 3145
1335 3842
1336 2510
1336 3025
1336 4149
1337 2599
1338 1993
1338 5144
1338 5349
1339 3508
1339 3908
1339 4851
1340 4307
1341 3307
1341 4897
1342 1416
1342 4522
1344 1576
1344 3322
1344 3947
1346 5264
1347 1917
1347 2956
1348 5366
1349 3036
1349 4738
1350 1416
1351 1979
1352 4516
1353 4842
1353 4902
1353 5050
1354 3456
1356 2482
1356 5394
1358 5697
1359 5261
1360 2165
1360 5823
1361 3624
1362 2815
1362 5458
1364 3354
1365 3524
1366 1374
1366 3865
1367 2675
1367 4614
1369 3820
1369 4192
1370 2916
1370 3637
1371 1551
1371 5885
1372 4274
1372 5029
1373 3830
1374 3350
1374 4196
1375 4712
1376 4878
1378 1870
1379 5830
1380 1836
1381 4304
1382 3617
1383 4344
1384 2263
1384 3233
1385 2048
1386 3624
1386 3692
1386 4544
1386 5493
1387 4496
1388 5973
1389 5135
1389 5277
1389 6122
1390 3166
1391 3001
1393 4445
1393 5457
1394 2404
1395 2115
1396 1826
1397 4032
1397 4291
1398 3492
1399 4617
1399 5457
1400 3072
1401 3962
1403 3030
1403 3284
1403 4774
1404 5367
1404 6202
1405 2287
1406 1509
1407 3116
1407 4202
1407 4532
1408 5460
1409 2415
1410 3811
1410 4110
1411 2224
1411 3406
1411 5565
1412 3288
1412 6011
1413 4488
1414 5019
1414 5849
1415 3807
1415 5390
1416 2181
1416 3632
1416 5642
1416 5969
1417 1769
1417 2193
1417 3853
1418 2027
1419 3423
1420 1585
1420 1883
1420 3988
1420 5252
1421 6077
1422 2074
1422 2984
1422 3941
1422 3959
1423 2048
1425 4138
1427 2999
1427 5913
1427 6077
1428 3136
1428 5434
1429 2521
1430 4717
1430 5893
1431 3737
1432 2161
1432 2577
1432 4275
1433 2318
1434 3543
1435 2944
1435 4195
1436 2206
1436 6123
1437 2988
1437 5646
1438 2218
1439 5977
1439 6137
1441 4391
1441 4954
1442 3564
1442 3782
1443 5036
1444 3783
1445 2766
1445 3017
1446 5385
1447 4304
1448 2164
1448 3902
1449 1670
1449 2050
1449 3121
1449 3909
1449 5531
1450 1706
1451 3815
1451 4005
1451 5886
1452 2580
1453 4234
1454 4288
1455 4470
1456 1473
1456 1677
1456 4692
1456 5589
1457 1640
1458 3998
1458 4393
1458 5152
1460 4927
1461 3594
1461 3803
1462 3477
1462 5433
1463 2043
1464 2134
1465 4957
1466 2139
1467 4261
1467 6058
1468 2944
1468 4928
1469 3984
1469 5695
1470 1628
1470 1787
1470 3420
1470 3835
1471 2810
1471 3904
1472 3263
1472 3511
1474 3822
1475 4913
1476 3249
1477 4906
1479 1811
1479 2425
1479 4996
1480 3538
1480 4111
1480 5516
1482 4546
1484 2544
1485 6114
1487 5081
1489 4120
1490 2481
1490 3090
1490 5652
1490 6096
1491 5575
1492 2608
1492 3196
1493 5581
1495 1789
1496 2514
1496 5084
1497 1737
1498 1568
1498 3928
1499 4056
1500 2129
1501 3060
1501 4418
1502 5173
1504 2929
1504 3465
1505 5704
1506 2997
1506 5192
1507 5501
1509 5886
1510 3547
1510 3927
1510 4282
1511 5835
1512 4353
1513 3029
1513 5090
1515 3303
1515 3774
1516 5694
1516 5875
1517 4234
1518 3969
1519 2695
1519 3701
1520 4175
1520 6196
1522 3368
1523 5023
1524 2961
1525 3611
1526 2403
1527 3169
1529 1542
1530 2571
1531 3714
1532 2814
1533 5251
1536 1870
1538 4592
1539 4783
1540 5333
1541 3003
1542 4109
1543 4141
1544 2193
1544 4174
1545 3206
1545 5899
1546 4666
1547 1741
1548 5375
1549 1780
1549 3760
1549 6147
1550 2727
1550 4778
1550 4843
1551 1558
1551 3948
1551 5033
1552 5689
1553 6189
1554 2293
1555 1826
1556 2698
1556 5082
1557 4748
1558 1568
1558 2904
1558 4369
1559 4133
1560 1564
1560 3041
1560 4258
1560 5571
1562 5189
1562 6214
1563 2219
1563 2956
1563 3541
1563 5888
1565 1848
1566 2650
1566 4066
1567 1729
1567 4770
1568 2038
1569 4927
1571 1880
1572 3247
1572 3695
1572 3978
1573 4700
1574 2551
1574 2990
1574 5768
1575 2068
1575 2670
1576 2361
1576 3141
1577 2574
1578 2788
1579 2311
1579 3218
1580 3409
1580 4766
1581 2847
1582 2610
1583 5613
1584 2179
1584 4956
1585 2783
1586 4877
1587 3788
1587 5177
1587 6080
1588 2087
1589 2142
1589 3700
1589 4837
1589 5180
1590 4100
1590 4199
1591 3138
1592 1781
1592 4168
1592 4182
1593 1935
1593 2525
1594 4029
1595 1992
1595 2989
1596 2627
1596 4011
1596 4316
1597 2440
1597 3158
1599 1659
1599 4375
1600 2431
1600 2774
1601 2559
1601 5693
1602 1723
1602 1836
1602 4033
1602 5186
1603 5907
1604 4101
1605 2995
1605 3084
1606 6027
1607 1861
1607 2094
1607 4705
1608 4248
1609 3601
1609 4026
1610 5616
1611 4956
1612 5274
1613 1839
1613 2411
1614 4527
1614 4619
1615 3969
1616 4137
1617 4590
1617 6237
1618 2729
1618 5625
1619 1886
1620 3125
1620 4164
1621 5280
1622 1987
1622 6174
1623 2395
1624 2252
1626 1895
1626 2914
1627 2512
1627 3801
1627 5690
1628 2399
1628 5719
1631 1990
1633 2196
1633 3861
1635 2320
1636 4721
1637 4030
1638 2698
1638 4837
1638 5925
1639 3289
1639 4475
1640 2330
1640 3673
1640 3706
1640 5550
1641 3705
1642 4366
1642 4370
1642 6019
1643 2511
1643 5024
1644 3849
1645 5628
1646 4267
1646 4777
1647 4519
1647 4709
1647 6108
1648 2140
1649 2638
1649 5507
1650 4499
1651 1911
1652 2572
1652 4196
1653 4703
1653 5483
1655 5621
1656 5610
1657 5415
1657 5590
1658 2613
1660 5959
1661 1787
1661 2722
1662 2202
1663 4923
1663 5171
1664 2554
1664 5221
1664 5740
1665 2613
1666 1901
1667 2869
1667 5711
1668 4918
1669 4907
1671 2177
1672 2326
1672 2591
1672 3105
1672 3434
1672 4514
1674 4339
1674 4503
1674 5294
1675 2232
1675 4878
1675 5986
1676 5199
1676 5634
1678 3055
1679 2782
1679 5651
1680 2111
1681 5568
1682 3391
1683 4102
1683 6085
1684 1855
1684 4326
1684 4509
1685 2837
1685 3408
1685 4250
1686 4595
1687 2469
1688 5519
1689 4137
1689 4819
1690 3881
1691 2267
1692 1872
1693 1847
1693 2968
1694 5475
1694 5548
1695 3951
1695 6195
1697 3125
1698 6073
1699 3099
1700 3412
1700 3915
1700 6164
1701 3957
1702 5495
1704 3975
1704 5591
1705 1827
1706 5281
1707 5567
1708 2588
1709 3451
1709 5685
1710 2292
1710 3174
1710 5700
1711 1920
1712 1956
1712 6109
1713 4075
1714 4334
1714 4674
1714 5856
1715 1722
1715 5105
1715 6104
1716 2041
1716 4913
1717 4516
1717 5698
1717 5937
1718 3660
1718 4142
1718 5915
1719 6115
1720 2908
1720 5312
1721 6167
1722 3091
1722 4320
1723 3737
1725 2022
1725 5087
1725 5211
1725 5791
1726 2190
1727 3916
1727 3931
1728 2443
1728 4719
1728 4783
1730 2130
1731 3129
1732 4816
1734 2784
1735 6138
1736 5399
1737 4459
1737 4814
1738 3857
1739 4289
1739 5453
1740 5169
1741 4706
1743 3830
1744 2931
1744 5809
1745 2542
1745 4160
1746 3553
1746 5431
1748 2282
1749 4151
1749 4460
1750 2438
1751 3723
1751 3783
1752 3455
1754 1852
1754 4232
1755 6202
1757 1868
1757 5491
1758 5931
1759 4844
1760 3115
1761 4928
1762 5178
1762 5973
1763 3548
1764 3076
1764 5333
1766 4119
1768 5551
1769 2400
1770 4746
1772 2793
1773 5525
1774 2990
1775 3081
1776 3082
1777 3710
1777 4765
1778 2493
1779 2824
1779 3032
1779 4344
1780 5747
1782 1834
1782 3794
1782 4643
1782 4867
1782 5927
1783 2396
1783 4448
1783 4468
1783 5055
1784 5015
1785 3920
1786 5993
1788 2702
1788 4562
1789 2133
1790 2223
1791 4302
1792 5978
1793 5875
1794 2594
1794 2979
1794 6118
1796 2858
1797 3348
1797 6065
1798 3733
1798 4185
1799 4952
1800 1867
1800 4318
1800 5851
1801 2782
1801 4293
1802 5400
1803 3034
1803 5432
1804 2011
1804 4988
1804 5468
1805 4308
1805 4865
1806 1940
1807 3301
1807 4514
1808 2984
1809 1864
1809 4994
1809 5994
1812 2005
1813 5038
1814 5955
1815 2944
1816 3382
1816 3614
1816 5914
1817 2388
1817 2987
1817 3676
1817 5692
1818 3599
1819 5162
1820 4775
1821 4153
1821 4214
1822 3102
1822 3613
1822 3930
1823 2601
1823 3098
1823 3249
1824 3768
1825 2051
1825 2298
1825 6054
1826 2812
1827 5915
1828 3191
1828 4375
1829 4625
1829 4659
1830 2158
1832 5240
1833 4395
1835 3153
1835 4837
1839 3403
1839 4396
1841 2006
1841 2018
1841 2823
1841 3785
1841 4095
1842 4607
1843 1918
1844 3139
1844 5000
1844 5548
1845 4644
1845 6186
1846 3896
1847 3870
1847 5340
1847 5427
1848 5768
1848 5812
1849 2402
1849 2842
1850 3367
1851 3330
1851 6192
1852 3905
1852 5117
1852 5612
1853 2244
1854 4884
1854 6000
1856 3016
1856 3446
1857 2838
1857 3158
1857 4546
1858 3838
1859 5797
1860 4943
1862 5642
1863 2707
1863 4639
1865 2975
1865 5197
1866 2860
1866 4884
1869 4991
1870 2226
1870 3761
1871 5052
1872 3819
1873 5349
1874 3735
1875 2132
1875 2466
1875 6114
1876 2576
1876 4455
1877 5166
1878 4290
1879 4931
1880 1915
1880 5246
1881 4653
1881 5682
1882 4253
1882 5061
1883 2392
1885 3785
1885 5413
1886 4697
1886 4878
1887 4069
1888 2969
1888 3107
1889 4478
1890 2030
1890 2931
1892 2870
1892 6185
1893 5397
1894 5494
1895 3109
1895 5583
1897 2481
1897 2921
1897 5487
1898 3049
1898 4880
1899 2834
1899 3939
1900 4020
1901 4654
1901 4816
1902 4330
1903 6127
1905 5482
1906 2088
1907 4187
1907 5734
1908 2265
1908 4517
1909 5417
1910 5167
1910 6146
1912 4144
1913 5845
1914 2324
1916 1991
1916 2226
1916 2890
1917 2964
1919 3377
1920 2509
1920 3693
1921 3656
1922 3384
1922 3618
1923 2641
1923 3893
1923 6066
1924 3252
1924 5221
1924 5716
1925 2123
1925 4791
1926 4179
1926 5894
1927 4061
1927 4431
1929 2231
1929 3685
1931 2171
1931 2688
1931 5537
1932 3200
1932 5228
1933 3206
1934 2497
1934 3551
1935 2762
1935 3253
1936 4595
1937 3318
1938 3069
1939 3421
1940 4119
1941 1956
1941 4875
1942 5075
1943 3400
1943 6197
1944 2938
1944 5741
1945 2473
1946 3636
1946 5601
1947 5375
1947 5708
1948 6144
1949 4379
1949 5802
1951 3847
1952 3780
1953 4626
1954 3103
1955 5407
1957 5982
1959 6237
1960 2050
1960 3484
1961 2196
1961 2208
1961 3813
1962 3484
1962 4701
1963 2059
1964 2162
1964 5321
1965 2799
1965 3367
1966 2782
1969 2385
1970 5086
1971 2343
1971 3089
1971 4099
1972 2442
1972 4084
1973 3930
1974 5803
1975 3054
1977 2986
1978 4498
1978 5026
1978 5553
1979 3124
1979 5757
1980 2980
1980 3642
1981 2613
1981 2895
1981 3043
1981 4639
1982 5938
1983 2704
1984 5524
1985 2116
1985 3403
1986 4042
1988 5862
1991 4067
1992 4508
1994 2300
1994 4813
1995 3390
1996 2528
1997 6030
1998 5336
1999 3927
2000 2750
2000 3429
2000 4390
2001 2150
2001 3626
2001 5202
2001 5286
2002 3280
2003 6001
2004 3920
2004 5721
2009 2636
2009 4634
2011 3380
2012 2226
2012 3190
2012 4323
2012 5133
2013 2629
2014 2536
2014 2542
2014 3318
2014 3773
2015 3937
2015 4034
2016 5864
2016 6132
2017 4622
2017 6020
2019 2306
2020 4002
2021 5667
2022 2640
2022 3613
2022 4582
2022 5554
2023 3813
2023 4961
2023 5596
2024 5933
2025 3366
2025 4155
2026 3410
2026 4676
2026 5276
2026 5480
2027 2915
2028 4034
2030 5838
2031 2096
2032 2978
2033 3922
2033 6035
2034 5900
2035 4068
2036 3611
2036 3871
2037 4175
2038 4819
2039 3631
2040 3672
2043 3479
2044 4189
2044 5527
2045 2910
2046 2240
2047 2637
2048 3189
2048 5705
2049 4848
2049 4883
2052 4241
2053 2820
2053 3952
2054 5685
2055 4299
2056 5230
2058 5787
2059 3031
2059 5227
2059 5511
2060 3265
2061 3755
2062 2935
2062 5833
2063 3171
2065 2329
2066 2539
2066 4168
2067 3760
2068 3389
2068 3704
2069 4254
2070 3439
2071 2641
2073 4734
2074 6233
2076 4434
2077 4409
2077 4967
2078 2471
2078 3644
2078 5223
2079 3096
2080 3125
2080 3685
2080 4583
2080 5445
2081 3309
2081 6019
2082 2845
2083 5088
2084 4367
2084 6061
2085 4803
2085 4808
2086 2999
2086 3974
2087 2892
2087 2926
2088 5649
2089 4638
2090 5592
2090 5907
2091 2367
2092 2322
2092 5637
2093 4673
2094 3717
2096 3979
2097 5090
2097 5193
2098 4455
2098 5736
2099 4670
2099 5492
2100 4985
2101 5348
2102 2392
2103 4527
2104 5880
2105 5270
2106 3368
2106 4095
2106 4432
2107 4655
2107 5880
2109 3369
2109 5393
2110 3818
2110 4747
2111 4279
2113 4623
2113 4800
2114 2556
2114 3515
2114 5222
2115 3112
2115 5273
2116 3791
2117 4106
2118 5595
2118 5694
2119 3509
2119 3777
2120 5833
2121 3803
2122 5648
2123 3218
2123 4180
2124 5659
2125 6042
2126 5976
2127 3745
2128 2600
2128 3938
2131 4247
2131 5286
2132 2592
2133 5826
2134 2661
2134 3456
2135 2186
2136 4914
2138 2615
2138 6153
2139 4435
2139 5334
2140 4552
2140 5216
2141 4253
2141 4823
2143 3118
2143 4482
2145 3572
2146 3188
2147 4716
2147 5107
2148 5990
2149 4291
2150 5896
2151 4605
2152 3790
2153 3063
2153 3520
2154 5684
2155 5094
2156 5567
2159 6101
2160 5445
2160 6039
2163 4145
2164 5785
2166 3593
2166 6187
2167 2424
2168 4334
2169 3219
2169 3924
2170 5485
2171 3320
2172 3235
2173 3428
2174 4308
2177 4868
2178 2222
2178 2679
2179 2211
2179 3324
2179 3599
2180 3883
2180 5135
2181 3285
2182 3849
2184 4838
2185 6062
2187 5434
2188 3472
2189 2453
2189 3315
2189 4722
2190 2864
2191 3722
2192 3230
2192 5555
2193 3481
2194 4845
2194 5144
2195 2204
2195 3197
2197 3921
2198 4180
2198 6125
2199 3531
2200 4259
2200 4620
2201 3715
2202 2398
2203 6128
2204 3816
2204 6176
2205 5947
2206 3219
2207 4158
2207 4940
2207 5614
2209 5101
2209 5198
2210 2514
2211 3503
2212 2982
2212 3193
2214 3561
2216 3407
2216 6105
2217 3746
2217 4420
2217 4502
2218 4065
2218 5079
2221 3673
2221 5790
2223 2781
2223 5615
2224 5469
2224 6054
2225 2792
2225 3587
2227 2702
2228 4480
2229 5189
2230 4175
2232 3092
2232 5311
2233 5956
2234 4704
2234 5555
2234 6133
2235 3242
2236 2306
2236 2753
2236 6230
2237 2388
2237 2784
2238 5474
2239 3108
2239 4492
2239 4635
2240 3290
2241 3598
2242 3129
2242 4566
2243 5841
2244 4874
2245 2741
2247 5570
2248 4198
2249 5512
2250 2518
2250 5297
2251 2558
2251 4153
2252 5159
2253 3447
2254 3925
2256 5722
2257 2849
2258 4848
2259 2510
2260 2304
2260 3885
2261 2663
2261 4620
2261 5032
2261 5567
2262 5206
2264 4964
2264 5800
2265 5854
2266 5193
2268 5180
2269 2354
2269 2787
2270 3238
2271 4288
2271 5916
2272 4141
2273 2340
2273 4364
2274 5862
2275 5894
2276 5811
2277 3480
2278 3769
2278 5936
2279 3207
2280 5073
2281 2679
2281 5621
2282 2656
2283 4215
2284 5287
2285 3827
2285 4436
2285 4789
2285 5661
2286 2966
2287 2316
2287 3605
2287 3816
2288 2526
2288 5612
2289 5391
2290 3376
2290 4805
2291 2998
2291 3221
2292 4343
2293 5620
2294 4430
2295 4341
2295 4450
2296 4509
2297 3041
2299 4490
2299 6156
2300 3185
2301 3517
2302 2321
2304 3351
2305 2905
2305 5232
2306 4265
2307 3899
2308 5201
2309 2804
2310 4036
2312 2721
2312 3335
2314 3696
2314 5941
2315 3061
2317 4584
2317 4640
2318 3872
2318 4864
2319 3203
2320 2766
2321 2596
2321 6087
2322 3458
2324 3148
2325 5799
2326 4714
2327 3588
2327 3795
2328 5102
2329 3749
2329 4322
2329 4986
2330 4915
2331 4565
2332 3584
2332 4167
2332 5713
2333 4265
2334 3891
2334 4733
2334 5560
2335 3507
2336 4021
2337 5291
2338 4082
2339 4849
2339 6150
2340 3668
2340 5343
2341 3173
2341 5882
2342 3056
2342 4522
2342 5661
2344 3291
2344 3570
2345 5874
2346 3027
2346 3257
2346 5481
2348 2809
2348 3657
2349 4454
2350 3102
2351 2453
2352 2765
2352 5166
2353 5074
2353 5119
2354 2421
2355 2990
2355 3531
2356 3986
2356 4761
2357 4815
2357 5431
2358 2858
2358 3295
2359 6044
2360 2646
2361 4918
2362 4026
2362 5836
2363 4282
2363 4441
2363 5852
2364 4924
2365 2845
2366 3626
2367 4336
2367 4687
2368 3195
2369 4852
2370 5230
2370 5400
2371 6152
2372 2524
2372 4572
2372 5407
2372 5773
2373 5744
2373 6059
2374 2408
2375 5849
2376 4164
2377 4444
2378 2747
2378 4329
2378 4694
2378 6182
2379 4156
2379 5175
2381 2462
2381 2516
2381 3740
2381 4826
2382 3822
2382 4927
2383 5853
2384 2425
2384 3020
2384 3342
2384 4472
2386 4012
2387 3134
2388 4742
2389 2423
2390 5150
2390 5676
2391 3006
2391 5422
2393 2714
2394 5462
2395 3071
2396 5416
2397 4532
2398 3873
2398 3913
2398 4207
2398 4312
2398 4786
2398 4804
2400 2723
2401 5546
2402 3044
2403 3388
2404 2725
2405 4113
2405 5307
2406 4344
2406 4560
2407 2500
2408 2923
2408 5204
2409 3658
2409 5382
2409 5995
2411 4513
2412 3205
2412 3339
2412 4379
2413 6116
2414 2447
2414 4906
2415 4208
2415 5224
2416 5826
2417 4939
2418 3128
2419 2599
2420 4701
2421 3907
2422 4744
2423 3955
2426 4460
2426 6083
2427 4725
2428 5511
2429 4032
2430 2605
2431 3710
2432 4100
2433 4209
2433 5225
2433 5741
2434 5317
2434 5841
2435 5562
2436 6007
2437 5932
2438 4080
2438 4832
2439 2736
2439 5378
2439 5831
2441 5192
2444 3549
2444 3972
2444 4573
2446 3164
2447 5623
2449 4538
2451 5342
2452 2503
2453 5605
2454 2807
2454 3435
2455 6170
2456 3192
2456 3868
2456 4596
2456 4889
2456 5586
2457 2966
2457 3072
2458 3145
2458 4402
2460 5608
2461 3637
2461 5292
2462 5003
2463 3176
2464 3272
2465 3963
2468 2515
2469 5502
2470 3842
2470 4072
2471 2714
2471 3993
2473 4866
2474 2986
2475 3431
2475 3677
2476 5207
2477 3394
2477 4354
2478 5144
2479 4817
2480 2578
2480 3044
2481 5093
2484 2590
2484 2982
2485 5150
2485 5289
2486 2935
2486 4964
2486 5314
2486 5450
2487 3903
2487 5684
2489 3376
2489 4691
2490 4632
2491 3021
2492 3167
2494 3408
2494 3750
2495 2912
2495 4249
2497 3651
2497 4638
2498 2719
2499 5300
2500 3739
2501 2654
2503 3419
2504 4496
2505 4573
2507 3069
2507 4373
2508 3492
2508 3702
2508 5903
2510 4140
2510 5840
2511 3790
2512 3006
2512 4497
2513 2616
2513 5778
2514 4927
2515 3050
2515 4755
2515 4973
2516 3452
2516 5868
2517 4701
2518 5912
2519 4091
2519 5010
2519 5436
2520 2630
2520 5655
2521 4594
2522 2771
2522 3251
2522 4350
2523 2798
2524 4600
2527 3449
2528 3867
2529 2985
2529 6044
2531 2769
2532 2844
2533 4105
2533 5421
2534 4726
2535 3906
2537 4584
2538 5244
2538 5499
2539 4838
2541 3320
2541 3653
2542 4566
2543 3371
2543 4926
2543 4983
2544 5909
2545 4551
2545 5839
2546 2719
2546 4491
2547 2585
2547 4382
2548 4679
2549 4822
2549 6031
2550 3255
2551 2666
2551 5943
2552 2797
2552 3349
2552 5875
2553 5911
2555 2894
2555 4915
2555 5018
2557 3546
2557 4825
2559 4679
2559 5057
2560 6174
2561 4137
2562 3643
2562 3827
2562 5975
2563 3544
2563 5184
2563 5507
2564 3109
2565 5151
2568 3006
2571 2618
2571 5604
2573 3675
2575 2917
2577 2658
2578 4398
2578 4869
2579 4604
2580 5104
2581 2764
2582 4713
2582 4781
2583 3272
2583 3745
2584 5960
2585 3994
2585 5635
2586 3931
2586 5676
2587 4967
2587 6114
2588 2835
2589 3237
2589 4035
2589 5567
2590 4154
2591 5086
2592 3965
2592 4781
2593 2594
2594 2933
2594 5874
2598 6150
2600 5691
2602 3265
2602 3798
2603 2989
2604 4924
2604 4927
2605 5186
2606 3989
2606 6191
2607 5556
2608 3864
2608 5633
2609 5842
2610 4856
2610 4948
2611 5788
2612 4688
2614 3194
2615 4666
2615 5575
2617 2709
2617 3723
2617 5960
2618 2818
2618 4462
2618 5279
2619 3313
2619 4692
2620 3787
2620 5354
2621 2664
2621 5533
2622 3312
2623 2682
2623 4926
2624 2965
2624 3753
2624 5343
2624 5900
2625 3034
2626 3364
2626 5382
2627 5753
2628 3688
2629 5705
2630 4212
2631 5001
2632 3681
2632 5299
2632 5851
2633 2925
2633 6103
2634 3854
2635 5570
2637 2768
2637 3722
2639 2660
2642 5973
2643 3110
2643 3964
2644 2767
2644 4579
2646 3065
2647 4409
2648 5917
2649 5979
2651 4401
2651 5906
2652 5573
2652 5850
2653 4273
2654 3778
2655 4587
2656 5070
2659 5831
2660 5103
2660 6129
2662 5267
2663 2760
2665 3378
2665 4276
2665 5461
2666 4424
2668 4103
2669 4724
2669 5319
2671 2690
2672 3221
2673 2950
2673 4520
2673 5188
2674 4117
2675 3147
2675 4729
2676 2920
2676 3653
2676 4178
2677 2837
2677 2978
2677 4330
2677 5425
2678 4805
2680 3223
2680 3245
2680 3951
2681 4220
2682 2777
2683 3077
2683 4474
2683 4900
2684 3193
2685 5296
2686 3534
2686 4410
2687 3564
2688 4362
2688 5129
2689 4027
2689 4145
2689 4628
2691 2976
2692 6161
2693 2906
2694 4026
2696 2965
2699 3592
2700 4125
2700 4873
2701 3242
2702 5517
2703 4280
2703 5408
2704 5122
2704 5478
2706 3055
2708 3403
2710 2803
2710 2985
2713 4317
2713 4941
2713 5000
2714 2761
2716 4726
2716 4887
2721 4019
2724 4285
2725 3413
2725 3609
2726 5973
2727 3697
2729 4762
2729 5979
2731 3814
2731 4121
2732 6196
2733 4080
2733 4811
2734 5869
2735 4419
2737 5687
2739 3860
2740 3077
2740 4446
2740 4662
2741 3143
2742 4544
2743 3228
2743 3476
2743 4141
2743 4341
2743 5803
2744 3930
2745 2969
2746 3488
2746 3711
2747 4918
2747 5529
2749 3733
2750 4107
2751 2941
2752 4740
2752 5575
2753 4076
2754 2859
2755 2988
2756 5954
2757 4753
2759 3929
2759 4641
2760 4942
2760 5422
2765 2871
2765 4222
2768 4423
2770 4551
2772 4951
2773 3133
2773 3707
2774 3595
2774 6235
2775 4678
2776 3096
2776 3474
2777 6082
2778 3190
2778 4956
2779 4987
2779 5869
2780 3578
2780 4872
2781 4701
2783 4037
2783 5862
2784 6037
2785 3607
2786 2963
2786 5278
2789 2809
2790 4960
2790 5942
2791 3575
2792 3114
2793 5168
2794 3575
2794 4001
2794 5389
2795 3451
2795 5669
2798 4217
2799 4698
2800 4376
2800 6199
2801 4525
2801 5477
2802 3124
2802 3558
2806 6113
2807 4543
2807 6076
2808 3426
2808 6117
2809 4075
2810 4012
2810 4423
2811 4431
2812 4632
2815 3713
2817 3130
2817 3679
2819 3655
2821 5462
2822 4752
2823 4452
2824 4946
2825 4269
2825 4531
2825 5568
2825 5883
2826 2841
2826 3261
2826 4909
2827 3694
2828 3550
2828 5410
2829 4338
2832 3741
2833 4956
2833 5827
2834 4917
2834 5673
2835 3000
2835 3045
2835 5843
2836 3367
2837 5590
2839 3877
2839 3984
2839 4048
2840 4406
2840 5032
2840 5357
2841 3826
2841 4642
2842 3000
2842 5552
2843 4270
2843 5730
2844 4975
2846 5868
2847 6158
2848 3333
2848 3852
2850 4135
2850 5892
2850 5998
2851 3262
2852 3428
2853 3101
2853 3355
2854 5158
2857 6105
2858 5723
2859 5728
2861 3982
2862 3296
2862 4564
2863 6206
2864 3476
2865 3028
2865 4548
2866 3163
2867 5261
2868 3286
2868 3459
2868 4176
2869 3708
2870 3521
2870 4586
2871 4806
2872 4629
2874 3793
2874 5908
2875 3672
2876 4081
2877 5624
2878 5244
2878 5404
2879 3586
2879 4276
2882 2917
2883 5328
2884 5309
2886 3546
2887 4558
2888 3640
2888 3644
2888 4301
2889 3921
2893 4290
2894 5379
2895 6113
2896 3465
2896 3480
2896 4637
2896 5987
2897 4150
2897 4389
2898 4211
2898 5979
2900 3585
2901 3142
2902 4969
2903 3422
2905 4225
2908 3227
2909 3690
2909 5992
2910 4648
2912 3399
2912 5830
2913 3516
2917 3308
2917 6143
2918 3952
2919 3214
2920 3718
2922 4002
2923 4013
2924 3161
2924 4359
2925 5611
2926 4549
2927 3614
2927 3634
2927 5054
2930 3699
2931 5330
2932 5306
2932 5578
2933 3391
2934 5514
2935 5491
2935 5732
2936 4251
2939 4802
2939 4840
2940 4661
2940 5255
2941 3957
2941 4758
2942 5283
2942 5622
2943 3701
2943 4352
2946 3669
2947 4847
2947 5612
2948 3302
2948 3359
2948 4585
2948 4881
2949 6172
2951 4802
2951 5739
2952 3294
2952 4207
2952 4714
2952 5671
2953 4178
2954 3893
2955 5081
2957 3672
2957 4903
2959 5860
2960 3460
2961 4515
2962 3164
2962 5002
2963 3656
2963 4651
2965 4890
2966 4267
2966 5353
2967 5917
2969 4294
2970 5462
2971 4903
2972 5627
2973 3526
2973 3533
2973 4057
2974 3021
2976 5607
2977 3312
2977 5036
2978 4821
2981 3405
2981 5932
2981 6067
2983 3406
2985 4862
2986 6163
2989 3027
2991 3544
2992 4962
2993 3103
2994 4387
2995 3201
2995 4677
2995 6162
2996 5153
2996 5394
2997 3463
2999 6109
3000 4170
3000 4796
3001 5186
3002 5987
3003 4184
3004 3070
3004 3561
3004 4225
3005 3668
3005 4310
3005 4589
3006 3037
3006 3058
3006 3164
3006 3327
3007 3437
3009 5641
3009 6034
3010 4304
3011 3053
3011 5316
3012 3062
3013 3276
3013 4681
3014 4598
3014 4831
3016 3664
3016 3760
3017 3965
3017 6224
3018 4676
3022 5621
3023 3182
3023 3650
3024 6239
3025 3766
3026 3467
3026 5709
3027 5200
3028 4569
3030 5488
3033 5358
3035 3392
3035 3731
3035 4961
3036 3066
3036 3489
3038 5620
3039 3821
3039 4597
3040 4625
3040 6166
3042 3514
3043 4140
3044 4332
3044 5448
3046 4703
3047 3149
3048 3504
3048 4233
3048 5966
3049 5600
3050 4713
3052 3414
3054 5009
3055 4112
3057 4852
3057 5361
3057 5647
3059 5424
3060 4459
3060 5017
3062 4772
3063 3481
3064 3913
3064 6015
3065 5009
3066 5654
3066 6035
3067 5779
3068 3636
3068 4283
3070 5852
3071 3523
3072 3289
3072 4903
3073 6006
3075 4044
3078 4768
3079 3409
3080 4037
3085 5098
3085 5603
3086 5489
3087 3586
3088 3559
3088 5613
3088 5754
3089 5338
3091 3810
3092 3249
3093 5085
3095 5359
3096 3199
3097 4124
3097 5228
3098 3186
3099 3664
3100 3935
3101 4258
3103 5063
3104 5643
3104 5790
3104 6201
3105 4086
3105 4952
3106 5619
3108 4443
3109 5169
3111 3897
3111 6005
3113 3464
3113 3655
3113 4003
3114 3469
3114 4390
3114 5038
3115 3174
3115 4537
3117 3973
3119 3427
3120 5038
3121 4166
3121 4512
3122 3590
3123 5135
3123 5166
3124 5275
3126 4537
3126 5733
3127 3830
3127 4197
3127 5455
3127 5577
3128 6111
3131 3562
3131 4834
3137 3273
3138 4612
3140 6049
3141 3623
3142 5271
3144 3671
3144 4959
3145 3998
3148 4949
3148 5463
3149 4975
3149 5178
3151 3877
3151 4787
3152 5775
3155 6240
3156 3175
3157 3447
3157 4920
3158 5162
3159 5813
3160 5403
3161 4114
3161 4202
3162 4449
3163 4104
3163 5045
3163 6244
3165 4223
3165 4576
3166 3394
3168 6093
3169 5984
3169 6238
3170 3375
3171 3716
3171 5273
3173 4130
3176 4647
3179 4085
3179 5233
3180 5869
3181 5938
3184 3459
3185 3789
3186 5913
3187 5757
3192 3368
3194 6143
3196 3881
3198 4218
3198 5005
3199 5052
3200 5173
3201 3961
3202 5196
3203 3942
3203 5739
3204 6241
3206 3559
3206 3650
3206 5657
3207 3359
3208 5125
3209 5903
3210 3934
3211 3613
3212 6080
3213 4540
3213 5169
3214 5497
3215 4410
3216 5708
3217 3772
3218 5619
3220 5422
3222 4817
3224 5296
3226 4736
3228 4194
3231 3482
3231 5288
3232 3525
3233 4044
3234 6224
3235 3955
3236 4405
3236 4841
3237 5080
3238 3878
3238 5133
3240 5451
3242 5839
3243 4319
3243 6037
3244 3386
3244 3775
3244 4389
3245 5558
3246 5157
3248 3643
3248 4272
3250 6088
3251 4282
3252 5790
3253 5350
3253 5795
3254 3358
3254 5704
3255 3602
3255 5621
3256 3300
3258 3685
3259 4085
3262 4330
3262 5667
3263 4083
3264 5291
3265 5931
3267 4307
3268 5523
3269 3282
3269 4884
3271 3394
3271 5444
3274 3765
3274 5646
3276 4611
3277 3991
3278 4812
3279 3387
3280 4660
3280 4696
3280 6213
3281 5733
3283 4906
3287 5518
3289 3596
3291 3594
3291 5465
3291 5508
3293 5411
3294 4264
3295 6046
3296 4404
3296 5475
3296 5511
3297 5660
3298 4028
3298 4332
3298 5755
3300 5438
3301 4750
3302 5933
3303 5512
3306 5799
3310 4239
3310 5440
3310 5970
3311 3577
3311 5367
3312 4409
3313 4296
3313 6188
3314 5001
3316 3447
3316 4769
3316 5774
3319 4924
3319 6081
3321 4810
3322 3900
3322 4060
3322 5459
3323 3516
3325 5787
3325 6234
3326 3550
3326 3794
3327 4333
3328 3490
3328 5389
3329 4611
3330 4001
3331 3493
3332 4973
3333 5082
3334 5614
3335 5344
3335 5860
3336 3579
3337 6135
3338 6030
3340 4159
3341 5934
3342 4198
3343 3553
3344 4318
3344 4678
3346 4679
3346 5041
3347 3904
3350 4382
3351 5222
3352 5852
3353 4922
3354 4596
3354 5915
3355 5261
3356 5326
3357 5748
3357 5997
3358 6177
3360 3382
3360 5813
3362 5561
3363 5928
3363 5996
3364 4886
3367 3456
3369 5164
3370 5443
3370 5612
3371 3620
3372 3421
3374 4355
3375 4621
3376 5452
3378 5702
3379 4043
3379 5615
3381 5012
3381 5485
3382 4065
3383 4278
3384 5027
3385 6192
3388 5199
3389 3513
3391 5825
3392 4592
3392 6126
3393 4513
3394 5067
3395 5259
3395 5769
3395 5982
3396 3679
3398 3660
3401 4830
3401 5915
3402 5982
3404 4356
3406 3527
3407 4462
3407 5167
3408 4665
3411 3969
3411 3998
3411 5752
3413 3719
3414 3742
3415 4795
3415 5935
3417 3975
3417 5174
3418 5977
3418 6177
3420 4935
3420 5160
3421 3496
3422 5124
3423 4172
3424 4402
3425 4310
3425 6190
3426 5488
3427 5124
3428 3484
3428 5004
3428 5068
3430 5224
3430 5406
3431 5275
3433 5974
3436 3548
3436 4138
3439 4958
3441 4125
3441 5718
3442 3662
3442 4413
3444 5763
3445 4588
3445 6220
3447 6092
3448 5490
3448 5681
3449 4593
3450 3644
3452 4230
3454 5106
3455 4893
3457 5500
3457 5503
3461 5290
3465 3720
3465 4385
3465 5683
3466 3954
3466 6032
3467 4451
3468 3707
3470 4008
3471 4755
3472 3500
3473 5200
3474 3648
3474 5777
3475 3698
3476 5984
3477 5066
3479 4588
3481 5712
3482 5302
3485 3809
3485 4101
3485 4298
3487 4275
3490 5796
3491 5175
3493 4408
3493 4846
3493 6110
3498 3571
3499 5981
3501 4148
3501 5342
3502 3754
3503 6249
3505 3510
3505 4395
3505 5075
3505 5822
3506 6064
3507 4262
3507 5650
3509 3515
3509 5424
3510 5247
3512 4226
3512 5870
3514 4309
3517 3597
3518 3730
3518 3758
3518 5420
3521 3781
3521 5027
3522 4059
3523 5056
3524 3659
3525 3974
3526 5464
3526 5873
3528 4452
3529 4599
3529 5260
3530 4150
3532 3847
3536 4534
3539 4128
3540 5274
3543 6098
3545 5077
3545 5256
3546 4860
3548 3849
3549 3715
3549 6163
3551 4026
3553 6183
3555 6199
3557 5369
3558 4199
3559 4729
3560 3867
3560 3945
3563 3799
3564 4045
3564 4951
3565 4256
3566 4529
3567 3698
3567 6107
3569 4682
3569 5826
3570 6118
3571 5771
3572 5205
3573 4519
3573 5940
3574 4425
3574 4849
3575 4146
3576 3836
3577 5300
3577 5656
3578 5493
3579 3919
3579 5521
3579 5779
3580 5865
3581 4652
3581 5898
3582 4690
3585 4473
3586 4842
3589 5882
3591 4083
3591 5837
3592 4527
3597 4802
3598 5378
3599 4251
3601 4059
3602 5767
3603 5485
3604 5248
3606 4712
3608 4660
3608 6216
3609 3819
3609 4417
3609 5020
3612 4128
3615 4712
3616 4815
3617 6226
3619 5676
3621 6133
3622 5157
3622 5614
3624 4074
3624 5767
3625 4646
3627 5857
3628 4056
3632 4844
3634 5046
3636 4979
3636 5781
3638 4415
3638 5217
3641 4905
3641 5619
3643 4142
3645 4370
3645 4631
3646 4931
3647 6218
3649 5715
3651 5380
3652 4092
3653 5540
3657 5724
3662 5033
3663 5403
3665 5152
3666 5653
3668 3756
3668 4331
3672 4164
3672 5731
3673 4259
3675 5808
3675 5958
3676 5923
3677 4493
3677 4680
3677 4954
3678 5070
3679 4309
3680 3799
3681 5627
3682 4209
3682 5346
3683 4661
3683 5306
3684 3827
3685 3802
3685 5315
3685 5328
3685 6211
3686 3894
3687 4050
3687 4715
3687 4736
3687 6064
3689 5773
3691 5295
3693 4392
3694 5763
3694 5949
3699 4976
3699 5930
3702 5991
3703 3718
3703 5910
3705 5689
3710 4721
3710 5482
3717 5268
3723 4036
3724 4018
3724 4274
3726 4058
3727 3818
3727 5404
3729 3923
3729 5530
3734 5096
3736 5545
3737 4799
3738 5765
3739 6073
3739 6184
3741 4728
3742 5191
3743 4093
3743 4893
3743 5405
3743 5674
3744 4468
3744 4641
3746 5417
3747 5970
3749 3921
3750 4360
3750 5022
3750 5194
3754 5319
3755 5875
3755 6010
3756 5576
3756 6155
3757 3841
3757 4921
3758 4020
3763 3879
3763 5805
3764 5938
3766 4637
3767 4904
3769 4607
3770 4696
3771 4434
3771 4443
3773 4653
3775 4134
3775 4185
3776 5052
3779 3855
3779 6135
3780 5884
3782 4401
3786 4385
3787 4614
3787 5626
3790 4088
3795 6090
3797 5332
3799 4494
3799 5147
3800 3987
3800 4502
3801 4335
3803 5095
3806 4499
3807 4047
3807 4058
3807 4728
3808 5920
3809 4561
3810 5371
3810 6227
3812 3982
3812 5304
3812 5957
3813 5235
3814 5067
3815 5385
3816 4430
3816 5341
3817 5937
3818 5167
3819 3914
3819 5061
3821 4521
3822 4053
3824 4989
3825 6174
3827 6093
3828 5130
3829 4388
3831 5380
3831 5454
3832 5342
3833 5419
3833 6080
3834 4434
3837 5901
3838 4217
3840 4578
3841 4438
3841 6056
3843 4456
3844 4816
3845 4246
3845 4481
3848 5161
3849 4046
3849 6189
3850 4876
3850 6043
3851 5163
3854 4524
3854 6248
3856 4091
3858 4198
3858 5107
3863 4869
3866 4736
3868 4374
3869 5728
3871 4200
3872 4097
3873 4216
3874 4506
3874 5735
3875 5811
3876 4614
3877 6243
3880 3980
3880 5137
3880 6059
3882 4358
3884 5004
3885 3961
3886 6136
3887 3983
3887 5715
3887 5908
3888 4814
3888 4894
3889 4188
3890 4823
3891 5717
3892 4180
3892 5963
3894 3992
3894 4468
3895 3944
3895 4972
3896 6106
3897 4330
3898 5747
3899 4399
3899 5667
3901 4878
3902 4822
3903 5031
3904 3906
3904 6126
3907 4541
3907 6167
3908 5026
3909 5714
3910 3995
3910 4060
3911 4861
3911 5368
3912 5737
3915 6222
3917 3972
3918 5594
3919 6194
3924 4625
3925 5099
3925 6110
3926 6055
3927 5584
3931 5479
3936 6140
3939 5073
3943 5922
3945 5272
3945 6156
3949 4183
3950 4022
3950 4204
3952 4340
3952 5594
3955 5373
3956 4204
3956 4990
3958 6188
3960 4815
3962 4631
3963 5391
3966 4595
3967 6207
3968 6245
3969 5582
3970 4523
3970 4559
3970 5708
3973 4965
3974 4294
3976 4091
3977 6115
3980 4733
3981 4278
3982 5089
3984 6028
3985 4525
3985 5209
3985 6069
3990 4826
3991 5324
3992 6021
3993 5102
3994 6068
3996 5293
3996 5837
4001 4760
4002 5429
4003 6024
4004 5101
4005 4228
4006 4945
4007 4360
4010 4988
4012 4507
4013 4256
4013 4495
4014 5175
4015 4434
4015 6020
4017 4068
4017 4200
4018 4284
4018 4977
4023 4829
4024 4808
4028 5159
4028 6139
4030 4415
4031 4486
4031 4578
4032 5466
4037 4933
4037 5815
4038 5103
4039 5279
4040 5435
4041 5800
4042 4242
4047 5949
4049 4665
4051 5586
4053 4180
4054 4868
4056 4390
4059 5256
4060 5680
4063 5115
4064 5967
4066 5561
4067 5070
4069 5797
4071 4322
4073 5297
4074 4943
4074 5245
4074 5820
4077 4766
4078 6040
4079 6239
4081 4758
4082 5611
4084 5705
4087 5792
4088 4357
4088 5444
4089 4378
4090 4135
4091 5399
4092 4263
4096 4859
4096 5430
4098 4923
4100 5557
4102 4303
4102 4642
4102 6083
4104 5318
4106 5162
4108 5861
4111 5014
4113 5563
4116 5237
4117 5683
4117 6217
4118 5828
4119 5888
4120 5868
4122 5526
4122 6030
4123 5910
4126 5735
4127 4846
4127 6005
4128 4380
4129 4537
4130 4371
4132 4360
4134 5361
4135 4558
4135 4771
4135 5830
4136 5640
4141 4321
4145 6117
4149 5901
4152 4534
4152 6185
4154 5562
4155 4679
4156 4815
4157 4790
4159 5283
4160 4732
4163 6044
4165 4757
4165 4944
4165 5384
4168 4637
4169 6028
4170 5660
4171 4657
4172 5214
4173 4615
4176 5593
4177 5880
4181 4981
4181 5492
4182 4857
4182 6036
4183 4457
4186 6139
4187 4822
4188 4213
4189 5371
4190 5681
4191 5358
4192 4822
4193 5152
4197 5755
4198 5542
4200 4629
4203 4886
4205 4294
4205 4974
4209 6053
4210 5655
4211 5961
4216 4347
4216 5855
4217 6238
4220 5426
4221 4489
4221 5096
4222 4345
4224 5749
4224 6084
4225 6041
4226 4992
4226 5663
4230 6247
4233 4363
4238 5695
4240 4670
4242 4787
4243 4348
4245 4886
4245 5111
4246 6148
4252 4852
4252 5251
4255 5544
4255 5825
4257 5387
4266 5770
4267 5364
4268 5567
4269 5785
4271 4639
4273 4792
4275 5100
4276 4744
4277 5482
4286 5267
4287 4833
4287 5170
4287 5608
4287 6246
4290 5271
4291 6222
4293 4987
4294 4617
4294 5146
4295 4700
4295 6138
4296 4610
4297 5148
4297 5773
4299 4455
4300 4336
4300 5717
4300 5738
4301 5376
4302 5797
4304 5313
4304 5546
4306 4707
4306 4761
4310 4761
4311 4793
4311 6107
4313 4652
4315 4775
4320 6151
4321 5816
4321 6203
4323 6218
4325 5800
4327 5737
4328 5265
4329 5578
4330 4668
4330 6180
4331 6209
4333 4394
4335 5132
4337 5759
4338 6220
4339 5090
4342 6196
4345 4567
4351 6247
4353 4468
4353 4608
4358 6232
4360 4970
4365 4957
4365 5320
4365 6228
4367 5273
4367 6067
4369 5990
4369 6116
4372 4640
4377 4784
4378 5656
4381 5055
4384 5295
4386 5209
4387 4962
4393 5758
4397 4477
4397 4601
4400 6128
4407 4709
4408 5398
4410 5737
4416 5244
4417 4901
4421 6025
4423 6108
4424 4966
4426 5604
4427 6059
4428 4990
4428 5030
4429 4866
4431 5644
4433 4534
4437 4685
4438 6076
4439 5517
4442 5509
4445 5776
4445 5991
4447 4991
4453 5485
4454 4692
4456 4979
4458 4909
4461 6096
4464 4951
4465 4595
4466 4467
4468 5632
4469 5290
4469 6181
4473 5222
4475 5871
4478 4601
4479 5841
4480 5738
4482 4596
4483 5261
4483 5631
4486 5697
4488 6014
4489 5807
4491 4714
4493 5189
4494 4922
4498 5405
4499 5588
4500 6128
4501 4536
4502 5514
4503 5550
4506 4901
4506 4943
4507 5522
4508 4864
4508 5143
4510 5887
4515 5258
4519 5161
4523 5458
4524 6049
4529 5756
4531 5569
4532 4556
4535 5252
4535 5926
4539 5718
4542 5379
4545 4562
4550 4945
4553 4758
4553 4925
4553 5525
4555 5982
4555 6246
4556 5945
4557 6027
4558 5206
4568 5378
4568 5474
4570 4850
4570 4949
4571 6046
4575 5542
4577 5205
4578 5933
4578 6227
4580 5727
4584 5076
4588 6212
4590 5751
4591 5644
4593 5345
4594 6206
4601 5907
4602 6158
4602 6193
4604 5423
4606 4780
4606 5503
4610 5126
4611 4735
4611 5301
4612 5006
4614 5838
4615 4985
4616 4922
4618 5994
4619 6051
4620 5706
4622 5781
4623 4828
4626 4897
4627 5541
4628 5743
4630 4972
4630 5634
4633 4741
4634 5945
4636 5781
4644 5978
4645 5266
4646 4778
4646 6225
4647 5723
4649 4990
4652 5966
4652 6079
4653 5807
4656 5948
4657 4855
4660 5422
4663 5439
4663 5468
4664 6230
4667 4962
4669 5989
4670 6219
4671 5865
4676 4996
4680 6010
4683 5189
4686 5935
4688 5051
4689 6230
4690 4765
4693 5711
4701 5897
4704 5509
4704 5803
4705 4841
4706 5003
4707 4820
4710 5064
4711 5836
4714 5071
4720 5887
4722 5041
4723 4829
4723 5520
4726 4971
4726 5336
4729 5789
4730 5974
4734 5155
4736 5358
4739 5149
4739 5847
4739 6140
4740 5687
4741 4782
4742 5050
4743 5151
4743 5603
4746 4884
4748 5339
4749 5833
4759 5868
4768 4999
4771 6174
4772 5385
4776 4877
4779 5227
4780 5658
4783 5201
4786 5231
4786 5822
4787 4855
4788 5572
4789 5564
4792 6082
4794 5472
4794 5676
4797 5920
4798 6155
4801 5428
4802 5163
4802 5952
4806 6231
4807 5141
4807 5496
4808 5192
4808 5617
4811 4968
4813 5191
4817 5857
4817 5936
4822 5335
4824 6090
4825 5437
4827 4994
4827 5492
4829 5420
4832 5722
4836 4879
4839 6128
4844 5267
4846 5526
4848 4997
4848 5891
4853 5437
4854 5143
4861 6171
4868 5074
4870 6024
4873 5555
4876 5711
4879 6028
4882 5922
4885 6207
4887 6070
4888 5552
4891 5025
4892 5832
4894 5040
4895 5304
4895 5609
4896 6222
4898 5638
4899 5322
4901 5741
4902 4923
4905 5198
4907 5966
4908 5096
4908 6106
4911 5397
4912 6113
4913 5971
4916 6200
4919 5837
4931 6236
4932 5005
4932 5842
4934 5021
4934 5725
4936 5217
4937 5624
4938 5384
4939 6082
4943 5154
4946 5049
4947 5566
4947 5877
4949 5059
4949 5730
4953 5803
4955 5430
4957 6045
4959 5065
4966 6052
4976 5324
4978 5236
4980 6223
4981 5782
4982 5787
4983 5155
4984 5190
4984 5265
4984 6074
4985 5977
4990 6050
4993 6130
4994 5442
4998 5487
5005 5156
5007 5421
5009 5376
5009 6072
5010 5476
5011 6134
5014 5651
5018 6245
5021 5478
5024 5158
5029 5558
5031 5918
5034 5317
5034 5492
5035 5547
5035 6047
5039 5892
5042 5225
5043 5050
5044 5447
5047 5340
5048 6077
5049 5518
5055 5383
5062 5079
5062 5505
5068 5418
5069 5254
5072 5157
5073 5568
5075 5366
5076 5473
5078 5252
5081 5498
5091 5678
5092 6170
5096 5568
5097 5305
5103 5323
5105 6210
5106 5515
5108 6096
5109 5249
5112 5555
5113 5137
5113 5665
5116 5123
5116 5517
5125 5508
5127 5659
5131 5176
5131 5439
5132 6008
5137 6000
5139 5174
5140 5480
5142 5839
5144 5394
5145 5867
5150 6124
5151 5213
5162 5396
5162 5622
5172 5688
5174 6168
5181 6171
5182 5431
5183 5369
5184 5388
5192 5263
5195 5843
5195 6091
5201 5247
5203 5778
5203 6035
5207 5611
5209 5264
5210 5371
5213 6160
5216 6025
5218 5229
5219 5411
5222 5783
5223 5352
5231 5504
5233 5668
5233 5779
5239 5901
5241 6176
5243 5687
5246 6083
5249 5988
5252 6033
5254 5307
5256 6032
5262 5833
5264 5545
5266 6062
5277 5574
5279 5451
5280 5329
5280 5718
5281 5672
5281 6038
5285 5427
5285 5955
5287 5765
5290 6122
5291 5953
5294 6207
5311 5322
5314 5524
5316 5853
5319 5946
5320 6130
5325 5983
5326 5341
5329 5402
5331 5390
5332 5937
5333 5530
5337 5670
5338 5446
5341 5786
5344 5646
5347 5579
5347 5987
5357 5628
5358 6055
5360 6134
5362 6158
5362 6205
5363 5656
5365 5545
5370 6160
5382 6095
5382 6128
5386 5604
5387 5459
5388 6168
5392 5751
5393 5700
5394 5968
5401 5915
5403 6231
5408 5599
5409 5580
5411 6242
5414 5613
5416 5902
5420 5629
5424 5842
5427 5675
5439 5762
5441 5747
5450 5641
5452 5587
5454 6165
5456 5801
5456 5952
5457 5686
5457 6089
5467 5563
5469 5691
5470 6000
5471 6201
5472 6060
5476 5616
5477 6015
5498 5796
5501 5564
5510 5580
5510 5994
5516 5727
5519 5819
5520 6046
5522 5594
5523 5970
5531 5981
5532 5790
5535 5650
5535 5793
5535 5997
5537 6096
5558 6002
5563 6048
5585 5684
5591 5948
5592 5916
5595 5810
5601 5818
5602 5623
5606 5872
5610 5958
5611 5750
5611 5951
5615 5904
5617 6169
5618 6248
5633 5892
5639 5803
5645 5851
5655 5859
5659 5815
5664 6226
5668 6178
5669 6112
5670 6126
5679 6105
5693 5811
5694 6120
5696 6137
5697 5979
5697 6100
5698 6186
5699 5927
5700 6144
5701 5876
5709 5823
5713 5921
5714 6136
5720 5821
5725 5798
5730 5890
5745 5869
5749 6240
5769 5772
5771 5814
5771 5976
5774 5965
5786 5891
5789 5983
5793 6112
5794 6217
5823 6025
5824 5834
5837 6078
5847 5865
5848 6206
5848 6226
5850 6057
5853 6206
5861 5989
5863 6061
5879 6141
5883 6177
5889 6222
5894 6196
5903 6011
5911 6241
5922 6111
5925 6094
5943 6071
5956 6204
5980 6062
6002 6016
6011 6100
6012 6013
6017 6083
6032 6135
6050 6233
6052 6138
6059 6141
6063 6069
6079 6221
6094 6131
6134 6138
6139 6234
6142 6228
6145 6194