97
0 25
0 51
1 4
1 28
1 46
2 7
2 79
2 90
3 12
4 36
5 68
6 48
6 95
7 32
8 45
9 34
9 52
9 77
9 82
10 60
10 74
11 24
11 45
12 31
13 29
14 57
14 82
15 81
15 90
16 20
16 27
17 65
18 90
19 41
19 84
21 33
22 29
22 32
22 38
22 54
22 65
22 75
23 42
23 76
24 46
24 54
24 83
25 83
26 35
26 77
27 44
28 80
28 92
29 40
30 36
31 62
31 68
31 73
33 52
34 92
37 67
39 64
39 87
41 59
43 59
43 93
44 78
44 88
47 87
49 54
49 59
50 80
50 94
52 60
53 58
53 85
53 91
54 55
54 89
56 82
58 71
58 72
58 76
61 92
62 67
63 93
64 77
66 69
66 74
68 84
70 86
74 86
78 90
80 96
82 95
88 91