3125
0 1421
0 1721
1 688
1 777
1 892
1 2789
2 301
2 1178
2 2101
3 123
3 201
3 1342
3 1700
4 1163
4 1438
5 1084
5 1270
6 1655
6 2413
6 2534
6 2587
7 2539
7 2954
8 425
9 655
9 1344
9 2988
10 2317
10 2510
11 2330
11 2662
12 367
12 2254
13 1152
14 2822
14 2853
15 1711
16 161
16 1352
17 1041
18 149
19 806
19 3058
20 113
21 332
21 541
21 1415
22 1002
23 707
23 823
24 777
25 1238
25 2672
26 43
27 415
27 1082
28 432
28 2338
29 465
29 2843
30 369
31 362
32 332
33 1435
33 2074
34 771
34 1619
34 2279
35 909
36 1071
37 1665
37 1953
38 2064
38 2423
39 785
39 1490
40 1409
40 2394
41 654
41 1156
41 2417
42 529
42 1576
43 2781
43 2820
44 1354
44 2200
45 560
45 2827
46 372
47 143
47 541
48 324
48 2574
48 2857
48 3009
49 2996
50 1431
51 170
51 2667
52 403
52 2412
53 2151
53 2814
54 192
54 1311
54 2260
55 438
55 838
55 1328
55 2542
55 2598
56 664
56 2449
57 436
57 2164
58 618
58 1596
59 848
60 2471
61 791
61 2842
62 489
62 1933
62 1996
63 2052
64 1941
65 450
65 1306
65 1929
66 209
67 1131
67 2158
68 2084
68 2863
69 255
69 3002
70 568
70 701
70 905
70 1942
71 1302
71 1634
72 1473
73 343
73 1742
73 2674
74 2060
75 512
75 2239
75 2396
76 271
76 1539
77 1625
77 2777
77 2830
78 113
78 360
78 934
78 1479
78 1651
79 2988
80 302
81 2385
81 3096
82 1823
82 2785
82 3002
83 1841
84 2847
85 2190
85 2569
86 554
86 2528
87 502
87 2038
88 2736
89 106
89 356
89 922
89 1039
89 2340
90 374
90 2174
91 2957
92 957
93 645
93 1241
94 2246
94 2943
95 391
95 1541
95 3077
96 2672
97 2742
98 651
99 2644
100 2659
100 2712
101 197
101 1573
102 710
102 1547
102 2149
103 1014
103 2633
103 2782
104 1308
104 2571
105 126
105 647
105 2612
106 861
107 2140
107 2400
108 745
109 418
109 2917
110 1035
111 2421
112 1693
112 1903
113 2457
114 552
114 1997
115 2211
116 1732
116 2143
117 862
117 1603
117 2436
118 597
118 757
119 757
119 1010
120 334
120 426
120 790
121 1318
121 1814
122 498
124 199
124 234
124 2553
125 425
125 2810
126 1641
126 2678
127 954
128 1961
128 2526
129 213
129 1706
129 2414
129 2676
129 3082
130 1036
131 196
131 1349
132 1851
132 2893
132 2995
133 1656
134 691
134 2569
134 3068
135 1422
135 1934
136 2783
136 3100
137 1290
138 253
138 2073
138 2533
139 988
139 1583
139 2217
140 825
140 2963
141 605
142 516
142 2695
144 247
144 2581
144 2938
145 1916
145 2650
146 168
146 1781
147 780
147 1386
147 2465
147 2480
147 2687
148 2139
148 3022
149 257
149 1874
150 797
150 1171
150 3097
151 1285
152 1391
152 2149
153 2513
153 2741
154 1055
154 1432
155 392
155 2311
156 1391
157 751
158 1249
158 1617
159 517
160 829
161 549
161 2715
162 1596
163 1884
164 1194
164 1854
165 977
165 2530
166 308
166 1834
167 309
168 1811
169 1569
169 1645
171 685
172 2899
173 2678
174 1536
175 186
176 2823
176 2829
177 407
177 2486
177 2913
177 3041
178 800
179 1196
179 1480
180 1173
181 1631
181 1781
182 507
182 1044
183 275
184 1266
185 3001
186 599
187 1215
188 796
188 2382
188 2629
189 1492
189 3111
190 1440
190 2915
191 282
191 495
191 797
191 1697
191 2914
192 762
193 590
193 787
194 2439
195 1594
196 1827
197 547
198 1368
198 2550
200 1091
200 1265
200 1758
200 2362
201 837
202 363
202 776
202 1158
202 2225
202 2329
203 2052
203 2929
204 222
205 911
205 1871
205 1907
206 245
206 247
206 996
206 2527
207 228
207 2924
207 3105
208 647
208 718
208 923
208 1599
208 2541
209 660
209 2617
210 1406
210 2136
211 1393
212 921
212 1268
212 2763
213 369
213 2357
214 2067
214 2761
215 2128
216 218
216 1081
216 1087
216 1483
217 630
217 2429
218 1247
218 1472
218 2843
219 2328
219 3120
220 851
220 1861
220 1939
221 1476
221 2162
222 2546
223 332
224 665
224 802
225 365
225 2121
225 2363
226 1110
227 1017
227 2466
227 2911
228 499
228 1543
229 1299
230 410
230 1780
231 848
231 1148
232 2099
233 2932
235 274
235 675
235 1119
236 1687
237 1075
238 696
238 2154
239 345
239 1151
239 1790
240 336
240 1913
241 925
241 1359
241 3066
242 1095
242 1186
243 2624
244 2531
244 2544
244 2715
245 2703
246 2042
247 1628
248 1132
248 2149
249 325
249 1567
250 1173
250 1689
250 1738
250 1806
251 498
251 1079
252 2700
253 342
253 1473
254 581
255 1647
256 651
256 2513
256 2673
257 2478
258 610
259 444
259 1718
259 2172
260 342
260 1692
261 1683
262 352
262 2462
263 1397
264 348
265 600
265 2607
266 2564
267 484
267 601
267 2730
268 913
268 2144
268 2351
269 1550
270 1671
271 2163
271 2245
272 2693
273 685
273 2903
273 3055
274 352
274 1520
275 865
275 1876
276 2519
277 1978
278 581
278 1803
278 1883
278 1930
278 2545
279 2718
280 925
280 1984
280 2527
281 763
282 1471
282 2663
283 1211
283 2218
283 2837
284 1121
284 2104
284 2877
285 1220
285 2501
285 2670
285 2708
285 2758
285 2806
286 604
287 1115
287 1212
288 570
288 786
289 441
289 871
289 2468
290 1017
290 2442
291 435
291 886
291 3091
292 2047
292 2323
293 595
293 1213
293 2057
294 2302
295 2679
296 1491
297 666
297 3016
298 528
299 2340
300 317
300 1242
301 3088
302 736
302 2460
303 617
303 2151
304 1629
304 1963
305 514
306 1594
306 2425
307 559
307 834
307 2210
308 944
308 1927
309 1067
309 1101
309 1104
310 2290
311 1691
312 1338
312 2517
313 1422
313 1595
314 1501
314 2000
314 2911
315 2110
315 2122
316 478
316 2329
317 436
317 1896
318 1302
319 1122
319 1417
319 1642
319 2186
320 455
320 2007
320 2817
321 1507
321 2327
322 529
323 924
323 2488
326 1493
327 975
327 1165
328 1307
328 2425
329 2167
330 1714
331 431
331 1285
331 2416
332 3086
333 730
333 1558
334 2201
334 2270
335 2646
336 483
336 1448
336 2004
336 2393
337 956
338 711
339 716
340 2439
341 1330
341 2154
341 3054
342 702
342 2982
344 2944
345 1153
345 2583
346 2036
346 2347
347 2618
348 763
348 1547
348 1678
349 585
350 1455
350 2948
351 1942
352 3039
353 635
353 1774
354 1117
355 1914
356 1799
357 620
357 1466
358 1538
359 638
360 2614
361 1442
361 1557
361 1625
362 2274
364 1094
365 2185
365 2616
366 1510
366 2687
368 2193
368 2217
368 2681
369 572
370 541
370 3089
371 796
371 863
372 1511
372 1612
373 731
373 793
373 1870
373 2175
373 2731
374 2357
375 2537
375 2826
376 1792
377 1398
377 2779
378 1255
378 2613
378 2925
379 947
379 2375
380 1710
380 2867
380 3099
381 934
381 1524
381 2685
382 1149
382 2079
382 2879
383 1333
384 1685
384 2273
385 535
385 1319
386 1452
387 757
388 949
388 1679
389 420
389 3003
390 2582
391 1774
391 2549
391 2885
392 1341
392 2182
393 2100
394 1725
395 617
396 1172
397 1336
398 867
399 470
399 2259
400 2493
400 2750
401 884
401 1269
401 2070
401 2777
402 491
402 1169
402 2992
404 1285
405 677
406 1595
406 2694
406 3004
407 1392
408 2211
409 413
409 420
409 1748
409 1817
409 2791
410 1588
411 1429
411 1462
412 2287
412 2430
414 2475
415 1216
415 1433
416 1630
416 2836
417 1344
418 2283
418 2847
419 736
419 1839
419 2338
421 452
421 1450
421 1707
421 2842
422 1527
422 2066
422 2403
423 2299
424 2641
425 1043
425 1167
425 1641
427 1198
427 1254
428 1038
428 2392
428 2455
428 2926
429 2062
429 2321
429 2552
430 2038
433 1735
433 1935
434 2569
435 591
435 1875
435 2148
436 1847
437 2010
437 2904
438 960
438 1554
439 1291
439 2027
439 2713
440 1544
440 2675
441 2354
442 1775
443 2696
443 2862
443 2922
445 513
445 973
445 2296
445 3101
446 912
447 842
447 1564
448 801
448 2506
449 1633
449 2342
450 2197
451 504
451 2774
452 1412
452 1879
453 1921
453 2055
454 1858
455 3014
456 493
456 2680
457 601
457 927
458 893
459 894
459 2307
459 2800
460 734
460 3083
461 877
461 1286
462 523
462 845
462 1338
463 955
464 1549
464 1660
464 1906
464 2505
466 556
466 593
467 1892
467 2156
468 1030
468 2818
469 2008
470 772
471 1685
472 1315
473 1764
473 1829
473 2332
474 1202
474 1446
474 2993
475 1508
475 2431
476 671
476 1852
477 2942
479 2823
480 2394
481 1626
482 1087
482 1867
482 2061
483 975
485 1344
486 1847
487 1632
487 1709
488 2011
490 2280
490 2360
490 2601
491 2124
491 2828
491 2851
492 1020
492 2852
493 1845
494 1174
494 1344
495 2046
496 555
497 1030
497 1073
498 2825
499 500
501 773
501 818
501 1446
502 2645
503 832
503 1112
503 3090
504 1031
504 2020
505 650
505 3059
506 1837
507 963
507 2425
508 2509
509 2353
509 2379
510 514
510 2308
510 2461
510 2991
511 911
512 718
515 1103
515 1240
515 2856
517 766
517 2353
517 2403
517 2690
518 1197
518 2705
518 3096
519 2195
520 1633
520 2120
521 2110
522 2792
524 1841
525 792
525 1428
526 2610
527 2450
527 2568
527 2737
528 2060
528 2361
529 1153
529 2766
530 1029
530 2205
531 1521
532 792
533 2985
533 3102
534 661
534 3056
535 2450
536 819
536 1325
536 2903
537 2643
538 2941
538 3116
539 644
540 1018
540 1199
540 2976
541 1456
542 1477
542 1975
543 999
543 1807
543 3086
544 1421
545 1402
545 1755
545 1944
545 2214
546 1849
547 874
547 1214
548 1434
548 1474
548 2866
549 891
549 2864
550 1201
550 1577
551 1828
552 2521
553 1113
553 1204
553 2898
554 832
554 2012
555 782
555 2307
556 579
556 2797
557 971
557 1382
557 2667
558 1712
559 966
559 2303
560 1669
561 1262
561 1902
562 1587
562 2098
562 2514
563 679
564 1540
565 2420
566 2511
566 3073
567 692
567 1179
567 1212
568 1133
568 2984
569 1925
569 2108
571 1763
571 2543
573 1124
573 2579
573 2935
574 2487
574 2558
575 986
576 1689
576 2364
576 2906
577 1131
577 1232
577 2380
578 2476
579 2273
580 1404
580 2829
582 1746
583 1225
583 2170
583 3021
584 1954
584 2574
585 703
585 998
585 1567
586 2601
587 644
587 2148
587 2602
588 1646
588 1780
589 833
589 1382
590 1993
590 2780
592 983
592 1239
594 2647
594 2781
595 1164
596 1041
596 1448
596 1513
596 2112
597 1120
597 3032
598 2764
599 2860
600 2032
601 1616
602 1838
603 678
604 1165
605 2387
605 2887
606 2180
606 2516
607 2898
608 642
608 743
608 1708
608 1837
609 2862
610 2747
610 2762
611 2414
612 626
612 809
613 798
613 1468
613 2169
613 2432
614 1125
615 1663
615 2256
616 2523
618 2113
619 1516
621 2298
622 2891
623 1507
623 1786
623 2191
624 689
624 2222
625 626
625 1987
625 2416
626 2043
626 3035
627 1046
627 1828
627 2297
628 1049
629 1132
629 1332
630 2285
631 783
631 1250
631 2443
632 1012
632 2062
633 1852
633 2616
634 1159
635 2640
636 2214
637 1742
638 2148
638 2484
639 2517
640 1385
640 3118
641 1309
641 2132
641 2368
643 736
643 1089
644 2689
645 1339
646 2337
646 2457
647 2985
648 1025
649 2864
650 887
651 1542
651 3095
652 753
652 1616
652 2454
653 960
653 981
653 3103
654 909
654 2657
656 1032
656 2088
656 2865
657 1592
658 788
658 2223
659 3079
661 2766
662 1111
662 1897
662 2581
663 1213
664 1207
664 1790
665 843
666 2777
667 2082
667 2217
667 2498
667 2525
668 1596
668 1677
668 2356
669 2012
670 695
670 3036
671 2679
672 736
673 1147
673 1679
673 2241
674 1747
676 1586
676 1662
677 1592
677 2762
677 2861
678 3001
679 889
680 1541
681 2286
682 1647
682 2324
683 898
684 1745
686 2902
687 1928
688 1317
689 1982
690 1806
690 2341
693 2592
694 1476
695 1860
697 1963
698 2429
699 1314
699 1847
699 2420
700 1051
700 1501
700 1869
704 1660
705 3108
706 2660
707 1958
707 2961
708 2867
709 1591
709 2747
711 1897
712 1508
712 2700
713 2912
714 745
715 1157
715 1261
716 1304
716 2500
717 1812
719 1372
719 2965
720 1888
721 1178
721 2628
722 2482
723 2748
724 2197
725 2902
726 1287
727 1117
727 2921
728 2283
729 1590
729 1682
729 1746
730 1325
732 758
732 2707
733 928
733 1985
734 1394
734 2781
735 894
735 1130
735 1864
736 1024
737 1292
738 1917
738 2883
739 2595
739 2811
740 3036
741 1068
742 1211
744 796
744 1403
744 2659
745 2009
745 2876
746 1487
746 2287
747 2682
747 2710
748 2255
748 3012
749 1229
750 1110
750 1830
751 1829
751 2305
751 2380
752 1335
752 1612
752 2693
753 1229
753 1648
754 2223
754 2372
754 3054
755 2370
755 2518
756 797
756 1943
756 2792
757 3050
758 2053
758 2625
759 944
759 2478
760 2330
761 1789
762 1741
762 2312
764 928
764 2072
765 1427
765 2274
767 1681
768 1506
769 2314
769 2709
770 851
770 1933
771 2474
773 932
773 1651
773 2861
774 940
774 1873
774 2891
774 2957
775 1605
775 2250
775 2740
776 1729
777 1413
777 1757
778 1225
779 856
779 1966
780 1548
781 909
781 2523
783 2517
783 2817
784 1575
784 1803
785 1589
785 1977
785 2331
785 2417
785 2441
786 1876
786 2347
786 2461
788 2473
788 2571
789 1876
791 2021
792 2583
794 826
794 2074
795 1406
795 1678
795 2934
796 3072
797 864
797 1295
798 2547
799 2410
799 2854
799 3110
800 872
800 2479
801 1621
802 1679
802 2077
802 2617
802 3109
803 2959
804 1492
804 1743
805 2519
806 2245
807 1039
807 2908
808 2423
808 2807
808 2875
810 1674
811 1820
811 3123
812 1611
813 1134
814 1168
814 1704
815 2060
815 2482
815 2969
816 1512
816 2030
817 875
817 1019
819 1613
819 2752
820 1150
820 1716
821 1488
821 2091
821 2868
822 2296
823 1135
824 1445
825 1934
825 3059
827 1294
827 1828
828 1946
829 2975
830 1955
830 2051
831 1496
833 2075
835 2035
836 1146
836 2318
839 1010
839 2731
840 2989
841 2914
842 1142
842 2398
843 1530
844 1221
845 1636
845 2575
845 2686
846 1083
846 1133
846 2102
847 1600
847 2793
848 2262
848 2404
849 1060
849 1246
850 966
850 2711
851 1571
851 2207
852 989
852 997
853 1374
853 1967
854 1397
855 1384
855 2275
855 2336
856 1656
856 2831
857 1779
858 2611
859 1808
859 1818
860 1765
860 1912
861 918
862 2094
862 2383
863 2563
865 2840
865 3005
865 3101
866 2252
867 1022
867 3050
868 1735
869 1310
870 1441
870 1485
871 1045
873 2016
873 2766
875 1674
876 2295
877 1293
877 1505
878 3043
879 1451
879 2837
880 1446
880 1664
881 898
881 2411
882 1329
882 2999
883 1767
883 2161
884 2792
885 1333
885 1622
885 2419
885 3093
888 1004
888 2128
889 1250
890 1861
891 2039
891 2114
891 2171
892 2041
893 1045
894 1968
894 2125
895 2455
896 1497
897 2677
897 2980
898 1569
899 2103
899 3026
900 1722
901 2028
901 2511
902 1731
903 1676
904 1567
905 2636
905 2691
906 1635
907 1286
908 2556
910 1836
912 2729
913 943
914 1490
915 1467
915 2071
916 1943
917 1024
918 1296
919 1027
919 1147
920 1412
923 1356
924 1978
924 2652
925 1728
926 1973
926 2146
926 2667
927 2804
929 1213
929 2520
930 2067
930 2803
930 2894
931 1213
931 1936
931 2772
933 1589
934 1228
934 1718
935 2888
936 3086
937 1493
937 1928
938 1451
938 1976
939 1542
941 1125
942 2643
942 2962
944 2540
945 2825
946 1025
946 1059
946 2463
946 2475
947 2677
948 2089
948 2351
949 1383
949 2585
949 2981
950 2983
951 1175
951 2787
952 2900
953 1103
954 2048
955 3123
956 2096
956 2311
956 3002
957 1266
958 1361
958 1377
958 1899
958 2953
959 2788
959 3039
960 1013
960 1023
961 1277
962 2766
963 1043
964 1872
965 2448
966 1333
967 1156
967 3036
968 2933
969 1960
969 2222
970 1478
972 1408
973 1235
974 3079
976 2382
977 2907
978 1154
978 2139
978 2365
979 2669
980 2807
982 1362
983 1452
984 2153
985 2417
986 1123
986 1445
987 2378
988 2048
989 1222
989 2298
989 2326
990 2156
991 1524
991 1974
992 2955
993 1157
993 3042
993 3112
994 1234
995 2139
995 2409
998 2351
999 1346
999 2314
1000 1214
1000 2129
1001 1692
1002 1536
1002 2508
1003 1369
1003 1500
1003 1555
1003 2225
1004 2538
1005 2755
1006 2981
1007 1028
1007 3120
1008 1569
1009 1379
1010 1551
1011 2047
1014 1995
1015 1037
1015 2645
1016 3088
1018 1845
1018 2544
1019 2816
1020 1113
1021 1234
1021 2910
1023 1992
1023 3058
1024 1773
1025 2746
1025 3094
1026 2082
1026 2335
1027 1736
1027 2673
1028 1097
1029 2036
1029 2600
1029 3078
1030 1867
1030 2272
1032 1197
1033 2744
1034 2526
1035 3100
1036 1359
1037 2259
1038 1389
1038 1699
1039 2347
1040 2185
1041 1141
1041 1160
1042 1223
1043 2219
1044 3115
1045 1753
1046 3024
1047 1399
1048 1447
1048 2299
1049 1936
1049 2439
1050 2996
1051 1585
1052 3044
1053 1101
1053 1410
1054 1751
1056 2175
1057 1928
1058 1218
1058 2587
1060 1147
1061 1214
1062 2916
1063 2876
1063 2951
1063 2975
1064 1455
1065 1558
1066 2573
1067 1128
1068 1920
1069 1769
1070 2101
1070 2495
1071 2671
1072 1208
1074 1135
1074 1413
1075 2056
1075 2428
1075 2609
1076 2430
1077 1178
1077 1522
1077 1615
1078 1425
1079 2367
1080 1252
1080 1373
1080 1922
1080 2592
1082 3091
1083 2714
1083 2884
1084 1794
1085 1140
1086 2437
1088 2731
1089 1570
1089 1902
1089 2711
1090 1322
1090 2299
1091 2251
1091 3062
1092 2753
1093 2706
1094 2065
1094 2343
1095 1584
1096 1607
1096 2334
1098 1744
1098 2928
1099 1180
1099 2408
1099 2485
1099 2513
1100 1282
1100 1988
1102 1118
1102 2133
1102 2159
1103 1564
1104 1918
1104 2756
1105 1426
1105 1442
1106 1750
1106 1856
1106 1957
1106 2708
1107 1503
1107 1574
1107 2161
1108 1513
1109 2363
1110 2665
1114 2682
1116 1271
1116 2994
1117 2927
1119 1991
1120 1191
1121 1370
1122 1980
1122 2686
1123 1564
1123 1925
1125 1789
1126 1962
1126 1981
1127 2434
1128 1345
1128 2945
1129 1806
1130 1230
1130 2105
1133 2930
1134 1778
1136 1609
1137 2646
1138 2416
1139 2508
1140 1726
1140 2263
1140 2794
1141 2653
1142 1331
1143 2081
1143 2524
1144 1303
1144 2246
1145 2086
1145 2770
1146 1157
1147 1431
1147 1581
1147 1658
1148 1167
1148 3023
1149 1854
1149 2538
1150 2016
1151 2355
1152 1572
1155 1447
1155 2825
1156 1362
1156 1925
1157 2584
1157 2623
1158 1387
1158 1721
1159 1215
1161 1298
1162 1440
1162 2018
1162 2471
1163 1559
1163 2386
1163 2418
1166 2078
1166 3011
1168 1615
1170 2881
1171 2157
1171 2909
1172 2867
1173 2123
1175 1760
1176 1809
1176 2783
1177 1631
1179 2916
1180 2293
1181 1327
1181 2840
1181 2990
1182 2858
1183 1376
1183 2135
1184 1883
1184 2026
1185 2907
1186 1620
1187 2928
1188 1243
1188 1959
1188 2739
1189 2248
1190 2882
1191 2968
1192 1961
1193 2054
1193 2590
1195 1864
1197 1449
1197 1893
1198 1340
1198 2757
1200 1666
1200 2851
1203 2170
1205 2184
1206 2341
1207 2451
1208 2929
1209 1748
1209 2955
1210 2980
1211 1796
1211 2955
1212 1720
1213 1464
1215 2465
1215 2933
1216 2459
1217 2932
1218 1853
1219 2874
1220 1485
1220 1857
1221 1358
1221 2966
1222 1749
1222 2270
1223 1408
1223 1563
1223 2117
1224 1843
1224 2574
1226 2623
1227 1418
1228 2089
1228 2744
1230 3061
1231 2557
1231 2778
1232 1540
1232 1817
1232 2179
1233 1646
1233 1701
1236 1662
1237 2902
1238 2162
1238 2839
1239 1270
1241 2405
1243 1833
1244 1573
1245 2127
1245 2557
1247 1465
1247 2583
1248 2087
1249 2789
1251 1563
1251 2698
1252 2553
1253 1617
1254 1947
1254 2288
1256 2423
1257 1548
1257 1858
1257 2572
1258 2155
1259 1910
1259 2202
1259 2824
1259 2918
1260 1813
1260 2738
1262 1323
1262 2793
1263 1540
1264 1305
1264 2828
1266 1747
1267 2474
1268 1918
1270 1877
1270 1914
1271 2083
1271 3094
1272 1559
1273 2869
1273 3013
1274 2347
1275 2596
1275 2803
1275 2949
1276 2136
1277 1623
1277 1819
1277 2052
1277 2194
1277 2683
1277 2973
1278 1723
1278 3093
1279 2361
1280 2152
1281 2415
1281 3007
1283 2720
1284 2973
1286 2090
1286 2610
1287 1371
1287 1526
1287 1761
1287 2415
1288 1587
1289 1915
1290 1971
1292 2987
1294 2099
1296 1825
1297 2165
1297 2325
1298 1398
1298 1535
1298 2655
1298 2793
1299 2168
1300 2136
1301 2071
1303 2871
1304 1664
1306 2322
1306 2378
1308 1471
1308 2346
1309 3038
1309 3054
1310 2044
1310 2284
1310 2345
1310 2874
1311 1695
1312 1640
1312 1988
1313 1515
1315 1638
1316 1518
1316 2236
1317 2937
1318 2649
1319 2427
1320 2422
1321 1381
1321 1917
1322 1668
1322 2770
1323 2582
1324 2177
1324 2781
1326 2736
1331 1609
1331 3112
1334 1540
1334 1732
1335 1838
1336 2665
1336 3051
1337 1746
1339 1618
1339 2482
1340 2274
1340 2822
1340 2917
1341 1545
1341 2063
1342 2571
1343 2058
1346 1717
1346 2395
1347 1817
1348 2972
1349 2897
1350 2530
1351 1635
1351 1940
1353 1711
1353 2483
1354 2115
1355 1929
1357 1549
1357 1685
1358 1533
1359 2658
1360 2037
1360 2881
1361 2648
1362 2122
1363 1614
1363 2005
1364 1449
1365 1378
1365 1882
1366 1693
1366 1698
1367 1388
1367 2722
1368 1738
1369 1909
1370 1771
1371 1633
1371 2597
1372 1814
1373 2091
1374 1676
1375 2607
1376 2604
1378 2031
1379 1927
1379 2081
1380 2822
1384 2683
1387 1489
1390 1788
1390 2893
1390 3114
1391 1751
1392 2111
1392 2325
1393 1972
1395 2434
1396 1463
1397 2496
1399 1691
1399 1935
1399 2947
1399 3124
1400 2822
1401 2699
1403 2848
1405 2730
1407 2694
1407 2742
1408 2263
1411 1807
1414 1769
1414 2861
1416 1671
1418 2331
1418 2564
1418 3064
1419 1544
1419 2282
1419 2882
1420 2645
1421 2473
1423 2857
1424 2372
1425 2471
1429 1531
1429 2481
1430 2217
1430 2248
1431 2323
1432 2348
1436 2585
1437 2621
1439 3055
1440 2801
1441 2749
1441 3020
1443 3027
1444 2277
1444 2509
1445 1891
1450 2646
1450 2920
1451 2312
1452 2943
1453 2567
1454 2433
1455 2954
1456 2783
1457 2576
1458 1763
1459 1467
1460 2414
1461 2101
1463 2475
1463 2526
1464 1866
1466 2718
1467 1765
1467 1853
1468 2165
1469 1768
1470 1742
1472 1683
1474 2420
1474 2758
1474 2759
1474 3047
1475 1712
1476 2613
1476 2904
1477 1696
1478 1683
1480 2004
1480 2903
1481 2427
1481 2445
1482 1524
1482 1620
1484 2181
1486 1497
1486 2912
1491 2490
1491 2858
1491 2888
1492 3007
1493 1766
1494 1684
1495 2130
1496 2450
1497 1587
1497 2377
1498 1891
1499 2315
1500 2197
1500 2596
1502 1905
1503 2832
1504 2605
1505 2421
1505 3123
1506 2174
1508 1719
1509 1512
1510 2496
1513 3081
1513 3113
1514 2704
1515 2060
1515 2621
1516 2052
1517 2073
1517 2743
1517 2957
1519 2720
1521 1844
1521 2608
1522 1541
1523 2341
1523 2872
1524 2224
1524 2632
1525 1539
1526 1609
1526 3084
1528 1881
1529 2001
1532 2203
1533 2873
1534 2166
1534 2631
1534 2894
1536 2404
1537 2127
1538 2235
1541 2489
1543 1577
1543 1959
1543 2373
1546 1855
1546 3050
1547 2717
1548 3029
1550 1575
1550 2795
1551 2502
1552 1594
1553 2574
1555 2055
1556 2448
1556 2476
1558 2881
1560 1695
1561 1582
1561 2342
1562 1785
1564 1720
1565 2624
1565 3096
1566 2955
1568 1671
1568 2862
1569 1666
1570 1848
1571 2294
1572 1756
1572 2068
1572 2961
1574 2013
1574 2710
1574 3117
1576 2522
1576 2595
1577 2642
1577 3009
1578 2029
1578 2447
1579 2913
1580 2384
1580 2626
1582 2577
1583 2627
1585 2390
1585 2729
1586 2001
1586 2607
1588 1998
1593 2700
1597 1608
1597 1657
1598 2091
1599 1896
1600 3049
1601 2698
1601 2737
1602 2210
1602 2316
1604 2966
1606 2367
1607 1690
1610 1710
1611 2404
1611 2977
1614 1964
1614 2574
1618 2937
1621 1780
1622 2565
1624 1656
1624 2546
1626 1874
1626 2566
1626 2978
1627 2736
1628 2145
1629 2033
1634 2080
1635 1710
1637 1735
1637 3099
1638 2513
1639 2665
1640 1770
1641 2276
1642 1684
1643 2959
1643 3017
1644 2791
1646 2692
1649 1764
1649 2183
1649 2558
1650 2943
1652 2289
1653 2550
1654 1961
1656 1888
1656 2944
1657 2080
1657 2552
1659 1951
1659 2956
1661 2397
1661 2639
1661 2703
1663 1758
1665 2057
1667 3031
1668 3063
1670 3065
1672 1765
1673 2460
1674 2704
1675 3027
1676 1806
1677 2015
1679 2388
1680 1895
1680 2686
1681 2117
1682 1733
1684 2543
1685 2828
1686 1697
1686 2796
1687 2017
1687 2424
1688 2421
1690 2971
1694 2601
1696 2073
1696 2966
1701 2503
1702 1850
1702 2695
1703 2105
1703 2792
1705 2387
1705 2635
1708 1724
1708 2291
1708 3032
1709 2473
1712 2679
1713 2855
1713 2915
1713 3113
1714 2437
1715 2694
1716 3060
1717 2107
1717 2717
1719 2910
1720 1745
1721 2814
1722 2047
1722 2719
1723 1983
1723 2009
1723 2300
1725 1917
1725 2021
1727 2371
1730 1960
1730 2727
1731 2166
1733 2295
1733 2525
1734 3015
1737 2053
1739 1923
1740 2846
1741 2177
1741 2637
1741 2704
1741 2716
1744 2040
1744 2867
1746 2562
1747 2186
1748 1934
1748 2129
1748 2188
1748 2510
1748 2972
1751 2962
1752 2525
1753 2364
1754 2098
1754 2877
1757 2160
1759 2666
1760 2085
1762 2030
1763 2228
1763 2491
1763 3024
1764 2153
1766 2173
1766 2287
1767 2360
1768 2432
1769 3119
1770 1821
1770 2886
1770 2891
1772 2856
1773 2231
1775 2504
1775 2672
1776 2495
1777 2815
1778 2645
1778 2817
1779 2576
1782 2639
1783 2301
1784 1972
1784 2285
1784 2332
1784 2382
1785 1871
1785 2849
1786 2087
1786 3121
1787 2053
1789 2074
1789 2521
1791 2561
1791 3044
1792 1938
1792 2661
1793 1831
1793 1844
1793 2413
1795 1950
1795 2323
1796 2352
1797 2479
1797 2840
1798 2674
1798 2774
1800 3106
1801 1840
1802 2803
1803 2130
1803 2737
1804 1966
1805 1852
1807 3039
1808 1878
1808 2291
1810 3064
1811 2390
1811 2714
1811 3100
1812 1819
1812 2630
1814 2145
1815 2764
1816 1899
1817 2261
1821 2244
1821 3065
1822 2444
1824 3108
1826 2120
1826 2156
1828 2249
1830 2831
1832 2546
1833 2548
1835 1975
1835 2838
1836 2912
1838 2992
1840 2640
1841 1882
1842 2383
1843 2095
1844 2073
1846 2192
1849 2090
1850 3020
1852 2664
1857 2638
1859 2236
1859 2583
1859 2688
1859 3025
1861 2944
1862 2544
1862 2880
1862 2958
1863 2178
1865 2430
1866 3028
1867 3037
1868 2321
1868 2580
1869 2440
1872 1952
1874 2799
1877 2349
1878 2846
1879 2124
1880 1956
1881 2357
1881 2702
1882 2919
1884 2830
1885 2687
1886 2907
1887 2690
1889 2474
1890 2812
1892 2334
1893 2808
1894 1900
1894 1932
1894 2106
1894 2703
1898 2341
1899 2834
1901 2603
1902 2103
1902 2729
1903 2128
1904 3068
1905 2273
1905 3085
1906 1947
1906 1999
1906 3103
1907 2701
1908 2101
1909 1956
1909 3079
1911 1922
1914 2593
1915 2274
1919 2285
1920 2015
1920 2080
1920 2675
1923 2816
1924 2180
1926 2769
1926 2976
1926 3120
1930 2852
1931 1938
1931 2515
1931 2890
1933 3028
1934 2599
1935 2097
1937 2479
1940 3108
1941 3114
1942 2339
1944 2556
1944 2740
1945 2949
1946 2614
1948 2088
1949 2435
1949 2763
1949 3040
1951 2633
1952 3048
1959 2570
1960 2168
1963 2025
1965 2810
1967 2626
1969 2010
1970 2076
1970 2426
1970 2748
1971 2950
1971 3021
1974 2276
1975 1978
1979 2325
1981 3038
1985 2466
1986 2763
1986 2952
1989 2942
1990 2941
1991 2198
1991 2348
1991 2755
1993 2281
1993 2836
1994 2215
1998 2449
2002 2270
2003 2061
2006 2720
2006 2908
2008 2491
2008 2494
2009 2650
2010 2717
2011 2793
2012 2901
2013 2456
2014 2567
2016 2347
2017 2738
2018 2807
2019 2580
2019 2942
2020 2989
2022 2745
2022 2979
2023 2037
2024 3085
2025 2302
2025 2557
2026 2499
2027 2271
2027 2966
2028 2444
2029 2769
2030 2226
2030 2361
2032 2479
2034 2315
2035 2786
2038 2671
2039 2286
2039 3019
2040 2402
2042 2781
2043 2812
2044 2940
2045 2074
2046 2119
2048 2385
2049 2461
2050 2383
2050 2477
2050 2737
2051 2480
2053 2270
2055 2384
2058 2442
2059 2973
2061 2569
2067 3034
2069 2296
2071 2478
2072 3012
2075 2871
2076 2529
2083 2835
2085 2874
2090 2723
2090 2765
2091 2463
2091 2656
2092 3107
2093 2770
2096 3025
2097 2220
2097 2892
2100 2109
2100 2774
2104 2375
2104 3001
2109 2213
2111 2212
2112 2668
2114 2142
2115 2429
2116 2453
2118 2152
2118 2519
2119 2438
2122 2238
2123 2787
2124 2610
2126 2257
2126 3023
2127 2905
2128 3109
2131 2615
2131 2676
2134 2431
2135 2648
2135 2699
2137 2761
2138 2199
2138 2715
2141 2198
2141 3073
2142 3015
2145 2358
2147 2191
2147 2850
2148 2553
2149 3000
2149 3010
2150 2421
2150 2964
2155 2734
2155 3075
2156 2931
2157 2827
2158 2802
2159 2728
2160 2805
2161 2394
2167 2171
2167 2187
2168 2530
2169 2669
2170 2768
2171 2926
2172 3022
2175 2383
2176 2337
2176 2725
2176 2732
2178 2817
2180 2660
2181 2815
2181 2857
2183 2768
2183 2774
2184 2320
2184 2359
2185 2889
2187 2554
2188 2897
2189 2955
2191 2581
2192 2536
2195 2316
2196 2271
2197 2216
2203 2291
2204 3112
2206 2369
2206 2773
2208 2317
2209 2329
2211 2234
2211 2542
2212 2507
2212 2530
2212 2992
2213 2338
2214 2669
2215 2508
2216 2251
2216 2591
2221 2545
2225 2562
2227 2803
2229 2368
2230 2399
2230 2470
2232 2340
2233 2430
2235 2955
2237 2959
2240 2553
2241 2859
2241 2860
2242 2389
2242 2811
2243 2459
2245 2401
2247 3002
2250 3046
2252 2870
2253 2480
2254 2706
2254 3075
2255 2849
2258 2523
2264 3003
2265 2621
2266 3022
2267 2500
2268 2412
2269 2895
2269 2907
2277 2381
2278 2789
2279 2748
2280 2935
2283 2509
2283 2635
2284 2980
2287 2916
2288 3122
2289 2908
2290 2738
2290 2810
2292 2903
2296 2619
2299 2539
2300 3092
2301 2716
2301 2939
2301 3071
2304 2619
2306 2753
2308 2359
2308 2684
2309 2801
2309 3016
2310 2824
2313 3063
2314 2858
2315 2717
2316 2697
2318 2854
2319 2429
2323 2489
2323 3008
2325 2666
2325 3070
2333 3093
2340 2764
2343 3095
2344 2360
2349 2800
2350 2833
2353 2769
2354 2936
2357 2360
2357 2996
2363 3051
2366 2688
2368 3063
2371 2536
2371 2724
2374 2762
2374 2896
2375 2422
2376 2790
2376 3074
2378 2760
2383 2594
2385 3116
2388 2967
2391 2691
2395 3075
2399 3061
2400 2782
2403 2985
2406 3103
2407 2749
2412 2812
2416 2877
2418 2867
2428 2840
2428 2997
2433 2535
2434 2562
2435 3023
2436 2518
2437 2517
2446 2822
2448 3043
2450 2633
2450 2733
2452 2712
2452 2805
2453 2692
2456 2771
2456 2878
2458 2960
2461 2728
2464 3077
2467 2489
2467 2641
2469 2992
2470 2603
2470 3101
2472 2815
2473 2665
2477 2757
2477 3078
2480 2696
2481 2590
2483 2643
2485 2654
2485 2821
2492 2874
2493 2675
2497 2889
2512 2797
2517 2833
2519 2967
2521 2551
2530 2589
2532 2705
2535 2906
2536 2687
2537 2657
2538 2576
2551 2824
2555 2644
2557 2960
2557 3031
2559 3093
2560 3006
2561 2823
2566 2671
2566 3107
2567 2893
2573 2690
2574 2770
2578 2668
2579 2899
2583 3011
2584 2753
2584 2767
2586 2667
2588 2645
2590 3099
2592 2775
2604 3055
2605 2841
2606 2973
2607 2697
2611 2893
2611 2986
2617 2722
2618 3055
2620 3006
2620 3048
2622 3073
2625 2789
2634 2824
2635 2932
2635 2979
2638 2939
2644 2983
2645 3067
2647 3018
2651 2668
2651 2981
2657 2745
2658 2976
2660 2771
2661 2718
2662 2925
2675 2855
2676 3076
2677 2721
2688 2786
2692 2778
2696 2921
2696 3082
2700 2906
2704 3030
2710 2946
2710 2965
2711 2844
2718 2804
2725 3090
2726 3029
2735 2765
2736 2844
2748 2828
2751 3031
2754 2828
2761 2974
2764 2809
2773 3096
2776 3058
2781 3069
2784 2867
2790 3000
2798 2817
2798 2998
2804 2963
2809 2863
2813 2884
2813 2987
2819 3007
2824 3104
2836 3040
2837 2970
2841 2885
2845 2856
2848 2902
2856 3044
2867 3098
2870 3074
2873 3115
2878 2988
2879 3057
2892 2912
2894 3045
2899 2983
2900 2982
2903 2919
2918 3109
2923 2949
2923 3043
2928 2929
2986 2999
2995 3044
3004 3118
3013 3059
3017 3067
3018 3048
3025 3080
3027 3033
3028 3087
3033 3122
3045 3091
3052 3122
3053 3089
3061 3106