781
0 25
0 692
1 142
1 183
1 316
1 660
2 231
2 543
3 69
3 509
3 603
4 346
4 763
5 220
5 333
6 195
6 729
7 26
8 404
9 187
9 723
10 644
11 36
11 274
11 594
12 484
13 335
13 623
14 452
14 677
15 756
15 776
16 208
17 93
17 182
17 738
18 695
19 406
20 494
21 199
21 456
22 383
23 218
23 499
24 147
24 520
25 694
26 739
27 42
27 131
27 153
27 465
28 420
29 471
29 656
30 70
30 221
31 52
31 423
31 678
32 300
32 413
33 122
33 450
33 484
34 403
35 333
35 579
36 774
37 70
37 185
38 451
39 454
39 584
40 549
40 667
41 281
42 351
43 390
43 582
43 723
44 176
45 73
45 195
45 289
46 511
46 747
47 742
48 92
49 161
49 274
49 554
50 134
51 175
51 619
51 739
52 68
52 444
52 470
53 750
54 211
54 319
54 381
55 85
55 110
56 272
56 500
56 501
56 746
57 138
57 201
57 440
57 530
57 730
58 414
58 513
58 661
59 76
59 288
60 226
61 314
62 345
63 384
64 395
64 527
65 147
65 201
66 250
66 497
67 451
67 690
68 108
69 251
71 460
71 473
71 570
72 333
73 397
74 122
74 215
75 328
75 523
75 754
76 537
77 222
77 458
77 748
78 443
79 96
79 391
79 614
80 110
80 510
80 711
81 419
82 400
82 561
82 661
83 147
83 193
83 368
84 154
85 94
86 207
86 627
86 747
87 337
87 695
88 743
89 179
89 727
90 194
90 329
91 425
91 505
91 572
91 649
92 219
92 231
93 590
93 701
93 755
94 261
94 390
94 656
95 167
97 308
97 742
98 288
98 449
98 757
99 224
100 115
100 287
100 489
100 763
101 153
101 720
102 184
102 579
103 479
104 314
104 395
105 203
105 560
105 725
106 726
107 575
108 112
108 373
109 140
111 316
111 565
111 614
112 608
113 491
113 568
114 147
114 544
115 404
115 419
115 775
116 121
116 384
116 710
117 415
118 139
118 260
118 641
119 701
119 724
120 486
120 641
120 726
121 536
121 589
121 663
123 255
124 536
124 581
124 768
125 339
125 733
126 602
126 646
127 170
128 149
129 149
129 710
130 511
130 632
132 695
132 749
133 571
133 679
133 696
134 196
134 254
134 438
135 317
135 588
135 691
136 705
136 747
137 434
137 516
138 507
140 273
141 527
141 593
143 375
143 616
143 702
144 506
144 677
144 684
145 336
145 702
146 158
146 353
146 464
148 379
148 517
149 480
150 691
151 364
151 478
152 310
152 558
154 270
154 302
154 716
155 180
155 272
155 719
156 714
157 160
157 728
158 231
159 635
160 393
161 352
162 725
162 734
163 433
164 337
164 444
165 168
165 195
165 212
166 688
167 432
167 545
167 698
168 607
169 441
169 733
170 240
170 587
170 728
171 348
171 777
172 696
173 411
174 484
175 176
176 601
177 242
177 434
177 550
177 773
178 205
178 206
178 279
178 394
180 637
181 512
182 564
183 421
184 516
185 338
186 243
187 668
188 275
188 503
189 321
190 534
191 302
191 416
191 671
192 418
192 765
193 356
194 379
195 651
196 529
196 736
197 464
198 628
199 238
200 267
202 674
203 360
203 577
203 654
204 220
204 475
205 621
206 410
207 318
208 410
209 315
209 662
210 420
212 395
212 764
213 645
214 527
215 478
216 462
217 473
218 539
219 420
219 712
222 258
222 502
223 378
223 440
224 326
224 373
225 556
225 575
225 770
226 526
226 541
227 543
227 655
228 487
229 555
230 275
230 325
230 492
231 340
231 481
232 656
232 691
233 399
234 446
235 621
236 395
236 700
237 253
237 258
238 522
238 563
239 244
239 595
240 675
241 532
241 727
242 445
243 733
245 584
245 670
246 406
246 767
247 490
247 724
247 750
248 429
248 534
249 673
249 744
250 373
250 687
251 606
252 485
253 417
253 476
254 363
255 263
255 430
256 510
256 608
257 269
259 556
261 429
261 717
262 292
264 379
265 354
265 443
266 430
266 706
267 286
267 635
267 772
268 537
268 674
269 614
271 630
273 309
273 452
274 351
274 631
274 688
275 405
276 286
276 600
277 532
278 465
279 344
280 350
280 535
281 521
281 716
282 413
282 539
283 681
283 733
284 372
284 574
284 704
285 407
286 613
286 722
287 366
289 359
290 713
291 570
291 643
292 701
293 598
294 317
295 656
296 571
297 579
298 630
298 683
298 740
299 305
299 361
301 328
301 428
301 669
303 768
304 658
304 731
306 432
307 344
308 327
310 319
310 553
310 764
311 409
312 751
313 358
313 646
315 605
318 624
320 748
321 445
322 368
323 463
324 440
324 684
325 369
325 743
327 619
329 633
330 702
331 365
331 436
332 602
333 383
334 431
334 524
336 540
337 403
338 515
341 592
342 680
343 548
345 347
345 461
346 752
349 452
351 495
351 628
353 589
354 459
354 560
354 772
355 463
356 667
357 459
357 519
359 675
360 462
360 542
361 431
362 695
365 428
367 523
369 746
370 393
371 692
374 550
375 529
375 605
376 462
377 383
377 624
377 663
377 724
378 713
379 767
380 393
380 644
382 564
384 548
384 567
385 696
385 700
386 469
387 399
387 626
388 459
389 683
390 498
390 697
391 428
391 485
392 662
394 677
396 647
397 620
398 505
398 600
399 410
399 664
401 482
401 683
402 540
402 678
402 762
403 487
403 515
404 583
404 615
406 463
406 755
407 440
408 409
409 762
410 570
410 578
411 424
412 517
413 525
414 612
415 572
419 742
420 435
420 453
421 634
421 652
422 498
422 757
424 561
425 518
425 575
426 469
426 729
427 486
428 558
428 671
430 772
432 670
432 715
433 470
434 447
434 474
434 737
434 777
435 448
437 731
438 657
439 618
441 562
442 756
443 699
446 508
446 599
447 462
449 703
450 540
455 523
455 708
456 623
456 680
457 687
459 552
461 580
461 650
461 753
462 636
465 591
465 766
466 467
466 715
468 599
468 622
470 612
471 611
471 780
472 750
473 574
475 756
477 668
479 726
483 647
484 647
486 582
486 648
488 695
488 765
489 769
492 604
493 668
494 731
496 692
499 556
501 771
502 513
504 669
506 657
508 618
512 743
514 594
517 628
520 580
521 759
522 578
522 666
524 593
524 718
526 686
528 533
528 681
530 735
531 576
531 757
533 758
535 563
538 669
540 622
545 705
546 589
546 745
547 678
549 639
550 597
551 656
551 665
555 741
557 642
559 645
559 684
566 726
568 612
569 732
573 652
573 742
576 596
579 693
585 589
585 595
585 640
586 687
586 732
588 740
592 595
592 685
596 659
598 743
606 776
609 671
610 652
610 709
617 675
620 702
623 690
623 721
625 736
629 646
629 718
638 773
642 693
650 653
653 734
658 726
663 727
670 682
670 686
672 778
673 725
676 762
680 689
682 707
688 751
689 761
694 765
705 779
714 741
731 758
732 760
738 741
746 778
773 778