781
0 502
1 123
2 209
2 532
2 764
3 64
3 194
3 319
3 681
3 768
4 179
4 188
4 535
4 603
4 772
5 40
6 74
6 417
6 754
7 682
7 700
8 362
8 617
9 77
10 61
10 72
10 525
11 306
11 599
11 749
12 526
13 194
13 690
13 749
14 33
14 201
15 460
15 652
16 27
17 112
18 477
18 510
18 699
19 168
20 755
21 558
21 703
22 503
23 651
24 79
24 132
25 80
25 343
25 490
25 713
26 207
27 489
28 339
28 640
29 101
29 229
30 134
30 691
31 105
31 689
32 216
33 265
33 382
34 463
34 701
35 585
35 674
36 56
36 271
37 578
37 611
38 146
38 175
38 776
39 369
39 462
39 761
40 118
40 239
41 460
41 627
42 353
42 455
42 690
43 575
44 405
44 448
44 597
45 349
46 59
46 400
46 427
47 238
47 624
47 724
48 389
48 420
49 669
50 746
51 173
51 387
52 699
53 471
54 438
54 621
55 774
56 574
57 99
57 263
58 69
59 449
60 171
61 739
62 212
63 494
64 84
64 148
64 259
65 296
65 401
66 215
67 186
68 339
69 773
70 200
70 273
70 300
70 312
71 112
71 299
71 481
73 266
75 276
75 449
75 471
76 267
76 732
77 114
77 698
78 349
79 303
80 327
81 156
81 471
81 530
82 660
83 546
83 724
84 443
85 246
86 162
86 187
87 285
87 562
87 774
88 128
88 446
88 536
89 218
89 361
89 366
90 531
91 617
92 538
93 508
93 540
94 203
94 682
94 753
95 399
95 645
96 138
96 333
97 160
97 221
98 648
98 668
98 694
99 368
99 710
100 526
100 571
100 687
100 765
102 161
102 217
102 551
102 661
102 750
103 232
104 229
104 464
105 282
106 190
106 458
107 345
107 474
108 342
108 683
109 130
109 170
110 637
111 224
111 586
112 237
113 248
113 539
113 630
114 307
114 661
115 695
116 598
117 195
119 315
119 341
120 229
120 345
120 476
121 392
121 619
122 308
122 693
123 124
123 177
123 219
123 578
125 462
125 588
126 330
126 346
126 729
127 275
128 312
129 694
130 193
130 253
130 388
130 667
131 159
131 666
132 243
132 269
132 521
132 570
133 675
134 268
134 292
134 450
134 559
135 226
135 473
136 319
136 775
137 284
138 431
138 666
139 235
140 418
140 491
141 469
142 640
143 538
143 726
144 557
145 279
145 438
145 543
146 163
147 641
148 185
148 691
149 334
150 272
150 384
151 275
151 502
152 661
153 175
153 486
153 770
154 316
155 452
155 583
155 666
157 756
158 243
158 356
159 322
160 449
160 531
161 503
164 336
164 444
164 696
165 700
166 309
166 624
167 222
167 326
168 771
169 234
169 764
171 500
172 488
172 523
173 645
174 294
176 373
177 585
177 722
177 778
178 291
178 714
178 722
180 208
180 515
181 320
181 411
182 608
183 257
183 629
183 756
184 690
185 469
186 681
187 579
188 520
189 633
190 483
190 656
190 774
191 259
191 447
192 639
193 283
195 203
196 255
197 677
198 360
199 318
202 352
202 445
202 550
202 616
202 765
203 439
204 676
205 588
206 313
206 484
206 670
207 459
210 676
211 230
212 557
213 329
213 669
213 697
214 619
214 658
215 490
215 647
216 402
217 415
217 613
217 735
218 746
220 311
220 396
221 478
222 609
223 315
224 229
224 598
225 393
225 436
225 513
225 659
226 382
227 268
227 284
227 718
228 593
230 324
230 766
231 246
232 325
233 329
233 716
234 463
235 310
236 473
236 514
237 589
239 386
240 258
240 712
240 730
241 485
241 716
242 256
242 325
243 489
244 296
244 354
244 646
244 742
245 419
245 505
245 593
246 381
246 479
246 549
247 740
248 591
249 435
249 537
249 557
250 437
251 655
251 677
251 701
252 432
253 277
253 715
254 379
254 581
255 358
255 635
256 351
256 767
258 437
259 294
259 321
259 511
259 517
259 635
260 287
260 737
261 299
261 669
262 553
262 559
262 663
263 498
264 580
264 773
266 452
267 770
268 731
269 574
270 665
272 631
273 348
273 385
274 304
275 327
275 728
276 772
278 416
279 463
280 400
281 763
283 335
283 650
284 394
285 686
286 368
286 692
287 638
288 380
288 642
288 747
289 653
290 494
290 507
290 540
291 334
292 758
293 462
293 601
293 744
295 480
297 429
298 499
298 739
299 543
300 616
301 567
302 472
303 407
303 472
304 344
304 369
304 557
304 641
305 359
305 396
306 381
306 567
307 380
309 347
310 343
310 516
310 596
314 467
315 400
316 620
316 734
317 372
317 407
317 413
317 613
317 730
318 690
319 451
319 480
321 533
321 579
321 704
323 512
323 609
325 354
326 577
326 721
327 428
327 649
327 731
328 775
329 430
330 522
331 366
331 376
332 586
335 404
336 730
336 752
337 555
338 666
339 634
339 649
340 527
343 528
344 391
344 470
346 604
346 660
347 424
347 620
349 438
350 457
350 500
350 744
352 459
354 660
355 742
356 653
357 547
357 684
359 560
360 418
360 702
361 656
362 569
362 583
363 392
363 684
364 708
365 403
365 530
367 592
367 615
367 709
370 539
371 468
373 382
374 712
375 738
376 622
377 409
377 679
377 771
378 442
378 609
378 772
379 486
380 454
383 756
383 773
384 727
386 597
387 637
387 703
388 552
390 486
390 636
393 498
393 682
394 590
395 436
395 727
396 595
396 731
397 552
398 492
398 565
401 736
402 694
404 695
406 505
408 537
409 418
410 444
411 548
411 647
412 554
414 682
416 778
417 440
419 555
420 450
421 772
422 775
423 481
423 769
424 680
425 742
426 739
427 582
427 638
429 544
429 697
430 467
431 727
432 441
433 720
434 502
436 723
440 688
441 496
441 497
441 582
442 534
443 505
443 766
444 447
445 523
448 600
450 529
453 463
454 760
456 535
459 541
461 762
462 575
463 745
465 527
465 767
466 623
467 605
468 584
468 735
471 672
473 556
474 580
475 543
477 719
480 515
481 763
481 779
482 617
482 662
486 515
487 615
488 711
492 542
492 545
493 763
495 513
495 702
500 757
501 678
504 647
506 572
507 627
507 693
509 759
510 566
513 689
514 644
514 708
514 734
518 610
519 663
519 676
519 700
524 593
524 720
525 762
527 670
529 777
534 594
539 564
539 705
540 573
541 702
542 690
544 725
546 590
549 706
549 743
550 612
554 714
557 688
557 700
559 607
561 721
562 613
563 605
563 740
564 626
564 651
566 733
566 767
567 643
568 626
572 722
573 694
574 614
574 632
574 759
576 594
576 639
577 657
584 592
585 712
587 729
588 726
591 625
597 689
598 696
600 719
602 634
602 678
605 757
606 752
608 703
610 632
613 673
618 762
623 641
626 636
628 632
633 656
645 695
650 671
654 761
656 665
658 662
660 738
664 780
675 772
679 694
683 728
685 689
686 717
691 772
700 748
707 772
708 751
713 780
715 738
723 755
741 780
762 774