390
0 66
0 174
0 360
1 34
1 45
2 204
2 354
3 103
3 249
4 7
4 57
4 123
4 124
4 354
5 13
5 211
5 222
5 353
6 216
6 244
6 250
8 371
9 38
9 82
9 114
9 263
9 283
10 181
11 226
11 324
12 53
12 248
13 37
14 205
14 303
15 341
16 31
16 42
16 83
16 205
16 332
17 113
17 352
18 283
18 382
19 234
19 297
20 164
21 72
21 281
21 296
22 215
23 220
23 320
23 325
24 172
24 242
25 223
26 166
26 192
26 236
27 140
27 228
28 240
29 94
30 388
32 36
32 157
33 130
33 344
33 384
34 183
35 137
35 206
36 232
38 111
38 249
39 79
39 319
40 253
41 43
41 232
41 356
42 345
44 176
44 386
45 169
45 315
46 304
47 158
48 350
48 381
49 126
50 302
51 120
51 258
52 102
52 119
52 210
52 386
53 320
54 302
55 73
55 115
55 289
55 295
56 68
56 155
58 346
59 371
60 209
60 305
61 200
61 355
62 230
63 65
64 164
64 284
64 362
65 101
65 118
65 278
66 109
66 233
67 233
68 144
68 219
68 257
69 260
69 363
70 80
70 239
71 253
71 291
71 311
72 77
72 278
72 366
73 322
74 114
75 110
75 328
76 117
76 366
77 275
78 304
78 327
79 157
79 272
81 230
82 239
84 363
85 94
85 220
85 224
86 204
87 129
87 183
88 248
89 161
89 187
89 327
90 127
90 266
90 308
90 357
91 255
92 99
92 122
92 313
93 106
94 238
95 135
95 345
95 387
96 385
97 139
97 171
97 195
97 343
98 109
98 380
99 388
100 165
100 268
100 277
101 210
101 243
101 252
102 194
104 326
105 143
106 371
107 184
107 201
108 194
108 264
109 294
111 350
111 386
112 173
112 185
112 220
115 213
116 231
116 245
119 142
119 385
120 225
120 232
120 251
121 170
121 189
121 221
121 322
121 346
122 147
122 205
124 280
124 299
125 131
125 320
126 188
126 358
128 323
129 306
129 329
129 379
130 261
132 264
133 236
133 364
134 255
136 188
137 332
138 348
138 389
141 389
142 207
143 157
144 371
144 376
145 305
145 348
146 354
147 148
149 165
149 335
150 243
151 315
152 234
152 369
153 271
153 290
153 342
154 249
156 380
157 351
157 360
158 194
159 293
160 318
162 279
163 211
163 246
166 182
166 215
167 180
167 318
167 389
168 374
170 174
171 177
175 384
176 306
178 185
179 214
179 241
181 201
181 208
181 287
182 211
184 361
186 241
187 387
188 367
190 280
190 311
191 245
191 374
193 327
194 370
196 314
196 367
197 208
197 347
198 284
199 312
201 272
201 286
202 207
203 273
203 309
212 260
213 371
214 261
217 326
218 250
218 369
220 359
222 337
223 234
226 286
227 245
227 352
228 256
229 362
229 380
230 275
232 378
235 250
237 298
237 341
237 375
239 340
239 368
240 297
240 331
240 377
241 382
242 338
243 254
243 266
243 328
247 321
247 353
248 330
249 307
250 353
255 296
256 313
256 342
259 269
259 374
260 300
262 387
265 274
265 291
267 343
267 369
269 376
270 335
275 310
275 316
276 316
277 373
279 302
282 297
285 293
288 352
291 334
292 377
293 320
293 323
299 364
301 304
302 371
304 375
305 317
308 325
309 369
310 342
312 338
312 363
316 349
318 326
318 333
318 355
321 325
327 372
328 336
332 339
338 347
355 357
355 365
358 382
358 383
369 373
378 386