97
0 28
0 53
1 53
2 22
2 86
3 48
3 87
4 50
4 93
5 27
5 30
5 66
6 43
6 95
7 10
7 52
7 85
8 49
8 57
9 43
9 94
11 56
12 18
12 40
13 45
13 92
14 51
15 30
15 45
15 50
16 37
16 75
17 72
18 61
18 89
19 47
20 56
21 60
21 76
22 47
22 88
23 26
23 56
24 47
25 30
26 57
27 64
29 48
30 46
31 58
31 86
32 41
32 82
33 39
33 87
34 81
35 45
35 52
35 72
36 96
37 85
37 94
38 60
39 63
39 77
40 80
42 93
44 87
45 70
47 63
49 81
51 88
53 62
54 60
54 65
54 85
55 58
56 83
57 82
59 89
59 90
61 72
62 74
62 79
64 71
65 73
67 88
68 88
69 95
70 96
74 78
74 95
75 83
77 96
84 96
91 96