97
0 17
0 65
0 66
0 78
1 17
2 47
2 91
2 92
3 26
3 29
3 56
4 44
4 69
5 16
6 35
7 30
8 14
8 72
8 78
9 30
9 74
9 82
10 17
11 16
11 86
11 88
12 67
12 68
12 81
13 29
13 41
14 73
15 25
15 43
15 48
16 35
16 37
16 73
18 25
19 70
20 90
21 92
21 95
22 25
23 71
24 46
24 70
24 89
24 96
25 49
25 54
25 55
26 77
27 34
27 44
27 51
28 95
30 53
31 94
32 76
32 86
33 91
34 67
34 79
35 40
35 93
36 83
38 93
39 40
39 45
40 60
41 60
41 71
42 87
43 52
46 59
47 77
48 64
50 82
52 63
57 94
58 64
58 69
58 95
60 87
61 65
62 76
64 83
64 96
65 80
67 84
67 85
74 77
75 94
86 90
92 94