390
0 303
0 366
0 372
1 50
1 230
1 367
2 199
2 280
3 255
3 385
4 389
5 160
6 287
7 80
8 138
8 167
9 94
9 372
10 191
10 209
11 301
11 344
12 26
12 96
13 96
13 196
14 87
14 186
14 225
15 90
16 340
17 189
18 235
18 319
18 389
19 386
20 47
20 247
21 174
21 240
22 339
23 299
23 388
24 190
24 280
25 37
26 371
27 94
27 95
28 31
28 180
28 239
29 114
30 87
30 138
31 232
32 99
32 113
33 40
33 284
34 184
34 255
35 112
36 190
37 216
37 311
37 316
38 55
38 368
39 47
40 188
40 388
41 366
42 352
43 222
43 339
44 109
44 321
45 279
45 360
46 270
46 382
47 54
47 169
47 194
47 325
48 279
49 240
51 201
52 199
52 220
53 286
53 345
53 383
54 106
54 200
55 93
55 241
55 329
56 61
56 257
57 103
57 240
57 317
58 171
58 243
59 224
60 75
60 226
61 66
62 90
62 128
62 347
63 78
64 167
64 248
65 285
66 71
67 88
67 374
68 205
68 243
68 306
69 300
69 383
70 100
70 111
71 352
72 300
73 174
73 310
74 133
75 219
75 310
76 227
76 255
76 333
77 131
77 288
78 347
78 355
79 82
79 303
80 196
80 251
81 126
81 349
83 371
84 213
84 345
84 375
85 159
85 204
85 284
86 99
86 336
87 232
88 91
89 100
89 299
90 266
91 110
91 173
92 227
93 337
94 300
94 346
96 361
97 136
97 181
98 114
98 290
99 153
99 326
101 377
102 126
102 331
103 276
104 120
105 158
106 134
106 150
107 160
108 130
108 268
109 123
110 181
110 279
110 353
111 278
111 311
112 355
112 382
114 312
114 348
115 230
116 119
116 131
116 197
116 324
117 154
118 372
119 128
120 168
120 219
121 141
122 192
123 182
123 326
123 378
124 227
125 177
125 250
126 135
126 151
126 308
127 204
128 242
129 297
129 332
132 139
132 284
133 150
136 267
137 229
137 292
138 273
139 298
140 369
141 325
142 176
142 238
142 359
143 262
144 290
145 282
146 187
146 332
146 357
147 224
148 320
149 192
151 212
152 206
152 334
154 155
154 212
154 272
156 207
156 277
157 171
158 319
159 269
160 349
161 251
161 283
161 318
161 370
162 255
163 254
164 219
165 322
166 198
166 213
166 363
168 291
170 292
171 271
172 350
172 358
173 335
175 328
177 312
177 384
178 283
179 360
181 183
181 313
182 267
182 294
182 343
183 265
185 267
186 207
188 236
189 364
191 218
191 223
191 259
192 239
193 204
193 238
193 379
194 208
195 308
200 219
200 244
201 228
202 208
202 351
202 352
203 325
205 290
205 340
207 362
210 228
210 269
211 237
212 259
212 339
214 257
215 276
217 254
217 304
219 274
220 329
221 371
222 275
224 267
228 341
229 267
230 361
231 261
233 364
233 367
234 299
234 383
235 284
237 351
239 304
240 353
242 256
245 269
245 357
246 302
246 347
249 330
250 260
251 266
252 277
252 358
253 306
254 337
255 378
258 327
261 327
262 379
263 370
264 309
264 338
265 328
267 315
267 346
268 281
268 355
276 287
276 387
277 373
278 356
281 293
282 301
283 309
285 321
285 330
289 291
290 296
290 339
295 296
296 321
298 344
299 327
303 386
305 317
307 312
314 370
320 371
322 359
323 373
331 334
342 362
343 365
344 367
347 358
349 354
363 377
364 380
369 381
375 376
381 383