3125
0 2105
1 629
1 1920
1 2233
2 1049
3 1429
4 1468
5 1697
6 1655
6 2256
7 1252
7 2028
8 2057
8 2693
9 546
9 1366
9 2459
10 332
10 1142
11 90
12 463
12 1114
13 1044
13 1048
13 2363
14 750
14 1976
14 2020
14 2260
15 2106
15 3073
16 1068
17 2330
18 403
18 1323
19 292
19 2426
20 346
20 2424
21 712
21 1246
22 1528
22 2389
22 2398
23 250
23 2241
24 1077
24 2065
24 3062
25 2640
25 2887
26 2490
27 1990
27 2870
28 881
28 2063
28 2918
29 63
29 450
29 1801
30 604
30 1157
30 1772
31 586
31 943
32 1780
32 2402
33 1855
34 2346
35 1869
36 2931
37 2144
38 2039
38 2215
38 2329
39 136
39 1489
40 1413
40 1833
40 2829
41 1487
42 933
42 2222
42 2514
43 1032
43 3046
44 656
44 710
45 708
45 2598
46 2794
47 2602
48 2849
48 2895
49 544
50 293
50 477
50 1150
50 2258
51 2942
52 2020
53 2389
53 2927
54 2528
55 733
56 894
57 215
57 2259
58 591
58 682
58 1639
58 1894
59 1263
59 2626
59 2819
60 2388
61 957
62 1616
62 2828
63 834
63 1301
63 1902
64 189
64 1669
65 1738
66 1221
66 1813
66 2508
67 1710
67 2592
67 2781
68 382
68 1831
69 1789
70 427
70 1551
71 2976
72 361
73 508
74 2710
75 859
75 1940
76 1016
77 1131
78 391
78 1802
78 2087
79 669
79 2165
79 3093
80 2307
80 2462
80 3120
81 782
81 884
82 1886
83 1183
84 2349
85 2675
86 278
86 1477
87 366
87 1891
88 536
88 1067
89 229
89 1718
89 3092
90 509
90 1329
91 228
91 2741
92 181
92 753
93 1424
93 2022
93 2279
93 2813
94 1195
95 1736
95 2768
96 112
96 803
97 972
97 1226
97 1393
97 2422
98 238
98 471
99 513
99 1720
99 2247
100 251
100 1606
100 1859
101 487
101 1998
101 2960
102 1109
102 1122
102 1236
103 817
103 1861
103 3034
103 3062
104 1736
104 2649
105 232
105 1644
105 2095
106 1827
107 292
108 643
108 805
109 1018
110 1595
111 2382
111 2897
111 3069
112 587
112 1526
113 2625
114 1806
115 703
115 2959
116 799
117 172
118 1887
118 2112
119 1278
119 2387
120 270
120 2670
121 2061
122 451
122 1966
122 2985
123 520
123 872
124 783
125 760
126 1390
127 966
128 1361
129 2167
130 1403
130 2221
131 2422
132 395
132 1380
132 2181
132 2630
133 535
134 913
135 1137
135 2577
136 1995
137 2608
138 607
138 900
138 1748
138 2676
139 455
139 458
139 2047
140 518
141 868
141 1724
142 1406
142 2567
142 2583
143 1099
143 1351
144 197
144 327
144 1497
145 2147
146 2848
147 767
147 1771
148 925
148 1443
148 2981
149 1209
149 1909
149 3121
150 2587
151 732
151 1285
152 641
152 1837
152 2247
152 2308
153 207
153 224
153 924
154 1038
154 2595
155 1512
155 1695
156 3097
157 285
157 452
157 783
158 490
158 545
158 1943
159 1492
160 2890
161 2829
162 1366
163 1003
163 1627
163 2071
163 2390
163 2859
164 1912
164 2980
164 3119
165 959
165 2236
166 208
166 2132
166 2840
167 2086
168 1936
169 709
169 1750
169 2782
170 3094
171 1444
172 195
172 1994
173 962
173 2299
173 2877
173 2917
173 2924
174 374
174 2865
175 2684
176 1954
177 549
177 1347
177 2016
178 2889
179 837
179 2087
180 2993
181 871
181 1259
181 2099
182 1654
183 901
184 902
184 2114
185 320
185 2435
186 889
186 903
186 2229
187 946
188 1657
188 2965
189 2022
190 517
190 2608
191 1259
191 2352
192 554
192 2354
193 952
194 235
194 951
194 2294
194 2302
195 2018
196 845
197 1076
198 1124
198 2704
199 1993
199 2230
199 2719
200 214
200 1904
200 2451
200 2703
200 3100
201 1278
201 2177
202 2921
203 583
203 1022
203 2130
204 1158
204 2766
205 1212
205 2683
206 1017
206 2892
209 383
209 1037
209 3084
210 553
211 287
212 763
213 1309
213 2518
214 2813
214 2915
215 1415
215 2932
216 951
216 1276
217 1653
217 2539
218 1824
218 1933
218 2570
219 1204
220 974
221 1931
221 2945
222 349
223 2738
225 1310
225 2250
226 2144
226 2306
227 1251
227 1951
228 1432
228 2246
229 1420
230 498
231 1745
231 2252
232 630
232 1159
233 2499
234 556
234 888
236 936
237 1578
238 255
238 1156
238 2416
239 1285
240 600
240 2288
240 2459
241 739
242 568
243 1670
243 1864
244 2537
244 2878
245 1029
245 1714
246 1375
247 1800
248 338
248 1995
249 582
250 346
250 2641
251 1430
252 1937
252 2626
253 619
253 672
254 1455
254 1797
254 3082
255 1369
255 1551
256 1442
256 1655
256 1931
256 2037
256 2837
257 644
258 1304
258 1424
258 2939
259 1119
259 1926
259 2804
260 1347
261 1985
262 1350
263 666
263 1845
264 464
264 689
264 840
265 1919
266 1523
267 408
267 1559
268 1491
268 2715
269 2116
270 1438
271 1046
272 508
272 2885
272 3079
273 1116
273 2492
273 2562
274 313
274 1654
274 2682
275 679
276 2803
277 876
277 2152
277 2542
278 1053
279 1894
279 2984
280 3096
281 788
281 3112
282 957
282 2262
282 3044
283 2221
284 2169
284 2575
284 2761
284 2782
286 1498
286 2068
287 2684
288 736
289 1601
289 3030
290 465
290 849
290 905
290 1312
291 1900
291 2000
293 755
293 1906
293 2685
294 633
294 1248
294 1987
295 599
295 870
296 2508
297 2181
298 2085
299 306
299 2869
300 856
300 1688
300 2074
301 360
301 1102
301 1696
301 3085
302 1357
302 1365
303 1739
303 2964
304 798
304 1486
305 2705
306 325
306 1907
307 1367
307 1747
307 2866
308 1964
308 2134
309 324
309 2692
309 2969
310 1371
310 2772
311 1342
311 1498
311 2593
312 1661
312 2033
314 692
314 1709
314 2536
314 2878
315 670
316 2344
317 972
318 2097
318 2214
319 1195
319 1619
320 421
320 1884
320 2027
320 2263
321 659
322 454
322 2833
323 1806
325 1235
326 611
327 814
327 1117
327 1838
328 595
328 1065
328 1421
329 1871
329 2388
330 657
331 2303
331 2965
332 1640
332 2818
333 819
333 1378
334 1888
335 1510
335 2902
336 1075
337 2278
337 3073
338 1013
338 1079
338 1434
338 1790
338 2009
339 2362
339 2929
340 2265
341 746
341 957
341 1240
341 2128
342 1552
342 3045
343 534
343 2051
344 778
344 2789
345 465
346 2657
347 1433
348 2819
349 626
349 634
349 941
349 1563
349 2384
350 749
351 1912
352 2673
352 2709
353 1619
353 2482
354 390
354 2833
355 589
355 1260
355 2343
356 678
357 517
357 1047
357 1064
357 1330
357 3092
358 1481
359 1249
359 2018
360 652
360 2492
361 1920
361 2551
362 441
362 2597
363 3058
363 3078
364 2393
365 3100
367 593
367 1200
368 631
368 2566
369 2005
369 2646
370 929
371 1652
372 560
372 1281
372 2581
372 2623
373 395
374 2680
375 436
375 2801
376 955
377 1360
377 1428
377 1733
378 1659
379 447
379 1765
380 1428
380 1781
381 2242
382 915
382 2114
383 2656
384 3114
385 1570
386 436
386 1897
386 3045
387 1237
387 2263
388 2055
389 1672
389 2086
389 2522
392 618
392 2099
393 686
393 2721
393 2782
394 779
394 1063
394 3008
395 1181
396 2673
397 3003
398 2153
398 2450
399 1822
400 2921
401 1929
401 2851
402 1178
403 2952
404 3059
405 773
405 1071
405 2190
406 1935
406 2783
407 1145
408 2216
408 2339
408 2868
409 2289
409 2355
410 1262
411 469
411 1002
411 2619
412 2407
413 1084
413 2824
414 2194
415 1795
416 2893
417 640
418 720
418 1789
419 1563
419 2133
420 1339
422 489
422 1565
422 2483
423 3112
424 1595
425 1678
425 1878
426 2695
426 3021
428 655
429 1816
430 1262
430 2597
431 2942
431 2978
431 3038
432 2168
433 997
433 2663
434 1508
434 1862
435 963
435 1479
437 1803
438 2473
439 576
439 826
439 1117
440 579
440 2457
441 2601
442 1471
443 2627
444 2702
444 3065
445 988
445 2620
446 1360
447 2111
447 2988
448 2679
449 2639
450 2948
451 2236
453 2106
455 1275
455 3049
455 3085
456 2767
457 566
457 1807
458 877
459 746
460 1591
461 740
461 1114
461 1192
461 1426
461 1450
461 2966
462 673
463 847
464 1129
465 2613
466 2154
466 2848
467 3119
468 2685
469 771
469 1630
469 2090
470 1950
471 1607
472 2090
472 2764
472 2825
473 569
473 964
473 1006
473 2817
474 1796
474 2119
475 815
475 2282
476 2110
476 3078
477 3118
478 1642
479 1502
480 2880
481 1530
481 1699
482 853
482 1997
483 2008
484 1433
484 2022
484 2350
485 1691
486 964
486 2356
487 1325
488 1288
488 3020
490 1098
491 696
491 1717
491 1731
492 1041
492 2208
493 1052
493 2260
494 1818
494 2177
494 2867
495 1267
495 1835
495 2529
496 2476
497 1400
497 2283
497 2383
498 1687
499 2382
500 531
500 1883
501 1583
501 1769
502 881
503 671
503 1896
504 1944
505 561
505 1113
506 1039
506 2187
507 2838
508 2159
508 2359
508 2870
509 1974
509 2419
509 2670
509 2821
510 2026
511 1454
511 2526
511 2571
512 597
512 766
512 2012
512 2756
512 3053
514 1921
514 1929
515 828
515 2456
515 2911
516 1007
517 1298
518 2653
519 2691
520 1014
521 1005
522 1670
523 2092
524 1419
525 1080
525 1180
525 1710
526 575
526 696
527 827
527 1197
528 747
528 2039
528 2060
529 3106
530 1865
530 1945
531 2413
531 2429
532 1277
532 2700
533 994
533 1829
534 3036
535 2204
536 1826
537 1410
538 2032
539 971
540 1061
540 1284
540 3071
541 2299
542 1994
543 1992
543 2379
544 901
546 861
546 2847
547 2732
548 706
548 2479
549 1312
550 552
550 1849
551 1153
551 2590
552 691
552 1775
553 1657
554 3038
555 662
555 1050
555 2377
556 572
557 864
557 1233
558 2042
558 2392
559 2381
559 3043
560 1125
560 1436
560 1805
562 700
563 1587
564 899
564 1376
564 2549
564 3056
565 1928
566 1468
566 1540
567 1992
568 1698
568 2437
569 882
570 2385
571 650
571 1583
571 1663
573 1973
573 2636
574 1155
576 1506
576 2432
577 979
577 1169
578 1858
579 1901
580 2571
581 1813
581 2667
582 960
582 2862
583 1899
584 2387
585 963
585 1082
585 1957
585 2294
586 2059
587 819
588 766
590 606
590 2473
590 2494
592 719
592 2579
593 1945
593 2213
593 2280
593 2831
594 2701
596 1109
596 1118
598 923
598 1107
598 2057
599 2561
600 1525
600 2873
601 878
601 2463
601 2903
601 3066
602 2480
602 2560
603 2419
604 1471
604 2872
605 682
605 1243
607 1896
608 1954
609 852
609 1609
609 1643
609 1757
609 2621
610 3110
611 1124
612 2121
612 2543
613 764
613 1125
613 2112
614 1800
615 1201
615 1504
616 967
616 1140
616 2213
617 727
617 777
617 2083
618 3075
619 1720
620 2582
621 2739
622 2498
622 3080
623 2066
623 2515
623 2973
624 984
624 1691
625 2107
625 2568
625 3037
626 1005
627 1423
628 2449
628 2968
629 3094
631 1090
632 2184
632 2727
633 1744
633 2035
634 1178
634 2712
635 1596
635 3110
636 1278
637 1359
637 2077
638 2342
638 2365
639 2062
640 3080
642 2971
643 1113
643 1598
643 2459
644 918
644 1745
645 982
646 2769
647 969
648 2029
648 2520
649 2019
649 2082
650 1761
650 2807
651 954
653 2439
654 1611
654 2025
654 2527
655 869
655 2579
657 2051
657 2223
658 2668
658 2760
658 3119
659 3019
660 1690
660 2811
661 866
661 1188
662 3101
663 1321
663 1632
664 2399
665 1374
665 1985
665 2440
665 3012
666 1233
666 3040
667 1174
667 2179
668 2179
668 2195
668 2811
669 1187
670 1231
670 2827
670 3039
673 2120
674 2446
675 1214
676 1465
676 2740
677 1491
677 1836
677 1981
678 2690
678 2832
679 1736
680 2140
681 3032
682 1320
683 1031
683 1874
684 699
684 1721
684 2778
685 2938
686 1432
687 2247
688 1621
688 3014
690 1792
690 2822
691 1367
691 1599
692 1669
692 2582
693 2161
694 1928
694 3033
695 2099
695 2659
697 1086
697 1101
697 1905
698 706
698 1800
698 2990
700 1612
701 2851
702 1629
702 1653
702 2611
703 2938
704 1395
704 2971
705 884
705 2660
706 3081
707 1189
707 1271
707 2309
707 2326
708 2527
709 1401
710 1878
711 952
711 1113
711 3011
713 891
713 2855
714 3078
715 976
715 1631
715 1943
716 2811
717 1387
717 1646
717 2930
718 1248
719 775
720 1576
720 2513
721 1571
722 1051
722 1088
723 799
723 844
724 1688
724 2478
725 1514
725 2133
726 2696
727 938
727 1217
727 1659
727 2424
727 2857
728 2616
728 2679
729 1027
729 1211
729 2318
730 982
731 801
732 2845
733 1070
734 964
735 768
735 1671
735 2644
736 905
736 1051
736 1662
737 1026
738 2051
739 945
739 2365
739 2607
739 2967
741 2274
741 2567
742 818
743 2928
744 2788
745 2967
747 1444
747 2424
748 1766
748 1923
749 1778
750 1086
751 1745
751 1973
751 2650
752 1083
754 1090
755 2076
756 920
756 2291
756 3050
757 2377
757 2653
758 811
758 2410
758 2493
758 2902
759 2719
759 3069
760 1506
761 1970
762 2679
762 3099
763 1707
765 2993
767 3116
768 922
768 2458
769 2738
769 2810
769 3013
770 2333
770 2458
772 2451
773 2838
774 1087
774 1161
775 1522
776 2232
777 3032
778 1647
778 2316
778 2393
779 1287
780 2244
780 2512
781 1257
781 1862
781 2202
781 3066
782 1808
783 996
783 1541
783 1723
784 1028
785 2165
786 2807
787 2462
789 1379
789 1483
789 1647
790 1073
790 1724
791 1316
791 1784
791 1934
792 2131
792 3124
793 1709
794 1337
794 1733
795 934
795 2203
795 2773
796 2368
796 3115
797 1291
797 2645
798 1265
800 2967
801 1450
801 2396
802 834
802 1246
802 2330
804 2974
805 2522
806 2200
807 908
807 2469
808 2382
809 2043
810 1695
810 1752
812 839
812 2602
813 1929
813 2140
813 2332
814 1991
815 3017
816 818
816 1172
816 2729
818 2396
819 1730
819 2602
820 1772
821 1459
821 1713
821 1714
822 2837
822 2923
823 1682
824 1672
824 2860
825 2332
826 2029
829 1490
830 2209
831 1331
831 1927
831 1968
831 2543
832 1568
832 1843
833 2277
834 1263
835 1327
835 1637
835 1954
836 2232
838 2423
839 1248
840 2490
840 2736
841 1072
841 1755
841 2026
841 3009
842 1697
843 2419
844 2923
845 1885
845 2335
846 2621
846 2958
848 1534
849 2649
850 1390
851 1027
852 3111
853 2232
854 1318
854 2105
855 1083
857 970
857 1723
858 1617
858 2056
860 3053
861 1042
862 2562
863 2568
865 1118
865 2979
866 2108
867 1293
867 2630
868 1307
868 1634
868 2632
868 2749
870 1513
873 1191
873 2224
873 2839
874 1141
874 2015
874 2506
875 2150
876 1647
879 1308
879 1416
879 1984
880 962
880 2627
880 2956
881 1499
881 1779
881 2163
882 894
882 2003
883 2660
884 1616
884 1831
885 1162
885 2749
886 2258
886 2293
887 2166
887 2404
888 1168
889 3011
890 1177
890 1964
890 2823
891 3106
892 2195
893 1149
893 2544
894 1075
895 2245
895 3081
896 959
896 2718
896 2766
897 1577
898 1789
899 2646
900 928
901 980
901 1028
901 1350
901 2605
902 2330
904 2067
904 2088
906 1215
906 1792
906 2000
907 1541
908 1825
909 1746
910 2729
911 2017
912 2870
913 2298
914 1333
914 2953
916 1916
916 2699
916 3016
916 3098
917 2834
918 1044
918 1471
919 2667
920 1175
920 1729
920 2008
920 2465
921 1417
921 2423
922 1091
924 2289
925 1867
925 2778
925 2908
926 1115
926 1819
926 2658
926 2748
927 2052
927 2555
929 2744
930 1211
930 1481
930 1944
931 2202
932 2102
932 2351
934 1679
935 1387
935 1392
936 982
936 1534
936 1802
936 2538
937 2635
939 2046
940 1483
940 2039
942 1310
942 2937
943 1418
943 2438
944 1648
944 2879
945 3006
946 2816
947 1383
948 2721
948 2875
949 1542
949 1673
949 3095
950 1553
951 1458
951 2555
952 1068
952 2711
953 2942
954 2200
955 1828
955 2614
956 1925
958 1096
959 3115
961 1389
961 2851
962 1002
963 2751
964 1103
965 1948
966 1232
966 2864
966 3041
967 1062
967 1503
968 1274
968 1593
968 2207
969 2301
969 2538
969 2797
970 1623
971 1069
971 1473
973 1635
973 2144
973 2983
974 1458
975 1151
975 2576
975 2841
976 2034
977 1186
977 2405
978 1769
978 2156
981 1153
981 1216
981 1767
981 2525
982 1936
983 2271
984 2487
985 1033
985 1051
985 2588
986 1356
986 1449
986 2455
987 1098
988 1235
989 2050
989 2095
989 2714
990 1616
991 2369
992 1463
992 1772
993 1806
995 1482
996 1097
996 1296
996 2308
997 1017
997 1858
997 2957
998 1815
998 2861
999 3098
1000 1477
1000 2862
1001 2672
1003 1550
1003 1888
1004 1153
1004 2418
1005 2900
1007 1132
1007 2073
1008 1589
1008 2496
1009 1972
1010 1816
1011 2413
1012 1062
1013 1391
1014 1142
1014 1656
1014 2501
1015 2615
1016 1665
1016 3122
1017 1716
1018 2812
1019 2081
1020 1077
1021 1362
1022 1439
1023 1318
1023 1361
1024 2403
1025 1375
1025 2342
1025 2417
1025 2770
1026 1427
1028 1707
1028 2116
1028 2724
1030 2175
1030 2295
1030 3075
1031 1357
1031 2078
1032 1286
1032 1783
1033 1119
1033 2319
1033 2674
1033 2785
1034 1515
1035 1219
1035 1990
1035 2322
1035 2325
1035 2639
1036 3072
1037 2196
1039 1054
1039 1221
1040 2531
1041 2120
1041 2975
1043 1743
1043 2997
1043 3072
1044 2055
1045 1590
1045 2537
1045 2933
1046 1659
1048 2800
1049 1620
1049 1880
1049 2345
1049 2460
1051 1533
1052 1860
1052 2734
1054 1753
1055 1198
1056 1548
1056 2524
1057 2180
1058 2625
1059 1944
1060 1689
1066 1343
1066 1926
1067 2677
1069 1268
1070 1261
1071 1225
1072 1230
1072 2871
1073 1923
1073 3041
1074 1336
1074 2947
1075 2069
1078 2857
1079 2931
1080 2558
1081 2098
1082 2340
1083 2201
1084 1471
1084 1712
1085 1651
1085 2830
1086 3030
1088 1520
1089 3048
1090 1256
1092 1121
1093 1426
1094 1460
1095 2717
1096 1633
1096 2350
1097 1854
1100 2471
1100 2572
1101 2117
1102 1882
1102 2281
1104 1867
1104 2889
1105 2123
1105 2524
1105 2873
1106 2033
1106 2771
1107 1570
1108 1948
1110 2223
1111 1138
1111 1139
1111 1193
1112 1377
1112 1942
1112 2696
1113 3059
1115 2494
1119 1647
1119 1682
1120 1832
1121 2160
1122 1321
1123 1820
1124 2475
1126 1136
1126 2623
1126 3062
1127 1338
1127 2742
1128 2021
1129 2466
1129 2485
1130 2458
1131 1323
1131 2378
1132 1144
1132 2248
1133 2573
1134 1607
1134 1872
1134 2443
1135 1273
1135 1385
1136 1811
1136 2634
1139 1629
1141 2092
1142 1874
1142 2158
1143 1531
1143 1734
1143 2505
1144 1332
1144 2030
1144 2199
1145 1154
1145 2136
1145 2187
1146 2332
1147 2513
1148 2975
1149 2798
1150 1658
1152 1948
1152 3050
1154 1689
1155 1788
1156 1863
1157 2061
1157 2406
1158 1573
1159 1297
1159 2434
1159 3062
1160 1668
1160 1964
1161 1996
1161 2256
1162 2089
1163 1686
1164 3028
1165 1555
1165 2072
1165 2726
1165 2940
1166 2127
1166 2189
1166 2225
1166 2786
1167 2703
1168 1518
1168 2826
1169 2548
1169 2550
1170 1327
1170 1879
1171 1903
1171 1920
1171 2075
1172 1693
1172 1698
1173 2187
1173 2707
1173 3047
1175 1363
1176 1282
1176 1856
1178 1825
1179 2624
1179 2925
1180 2899
1182 2310
1182 2338
1183 1535
1184 1229
1184 1536
1185 2347
1187 2554
1187 2849
1188 1820
1188 2545
1189 1229
1189 2217
1189 2331
1190 1807
1191 2896
1193 1853
1193 2635
1194 1790
1195 1243
1196 1911
1197 2294
1198 2034
1199 1305
1199 2916
1202 1215
1203 1814
1204 2160
1205 3075
1206 2723
1207 1940
1207 3091
1208 1459
1208 1726
1210 2399
1211 2282
1213 1710
1214 1970
1214 2642
1214 3027
1214 3116
1216 1823
1218 2186
1219 1830
1220 1354
1220 2662
1220 2874
1220 3084
1221 2669
1222 2464
1222 2775
1223 2491
1224 2681
1224 3096
1225 2188
1226 2387
1227 2775
1228 2478
1229 1341
1229 2408
1229 2616
1230 1773
1234 1579
1235 1321
1237 1741
1238 1554
1238 2242
1238 2504
1239 1291
1239 1309
1240 2609
1240 2927
1241 2642
1241 2817
1242 2261
1244 2048
1245 1382
1245 1516
1246 2234
1246 2692
1247 1751
1247 1786
1248 1819
1250 1728
1253 1378
1254 1517
1254 2787
1255 1658
1255 2113
1256 2584
1258 2260
1259 2238
1260 2641
1261 1638
1262 1303
1262 2162
1262 2268
1264 2555
1266 2418
1268 1776
1269 2446
1269 3073
1270 1348
1272 2213
1275 1323
1275 2454
1276 2347
1277 2146
1278 2565
1279 2635
1280 1841
1283 2195
1284 1774
1285 1839
1285 2825
1286 1333
1286 1973
1286 2675
1289 2351
1290 1923
1290 2150
1291 2755
1292 2205
1293 2106
1293 2423
1294 1549
1294 1653
1295 1880
1295 2414
1297 1829
1299 1626
1299 2576
1300 1900
1300 2137
1301 2753
1302 1895
1302 2476
1303 2553
1304 2863
1305 2088
1306 1681
1306 1718
1306 2428
1307 1508
1307 2846
1308 1582
1308 3051
1309 1686
1309 1977
1309 2017
1309 2628
1310 1597
1310 2436
1311 2446
1313 2743
1314 1752
1315 1530
1315 2985
1316 1641
1317 1370
1319 2862
1320 1801
1320 1850
1322 2344
1322 2481
1324 1911
1325 1774
1325 3108
1326 2393
1328 2478
1330 2556
1330 2784
1332 1653
1332 2366
1332 3015
1334 2029
1335 2082
1335 2601
1338 1494
1338 1815
1338 3067
1339 2907
1340 1960
1340 3024
1343 2497
1344 2578
1345 2509
1345 2519
1346 1640
1346 3022
1347 1759
1348 2574
1349 1504
1350 2568
1351 1425
1352 1502
1352 2713
1353 1642
1353 1774
1353 2311
1354 1814
1354 2045
1354 2210
1355 1430
1358 2285
1361 2844
1362 2756
1364 2337
1368 2801
1369 2403
1369 2744
1370 1722
1370 1974
1370 2172
1371 2969
1372 2591
1373 2084
1373 3117
1374 1581
1379 2186
1380 1828
1381 1925
1383 2259
1383 2815
1384 2839
1384 2942
1385 2032
1386 2429
1387 2799
1388 1986
1390 2192
1394 1633
1394 2618
1395 2066
1396 1826
1396 3051
1397 2645
1398 1988
1398 3090
1399 1442
1399 2104
1399 3070
1401 1406
1401 2638
1402 1528
1404 1892
1405 2737
1406 3060
1407 2103
1407 2957
1408 2435
1408 2595
1409 1611
1409 1799
1410 2004
1410 2203
1410 2255
1410 2889
1411 1452
1411 1706
1411 1787
1411 2470
1411 2632
1412 1735
1413 2046
1413 2093
1414 1511
1414 2061
1415 3040
1416 1914
1416 2963
1416 2996
1418 2981
1419 3048
1419 3054
1421 1666
1422 2823
1423 2703
1424 2361
1425 2152
1426 2732
1427 1777
1427 3031
1429 1869
1429 2717
1431 1547
1434 2231
1435 1933
1436 2056
1437 2976
1438 1737
1440 2674
1441 1842
1443 2572
1444 2808
1445 2522
1446 1472
1446 2577
1446 2686
1447 1843
1448 2153
1449 2177
1450 2374
1450 3123
1451 2653
1453 3004
1453 3101
1454 2204
1455 1996
1456 2468
1457 2473
1458 1915
1459 1852
1460 3040
1461 2363
1461 2565
1462 2481
1462 2603
1464 2226
1465 2679
1465 2935
1466 1697
1467 1921
1468 2166
1469 1852
1470 2630
1471 2100
1473 1486
1473 2409
1474 2046
1474 2472
1475 1957
1475 2879
1476 2319
1477 2579
1478 2666
1479 2946
1480 2287
1481 2044
1482 2325
1483 1620
1483 2249
1484 1885
1484 2883
1485 1612
1485 1924
1485 2515
1486 2408
1487 1617
1487 1809
1488 1682
1489 1674
1490 1580
1491 2542
1492 2478
1493 2408
1495 1738
1495 2682
1496 2015
1498 2329
1498 2534
1500 2742
1501 2040
1501 3022
1503 2160
1504 2931
1505 1725
1505 2510
1506 1963
1507 3115
1508 1911
1509 2774
1509 3045
1512 2349
1513 1626
1514 1910
1515 2871
1516 1952
1518 2842
1519 2626
1520 2730
1521 2357
1522 3046
1523 1598
1523 2029
1524 2571
1527 2784
1529 1834
1529 2423
1529 2484
1532 2021
1532 2312
1533 2491
1534 2198
1534 2397
1534 2814
1535 1661
1535 1703
1537 2387
1538 2038
1538 2433
1539 1585
1539 2761
1540 1545
1540 2665
1541 2743
1543 2041
1543 3068
1544 1999
1545 1709
1546 2394
1547 1586
1549 2286
1550 1719
1550 2722
1553 2654
1555 2731
1556 1798
1557 1784
1558 2625
1559 2161
1559 3026
1560 2748
1560 2769
1561 1940
1561 2690
1562 2583
1564 2231
1566 1698
1566 2512
1567 2516
1567 2698
1568 1791
1569 2432
1570 2121
1571 1766
1571 2323
1572 1944
1572 2385
1574 1679
1575 2656
1577 1763
1577 1782
1578 2681
1578 2689
1579 1597
1579 1705
1580 1904
1580 2191
1582 1840
1582 2079
1584 2964
1586 2777
1587 2118
1587 2921
1588 2386
1588 2776
1589 1851
1591 2462
1592 2129
1593 2069
1594 3120
1595 2349
1596 2009
1596 2122
1599 1949
1599 2709
1600 3032
1602 2099
1602 2369
1603 2157
1604 1659
1605 2683
1607 2227
1608 2951
1609 2890
1609 2986
1610 2754
1613 2481
1614 2859
1614 2876
1615 2461
1616 2298
1618 2103
1619 1928
1621 2990
1622 2989
1624 1803
1625 2401
1626 2515
1628 2918
1635 1643
1635 2239
1636 1929
1638 1684
1638 2321
1639 1881
1641 2053
1643 1947
1645 1767
1645 2793
1646 2564
1646 2888
1648 1951
1649 2151
1649 2692
1649 3000
1650 2063
1650 2629
1652 2523
1655 1864
1658 2663
1660 3066
1661 2919
1662 1959
1664 2285
1664 2466
1665 2951
1666 2753
1667 1917
1667 2284
1667 2496
1672 1827
1673 2357
1673 2833
1674 1930
1675 2698
1676 2283
1677 1978
1677 2184
1678 2473
1679 2571
1680 3025
1682 2661
1683 2448
1683 2928
1685 2395
1685 2571
1686 1890
1686 1908
1686 2987
1687 2165
1690 2687
1691 2788
1692 2637
1692 2859
1692 3097
1694 2955
1697 2523
1698 2698
1700 1934
1700 2085
1700 2453
1701 1812
1701 2805
1702 2719
1704 1885
1708 2919
1710 1840
1711 1772
1712 2820
1715 2781
1715 2933
1717 1929
1717 2938
1719 2971
1722 2501
1723 2205
1725 2138
1727 1935
1727 2124
1727 2868
1728 2868
1729 1969
1729 2701
1729 3034
1730 2193
1730 2970
1731 1988
1732 1925
1735 1843
1735 2796
1740 2480
1741 2654
1742 2345
1743 2450
1746 2919
1748 2934
1748 3076
1749 1967
1749 2795
1752 2706
1753 2509
1753 2805
1754 2191
1755 2697
1755 2950
1756 2182
1756 2570
1758 1764
1758 2004
1759 2353
1760 2126
1762 1847
1762 1924
1762 2077
1762 2313
1763 2695
1764 2257
1766 3029
1767 1780
1768 2876
1768 3028
1769 1798
1769 2214
1770 2508
1772 1982
1776 1913
1777 1817
1778 2712
1780 2672
1781 2250
1783 3083
1785 2375
1785 2855
1786 2849
1787 2792
1788 2970
1789 1844
1789 1956
1790 2749
1791 2535
1791 2540
1791 2736
1792 2113
1792 2594
1793 1979
1793 3013
1794 2344
1795 2028
1796 1855
1796 2318
1796 2559
1797 2373
1799 1955
1799 2983
1803 1839
1804 2791
1805 2032
1805 2173
1806 2760
1807 2145
1808 2235
1810 2405
1816 2214
1816 2297
1816 2346
1817 2477
1817 2479
1820 2786
1821 2719
1822 3011
1823 1949
1823 2551
1825 2705
1831 2830
1832 2330
1834 2961
1836 3087
1837 2486
1839 2041
1839 2394
1839 2919
1840 2750
1840 2849
1841 2498
1841 2989
1842 2863
1843 2758
1845 3107
1846 2181
1846 2412
1847 2222
1848 1955
1848 2407
1849 2439
1852 2493
1852 2694
1856 2702
1856 2844
1857 2365
1859 3025
1863 2051
1864 2029
1865 2531
1866 2678
1867 2179
1868 2214
1869 2164
1870 2717
1870 2819
1872 1892
1873 3003
1874 2019
1875 2260
1875 2369
1875 2965
1876 2299
1877 2174
1877 2456
1877 3027
1878 2091
1880 3021
1881 1952
1881 3048
1884 2001
1885 2267
1886 1909
1886 2461
1887 2770
1889 2784
1890 2666
1891 2420
1891 2735
1893 3000
1898 2884
1899 2294
1909 2977
1911 2010
1913 2904
1915 2802
1916 2543
1918 2420
1919 2979
1922 3090
1924 1989
1924 2043
1925 1980
1926 2584
1928 2195
1928 2859
1929 2253
1930 2337
1931 3036
1932 2353
1933 2360
1935 2116
1936 2370
1936 2643
1938 2746
1939 2104
1939 2854
1940 2109
1941 2349
1942 2129
1942 2320
1943 2556
1944 2026
1946 2346
1946 2400
1950 2748
1952 2445
1953 2494
1954 2597
1957 3122
1958 2285
1959 2157
1960 2564
1961 2847
1962 2219
1964 2891
1965 2120
1965 2272
1966 2744
1967 2168
1971 2225
1972 2575
1974 2604
1975 2739
1977 2562
1978 2550
1980 2255
1982 2763
1983 2705
1986 2762
1989 2827
1990 3008
1991 2433
1992 2147
1993 2495
1994 2775
1995 2909
1996 2806
1997 2844
1998 2727
1999 2871
2000 2644
2000 3024
2002 2125
2002 2224
2006 2691
2007 2848
2007 3086
2009 2206
2011 2150
2013 2025
2014 2052
2016 2106
2016 2737
2016 2926
2020 2507
2021 2794
2021 3120
2023 2251
2023 3064
2024 2753
2026 2302
2028 3037
2029 3057
2031 2126
2033 2115
2033 2447
2036 2432
2037 2826
2038 2358
2038 2906
2040 2475
2041 2118
2043 2595
2044 3001
2045 2062
2048 2679
2049 2483
2049 2997
2052 2993
2054 2467
2054 2586
2054 2995
2055 2843
2057 2411
2057 2678
2057 2681
2058 2233
2058 3095
2061 2108
2063 2142
2064 2510
2066 2336
2066 2544
2068 3038
2070 2959
2071 2914
2074 2464
2074 2962
2077 2244
2079 2171
2080 2411
2081 2568
2082 2148
2083 2432
2084 2825
2088 2300
2088 2373
2092 2559
2094 2459
2096 2547
2098 2651
2098 2959
2099 3019
2100 2178
2101 3052
2105 2329
2107 2370
2107 2607
2111 2231
2113 3090
2115 2323
2115 2688
2116 3040
2119 3058
2120 2476
2121 2273
2122 2668
2124 2767
2126 2220
2126 2278
2129 2973
2130 2529
2132 2307
2132 2868
2133 2271
2133 2513
2133 2589
2135 2448
2135 2654
2136 2905
2138 3103
2139 2842
2139 2925
2140 2364
2141 2378
2141 2587
2142 2578
2143 3075
2144 2338
2146 2678
2146 2738
2146 2994
2149 2547
2151 2498
2153 2391
2154 2318
2155 2543
2156 2666
2159 2292
2162 2532
2163 2185
2165 2314
2167 2214
2167 2488
2167 3112
2168 3001
2170 2208
2170 3051
2172 2765
2173 3122
2174 2745
2176 2735
2177 2212
2178 2712
2180 2876
2182 2512
2183 2220
2185 2886
2186 2494
2187 2926
2189 2221
2190 2664
2192 2922
2194 2613
2195 2415
2197 2442
2197 3065
2200 2909
2201 2837
2201 2850
2205 2688
2207 2421
2209 2831
2210 2528
2211 2528
2215 2991
2217 2275
2217 3124
2218 2610
2219 2366
2222 2243
2226 3043
2228 2602
2229 2388
2237 2615
2237 2634
2238 3052
2240 2572
2242 2559
2243 2882
2245 2940
2246 2367
2246 3072
2250 2313
2251 2898
2254 2323
2255 3074
2257 2644
2261 2767
2263 2791
2264 3046
2265 2549
2265 2562
2265 2912
2266 2877
2267 2574
2269 3034
2270 2763
2271 2379
2271 2738
2275 2652
2276 2752
2277 2539
2281 2747
2285 2349
2285 2501
2287 2594
2287 2922
2288 3061
2289 2472
2290 2838
2291 2580
2292 2585
2296 2381
2296 3101
2298 2725
2299 2487
2299 2511
2304 2324
2305 2543
2306 2964
2312 2784
2315 2564
2317 2550
2320 2668
2321 2863
2323 2617
2323 3088
2324 2776
2327 2546
2327 2736
2327 2947
2328 2555
2334 2410
2334 2593
2335 2809
2336 2622
2341 2349
2346 2739
2346 2938
2348 2515
2351 3123
2353 2891
2357 2924
2361 3020
2362 2688
2363 2633
2367 3002
2368 2596
2371 2770
2372 2616
2372 2887
2375 2776
2376 2475
2377 3113
2380 2840
2381 2401
2382 2910
2383 2432
2387 2780
2389 2787
2392 2827
2399 2946
2402 2537
2405 2783
2408 2941
2412 2998
2413 3074
2421 2645
2423 2452
2423 2530
2425 2949
2426 3042
2427 2985
2428 2834
2430 3034
2431 2899
2436 3114
2437 2831
2438 2478
2440 2554
2440 2720
2441 2787
2444 2653
2446 2472
2449 2757
2452 2680
2453 2843
2454 2893
2456 2541
2457 2467
2457 2993
2457 3043
2459 2505
2461 2836
2465 3104
2468 2622
2470 2573
2473 2853
2474 2572
2479 2739
2481 2566
2483 2935
2486 2869
2489 3101
2490 3079
2493 2838
2496 2838
2496 2858
2498 2563
2499 2635
2500 2565
2501 2523
2502 2768
2502 2972
2503 2979
2513 2855
2515 2920
2517 2882
2521 2868
2524 3055
2525 2949
2525 3010
2525 3102
2526 3063
2530 2884
2533 2613
2540 2610
2540 3077
2541 2552
2544 2816
2547 2858
2548 2773
2550 2954
2551 2787
2552 2606
2557 2977
2558 2560
2559 3045
2568 3109
2569 2702
2569 3053
2577 2938
2579 2735
2583 2723
2583 2733
2585 3005
2586 2974
2591 2634
2598 2682
2599 2683
2599 2851
2600 2923
2603 3042
2609 2870
2612 2928
2619 2777
2621 2754
2625 2726
2631 2728
2631 3094
2635 3111
2644 2684
2644 3025
2647 3027
2648 2777
2655 2971
2659 2710
2662 2800
2668 2759
2671 2784
2671 2944
2684 2779
2686 2992
2690 2798
2691 2742
2696 3076
2704 3103
2708 2936
2713 2959
2713 3013
2716 2879
2721 2982
2735 2814
2746 2833
2752 2873
2756 2955
2762 3017
2773 3035
2776 2883
2783 2982
2790 3020
2791 2943
2798 2942
2803 3061
2812 3096
2815 3007
2826 3064
2835 2984
2836 3113
2838 3018
2843 2856
2844 2976
2847 3019
2852 2860
2880 3010
2881 3020
2883 3089
2886 2967
2888 3067
2893 2913
2894 3093
2901 2978
2907 3063
2927 2968
2930 2936
2941 3069
2967 3003
2983 3121
2999 3028
3023 3099
3024 3105