6250
0 1793
0 3366
1 5298
2 548
2 1619
2 5615
3 178
3 963
3 5519
4 331
5 3756
6 1502
6 5521
7 1712
7 2035
8 3658
9 132
9 2623
9 5785
10 457
11 12
11 1500
11 4472
12 306
12 4776
13 5133
13 6133
14 2526
14 5203
14 5408
15 2830
16 6032
17 3880
18 1221
18 1910
18 4641
19 5210
20 1748
20 3511
20 4834
21 1480
22 1377
22 1984
23 5329
24 4959
25 1916
25 2959
25 4621
26 1571
26 3350
27 199
27 572
27 938
27 1488
28 1547
28 4979
29 3072
29 3077
30 2657
31 1443
31 3622
32 539
32 923
32 2107
33 3648
33 4338
34 1072
35 5558
36 6133
37 1038
37 2721
38 682
38 4182
38 5010
39 2564
39 5544
40 1367
41 2695
41 3196
42 2262
42 2512
42 3922
43 5435
44 1279
45 544
45 5850
46 1222
46 3750
47 684
47 2298
48 294
49 492
49 3702
50 1545
50 5932
51 3259
51 3529
51 4095
52 3888
53 1171
53 1384
54 1466
55 4373
55 4922
56 1206
56 2821
56 6067
57 403
57 2583
57 6039
58 1247
59 4961
59 5430
60 481
60 1226
61 467
61 5957
62 669
62 5486
63 106
63 5959
64 2625
64 3759
64 5947
65 1461
65 2489
65 4607
66 1223
66 2793
67 375
68 760
68 1382
69 1548
69 1676
70 1018
70 4634
71 1462
71 2812
71 3306
71 5488
72 6219
73 1236
73 2610
74 438
74 3848
75 4073
76 545
76 2540
77 4759
78 1145
79 168
80 5073
81 5273
82 103
82 2168
82 2870
83 326
83 4557
83 5419
84 2235
84 3371
85 1611
85 4947
85 5469
85 5508
86 1338
86 3789
87 1431
88 230
88 1965
88 3261
89 1650
90 2329
90 3453
90 4471
91 1537
91 2481
92 3121
92 4280
93 2544
93 3078
93 3182
94 1984
94 4223
94 5332
95 936
96 1279
97 2281
97 3884
98 2085
98 4020
99 2399
99 3702
100 308
100 1932
101 3568
102 6139
103 4358
104 449
104 1955
105 1498
105 2179
106 2259
107 833
107 1134
107 1486
107 4728
108 3426
108 3510
108 5335
109 3205
110 383
110 2388
110 2433
111 3747
111 5522
112 4605
112 5613
112 5663
113 3148
113 4317
113 5099
114 3402
115 5163
116 515
116 5167
117 3414
118 759
118 5778
119 3954
120 611
120 3218
121 732
121 3569
121 5442
122 2459
122 4799
123 988
124 1903
125 2328
125 2977
125 3730
126 260
126 4910
126 5134
127 5002
127 5037
128 1677
128 2412
129 3055
130 2452
131 2977
132 1589
132 2068
132 3992
132 4274
133 521
134 4128
134 5940
135 1614
135 1666
136 3826
137 2592
137 3192
138 4572
139 1519
139 5429
140 929
140 2581
141 581
141 970
141 994
141 3350
142 2619
142 5415
143 1119
143 3047
143 5375
144 5427
145 1985
145 3819
146 3334
146 5535
147 1099
147 2973
147 4779
148 828
149 1837
149 5852
150 3619
151 2495
151 4560
152 6163
153 2250
153 4110
153 4447
154 2492
154 2968
155 1469
156 3267
156 5911
157 870
157 3794
158 580
158 1323
159 761
159 2149
159 4164
160 6028
161 4114
162 1158
162 1161
162 5584
162 5884
163 6185
164 2848
164 3983
164 4753
164 5029
165 5690
166 5424
167 3329
167 5995
168 1603
168 2717
168 5905
168 5961
169 4433
170 1899
171 5053
172 885
172 937
173 1685
173 4169
174 813
174 3083
175 531
175 2051
175 2181
176 5031
177 2754
179 656
180 339
180 2195
180 4032
181 1165
181 4233
181 5451
182 5123
183 2162
184 3356
184 5391
185 342
185 2383
186 2035
186 3693
186 4619
186 6000
187 5227
187 6078
187 6217
188 3002
188 6146
189 670
189 4044
190 2477
190 2833
191 1805
191 4269
191 5113
191 6148
192 4659
193 4224
194 1397
194 2997
195 1018
195 6036
196 3537
196 3762
197 1434
197 6142
198 778
199 1011
200 2173
200 2422
200 3274
201 1538
201 1742
201 5640
201 5879
202 1999
202 4999
202 5004
203 1658
203 2775
203 3663
204 3783
204 4593
205 3529
206 390
206 3863
206 5841
207 4561
208 4819
208 5966
209 6037
210 3493
211 569
211 3422
212 2465
212 3561
212 4358
213 1896
213 3914
213 4436
214 3195
214 5287
215 4740
216 927
217 725
218 3296
218 4414
218 5921
219 2844
219 4737
219 6130
220 1517
220 2950
220 3361
221 1080
221 1175
221 5376
222 5641
223 3322
223 4975
224 2538
224 2598
225 3145
226 577
227 5802
228 5792
229 1763
229 3424
229 3946
230 3109
230 5513
231 2218
231 5703
232 824
233 2257
233 3232
234 3638
235 1079
236 4159
236 4926
237 5027
238 1243
239 1585
239 2476
240 4078
241 5115
241 6175
242 5228
243 3203
244 2708
245 405
246 2094
246 3379
247 3446
248 338
248 6102
249 2068
249 2381
250 480
250 6070
251 880
252 1932
252 3537
252 6247
253 254
253 3363
253 3436
254 2516
255 3089
256 3108
257 1116
257 2533
257 5728
258 4359
259 1032
259 2435
259 4049
260 1570
260 2085
260 2567
261 2245
261 4485
262 501
263 4208
264 396
264 2846
265 1214
266 434
266 4434
267 1514
268 387
268 3854
269 3468
270 1893
270 5080
271 1031
271 5246
272 4349
273 938
274 1427
274 6026
275 4328
276 2471
276 4059
276 4663
276 5142
277 5348
278 3251
279 1652
280 6035
281 2126
281 2267
282 854
282 3414
283 2753
283 2889
284 425
284 2848
285 2810
285 2835
286 907
286 5184
287 575
287 4361
287 5128
288 332
289 1567
290 1254
290 3206
290 4558
291 1385
291 3454
292 1709
292 2322
292 3094
293 2222
294 392
294 2116
295 781
296 2276
296 3562
297 3406
297 5883
298 3781
299 1893
299 2200
300 5089
301 2718
302 553
302 3109
302 3150
302 4325
302 5212
303 1140
303 4237
304 2156
304 4639
305 1504
305 4675
307 3366
308 631
308 1225
308 2664
309 662
309 1006
309 2124
310 352
311 1033
312 3432
313 2876
313 4224
314 3898
315 4179
316 1917
316 5316
316 5501
316 5786
317 1624
317 2444
317 3029
318 1228
319 2639
320 1559
320 5148
320 6194
321 2984
321 3869
322 5136
323 4203
324 3629
324 4640
324 5536
325 1181
325 1975
325 2145
325 2319
325 3026
326 461
326 5457
327 5975
328 2760
328 3776
329 614
329 1450
329 5982
330 2976
331 3068
332 1032
332 2274
332 2575
333 5444
334 2078
335 2006
335 2680
335 2937
335 3497
336 3609
336 4201
337 2717
338 1799
339 3440
340 2283
341 5813
342 1486
342 5440
343 400
343 831
343 5637
343 5998
344 2570
345 457
345 2761
346 2349
346 5538
347 4480
348 5763
349 2878
349 5280
350 4076
350 4689
351 599
351 1153
352 1674
353 1891
353 2542
353 5955
354 674
354 2904
355 357
355 5516
356 869
356 1529
356 1792
356 3122
356 3142
356 3893
358 407
358 1747
358 1782
358 3230
358 4049
359 3223
359 6045
360 4235
360 6200
361 707
361 2144
362 1212
362 3862
363 4603
363 6186
364 4552
364 4953
365 792
365 2768
365 4215
365 5746
366 1201
367 1487
368 2712
369 979
369 5885
370 1485
370 2965
371 3596
372 5270
372 5739
373 2314
373 3305
373 3697
374 4787
375 4276
375 5678
376 5658
377 467
378 2121
378 2780
378 5455
379 1483
379 5758
380 1046
380 4986
381 5982
382 6064
383 726
384 3656
385 826
385 992
385 3742
386 810
387 1407
387 2820
388 1302
388 1539
388 3262
388 3610
388 6159
389 5205
390 5243
391 1376
393 621
393 5988
394 5995
395 4379
395 4941
396 2700
396 5916
397 4085
397 4325
398 805
399 3140
399 4395
400 1336
400 1434
400 5291
400 6234
401 1557
401 4425
402 683
402 3437
404 4947
405 722
405 896
406 1431
408 3400
408 5706
409 3503
409 5999
409 6025
410 961
410 3054
410 3083
411 6225
412 2325
412 3008
413 1194
413 1992
413 3173
413 4844
414 3876
415 4227
416 793
416 3326
416 4315
417 3514
417 3640
417 4487
418 6013
419 995
419 2175
419 6099
420 1355
420 4489
421 2783
422 5393
422 5877
423 1753
423 3761
424 5016
426 5902
427 6047
428 3791
429 562
429 4453
430 877
430 1509
431 2280
431 2646
431 3465
432 1616
432 1968
432 5201
433 2036
434 893
434 2638
435 1522
435 2759
436 2817
437 4306
438 2400
438 2746
438 3042
438 6007
439 1463
440 3757
440 5781
441 3461
442 6123
443 511
443 4874
443 5048
444 4063
444 6242
445 3691
446 1806
446 2155
446 5852
447 2596
447 6080
448 5183
450 3455
450 5750
450 6111
451 5026
452 3268
452 6115
453 2558
454 1484
454 1604
454 3695
455 3904
456 859
456 2345
456 4563
457 2106
457 5185
458 982
458 2181
458 2572
459 1601
459 4750
460 4789
460 6030
462 2909
463 496
463 4380
464 1042
464 2124
464 3684
464 4235
465 3745
465 4538
465 4597
466 1019
468 4906
469 1443
469 5023
470 5158
470 6150
471 1348
472 2292
472 3781
472 5779
473 4191
474 1508
474 2434
474 4231
474 4357
474 4814
475 922
475 4516
476 1736
476 5905
477 4263
477 4285
478 1923
479 659
479 2448
480 5549
481 3186
482 5005
483 4986
483 5646
484 2977
485 3130
485 3221
486 5487
486 5955
487 1747
488 1436
488 5918
489 707
489 2946
489 3609
489 5558
489 5914
490 6241
491 1213
492 5075
493 4340
494 4275
495 1424
495 4445
496 1627
496 4162
497 766
497 3789
497 5892
498 1322
498 3798
499 620
499 2201
500 1075
500 1083
500 5288
500 5441
501 5855
502 830
502 3461
503 2374
504 5093
505 5699
506 1599
506 2521
507 3831
507 6132
508 2699
508 3276
509 5064
510 579
510 1927
510 2533
511 2334
511 4819
512 4180
513 872
514 4677
515 950
516 2166
516 4588
517 2026
518 3234
518 4210
519 1381
519 5383
519 5869
520 2188
520 4564
520 5438
521 2230
521 5851
522 5193
523 797
523 1013
523 4803
524 1282
525 1460
526 3349
526 5306
527 3389
527 3886
527 4692
527 4820
528 1796
528 5783
529 4593
530 3844
530 5362
531 2537
532 545
532 738
532 3131
533 4920
534 2115
534 2224
535 5148
536 3230
536 3401
536 3652
536 6003
537 2868
538 2551
538 3498
540 4329
541 1417
541 1457
542 2456
542 4349
543 3141
543 4892
543 5040
543 6098
544 1098
546 3192
547 2451
547 3035
549 4933
549 5836
550 5876
551 2177
551 3872
552 2464
552 4580
553 3396
553 6107
554 3346
555 1139
555 4599
556 4031
556 5461
557 5708
558 4143
558 4546
559 1234
559 6125
560 1242
560 4366
560 4414
561 4761
563 1470
564 4529
564 5359
565 2688
566 3650
566 5703
567 4648
567 5208
568 1093
569 6091
570 1465
570 2610
571 3321
573 1929
573 4890
574 5523
574 5759
574 6035
575 866
575 5871
576 3665
577 4746
578 5801
579 4528
580 1732
580 2132
580 3300
580 6216
582 2648
583 3869
584 920
585 2858
585 3052
586 1891
587 999
587 4625
588 3136
588 4197
588 5701
589 2229
590 4576
591 1788
592 3144
592 4252
593 4532
593 4796
593 5259
594 2440
595 1538
596 1707
596 2916
596 4783
597 2586
598 632
598 2437
598 2614
598 3788
599 673
600 1172
600 2739
601 1245
602 3582
602 6208
603 5310
603 5547
604 2241
604 2789
605 3193
606 4175
606 5309
607 2868
607 3049
608 2287
608 3477
608 3735
609 2416
609 3500
609 4515
609 6029
610 2095
610 3299
610 5316
610 5389
611 4268
612 931
612 3723
613 3691
615 2540
616 5167
617 2924
617 3468
617 3939
617 5714
618 1705
619 4657
620 3838
621 4873
622 4626
623 1613
624 1610
624 4851
624 5825
625 5032
625 5143
626 3333
626 5298
627 2771
628 2474
628 5308
629 2137
629 2156
630 5539
631 2294
633 4382
634 882
634 3648
635 2103
635 2953
635 3933
636 1214
636 1719
637 5787
638 4253
638 6029
639 758
639 958
639 4537
640 1273
640 4036
641 807
641 4417
642 5152
643 3645
643 4083
644 3825
644 5920
645 2498
645 2672
645 4824
646 4984
647 1623
647 4361
647 5626
648 1320
648 3115
649 3136
649 3525
649 3528
650 3975
650 5938
651 2263
651 2389
651 2793
651 2978
651 5300
652 715
652 5414
652 5678
653 3176
653 3332
654 4989
655 3996
655 4146
656 5262
656 5683
656 5703
657 3412
657 4102
658 2441
658 3468
659 2409
660 3780
661 2508
661 4304
662 4330
662 6053
663 1555
664 1567
664 3633
665 4993
666 1800
666 3865
667 1530
668 4402
671 3358
671 5106
672 2191
672 2850
674 4813
675 2940
676 2831
676 4870
677 2125
677 3638
677 5413
678 1408
678 2046
679 1423
679 5721
680 2014
680 5064
680 5385
681 1129
683 5293
683 5895
684 2216
684 4704
684 5429
685 1369
685 3249
685 4129
686 3724
686 4792
686 5529
687 4360
688 1481
688 5301
689 4428
689 4756
690 4001
691 761
691 2739
692 5107
693 5453
694 3360
695 774
695 1875
695 6170
696 4091
697 2640
698 3166
698 3453
699 5913
700 3568
700 4562
701 2873
702 1514
702 3839
703 1562
704 1080
704 2396
704 3066
704 4515
705 1968
706 1026
706 2146
706 2608
706 5332
708 2210
708 4630
709 4999
710 3554
711 2682
712 785
712 2812
713 3840
713 4139
714 1242
714 1490
714 2493
714 2686
714 3519
714 5705
715 4850
716 1422
716 2677
716 4327
717 2544
717 6026
718 5658
719 787
719 4152
720 825
720 3515
720 5618
720 5979
721 906
722 2545
723 821
723 3546
724 1059
725 985
725 2217
727 2128
728 4196
729 3778
729 4475
729 5315
730 924
730 5174
731 2168
731 2985
733 803
733 1447
733 2463
733 3433
734 3121
735 2236
735 2737
736 1593
737 3316
737 3918
737 4292
737 5836
738 3971
738 5694
739 1601
739 3887
740 2462
741 2208
742 1887
742 1932
742 4068
743 5570
744 2380
744 5412
745 4807
746 912
746 1961
746 3487
746 5032
747 3179
747 3296
748 1740
748 3599
749 2457
750 1088
750 5434
750 5665
751 3331
751 4513
752 2699
752 5356
753 2888
754 3777
755 3740
756 2689
756 2882
756 5181
757 1631
757 4920
758 1202
758 1331
762 6054
763 5036
764 2812
765 6053
766 836
767 1084
767 4726
768 4682
769 3693
769 4323
770 2412
770 3768
770 5631
771 1324
772 4937
773 4356
773 6108
774 2900
774 5430
775 2508
775 2622
776 829
777 5304
778 3793
779 3753
779 5531
780 5797
781 2596
782 3136
783 5400
784 1954
784 1971
784 2241
784 4121
784 4722
785 1362
785 5910
786 4192
787 1162
787 6033
788 5448
788 5614
789 2354
790 4534
790 6137
790 6204
791 3587
792 1595
792 3866
793 1403
793 6108
794 3061
795 1786
795 2562
795 5866
796 5288
797 4252
798 3444
798 5942
799 4129
800 1098
800 1808
801 3796
801 4496
801 4998
801 5717
802 1145
802 3888
802 5734
803 2205
803 5170
803 6039
804 5789
805 1135
805 4612
806 983
806 1192
806 1203
806 3393
807 2754
807 3558
807 4092
808 911
808 4889
809 6008
810 1227
810 3976
811 4726
812 991
812 4572
813 6129
814 2928
814 4549
815 3890
816 1553
816 6018
817 4212
817 5680
818 3740
818 6088
819 1264
819 2606
820 2839
820 6201
821 5629
822 1346
822 4377
823 2566
823 2993
823 4897
824 4900
824 6228
825 4272
827 1731
827 5479
828 1382
828 4250
828 4866
829 1117
830 3442
830 5051
831 5350
832 2966
834 1004
835 3601
835 5337
836 2083
837 6095
838 4186
838 4288
838 5387
839 4533
840 1718
840 2886
840 5271
841 3317
841 5404
842 1627
843 2098
843 5140
844 2744
845 6084
845 6164
846 5564
847 5324
848 4516
849 1669
849 4287
850 6007
851 3540
852 2355
852 3349
852 3945
853 2124
853 5019
854 951
854 3927
855 2818
855 3578
855 4111
855 4149
856 5284
857 3367
858 2976
858 4274
859 3017
859 3877
860 3482
860 4305
861 1096
861 1536
861 4130
861 4889
862 3226
863 5805
864 2021
864 2534
864 2795
864 5847
865 2012
866 1008
866 5081
867 874
867 2170
868 3260
871 1704
872 3357
872 4213
872 5851
873 4175
873 5320
874 1963
874 3236
875 4005
876 3924
877 4719
878 1053
878 3425
878 3865
878 4861
879 4073
880 2097
881 4148
882 2991
883 2747
884 2897
884 6242
885 1560
886 2507
887 5103
887 5585
888 4805
888 5411
889 2140
890 1069
890 3908
891 1810
891 1923
892 1583
892 2074
894 1472
894 1900
894 4956
895 4237
895 5770
897 2959
898 5611
899 3789
900 3228
901 1304
901 2589
901 5262
902 5416
903 1480
904 1881
904 3586
904 3947
905 4859
905 4979
906 2717
907 2184
908 2375
909 5664
910 3297
910 5120
911 3619
911 5992
912 3265
912 5558
912 5674
913 4000
914 3801
914 5840
915 3247
916 2253
916 5236
917 1620
917 3299
918 5251
919 1663
919 4059
919 4070
920 2645
921 1886
921 2629
921 4011
922 2680
923 3747
923 4310
923 5732
923 5814
924 1389
925 4353
925 6169
926 2002
926 2266
926 2440
926 4383
927 4363
927 4746
928 2055
929 2502
930 2715
930 4430
931 1312
931 1643
931 5015
932 3729
933 1392
934 2177
935 2354
935 4754
936 2855
936 5472
937 3093
937 4398
937 6210
938 1907
938 2658
938 3758
938 5553
939 3804
940 1370
941 2140
941 3821
942 5262
943 2646
944 2285
945 1162
945 1521
945 2379
945 4535
946 1592
946 6017
947 5592
948 1608
949 5447
951 1124
952 4752
953 2491
953 3114
954 1600
954 2228
954 5340
955 3629
956 2566
957 3691
957 4478
957 5565
959 1843
959 1885
959 2175
960 5087
962 3352
962 5576
962 6241
963 2372
964 2181
964 4823
964 5425
965 1651
965 1941
966 5654
967 2584
968 4645
969 2278
971 1758
971 2584
972 1596
972 4511
973 1629
973 1774
973 5251
974 4985
975 2086
976 4679
977 1223
977 5044
977 5208
977 6197
978 1041
980 2680
980 6042
981 4628
981 5695
982 1665
983 1263
983 1960
983 6028
984 4351
985 4608
985 5732
986 5097
987 1363
987 5945
988 2679
988 6121
989 1134
989 1585
990 5833
991 1473
992 5839
993 2627
993 4972
995 2014
995 3103
995 5794
996 1761
997 4053
998 1337
998 5399
998 6230
999 3159
1000 3344
1001 1849
1002 1179
1003 3210
1004 4796
1005 5261
1006 1922
1006 5008
1007 4178
1008 4497
1009 2882
1009 5393
1009 5972
1010 2109
1010 5627
1010 5855
1012 3855
1014 2285
1014 2588
1015 2119
1015 3804
1016 4964
1017 2374
1018 2975
1018 5136
1019 2134
1019 2626
1019 3640
1019 5174
1020 1854
1020 2027
1020 2426
1021 3190
1021 3480
1022 3952
1023 3615
1023 4801
1024 1735
1024 1928
1025 4369
1025 4816
1026 1701
1026 3907
1027 4531
1027 4904
1028 1210
1029 1159
1029 1166
1029 4160
1029 4297
1029 6067
1030 2277
1030 2744
1031 2153
1033 3580
1034 4576
1034 6136
1035 2411
1036 1342
1036 4629
1037 4789
1037 5197
1039 5102
1039 5527
1040 2912
1041 2741
1041 5229
1041 6129
1043 1091
1043 4277
1043 5078
1044 3051
1044 5900
1045 2307
1045 2490
1047 4251
1048 1108
1048 6140
1049 1188
1050 2145
1050 3617
1051 2286
1051 4920
1052 3065
1053 1459
1053 2809
1054 3720
1054 4182
1055 4836
1056 1355
1057 1393
1057 3937
1058 3157
1058 3678
1058 3711
1058 4106
1059 2074
1059 4002
1060 2170
1060 2407
1060 5223
1061 2913
1062 5870
1063 1682
1063 2581
1063 5346
1064 3662
1065 2962
1066 5315
1067 2555
1067 4411
1068 1078
1068 2297
1068 5891
1070 1127
1070 2881
1070 3403
1071 1571
1071 1613
1072 1297
1072 1507
1073 1259
1074 3195
1074 3842
1074 5722
1076 4001
1077 4353
1079 4938
1079 5682
1080 4859
1081 1882
1081 3989
1081 4196
1082 4192
1083 4358
1084 1360
1084 3973
1085 1269
1085 5305
1086 2953
1086 5499
1087 1139
1087 1296
1088 4096
1089 1482
1090 1898
1091 4538
1091 5224
1092 1409
1092 3528
1092 5104
1093 5975
1093 5981
1094 1830
1094 3904
1095 2845
1096 2914
1096 5897
1097 1626
1097 5839
1098 5090
1100 1931
1101 5109
1101 6127
1102 3273
1102 5669
1103 1376
1104 3918
1104 3995
1105 3211
1106 2627
1106 2900
1107 1156
1107 5509
1108 4833
1109 4085
1110 2337
1111 1755
1111 2196
1112 2812
1113 5701
1114 3876
1115 3850
1115 6231
1117 2482
1117 5473
1118 2552
1118 5533
1120 4373
1120 5757
1120 6227
1121 2879
1122 1452
1122 2539
1123 5368
1123 5491
1125 3931
1125 6247
1126 5819
1126 5820
1127 2968
1128 4177
1129 1217
1129 2722
1129 5951
1130 3474
1130 4089
1131 1623
1132 2546
1132 6136
1133 3277
1133 5797
1135 3250
1135 6145
1136 1803
1136 3734
1137 3762
1138 3210
1139 2259
1140 2104
1140 2546
1141 2541
1141 2863
1142 3032
1142 3842
1143 5022
1143 5161
1143 5984
1144 1569
1144 2188
1145 2613
1145 5574
1146 5003
1147 3130
1147 3951
1148 2273
1148 5394
1149 1255
1149 4655
1149 5083
1149 5569
1150 3646
1150 3697
1150 3869
1151 1835
1152 3557
1153 3081
1154 3174
1155 1809
1155 3140
1156 2616
1156 4517
1156 4598
1156 5111
1157 2456
1157 4929
1158 1459
1160 3476
1160 6215
1163 3631
1163 4014
1163 5854
1164 2045
1167 4661
1168 2251
1168 2779
1169 2194
1170 2300
1170 4401
1170 4926
1171 3806
1173 1724
1173 5153
1174 1391
1174 5203
1175 2347
1175 5011
1176 1663
1177 3894
1178 4889
1179 3095
1180 6079
1181 3307
1182 4404
1182 5665
1183 5573
1184 2668
1184 2885
1184 3279
1185 4037
1186 5157
1187 4160
1187 5322
1188 4523
1188 5141
1189 1295
1189 1845
1190 2633
1190 5719
1191 4708
1192 1413
1192 2530
1193 1842
1193 2657
1194 6090
1195 2838
1195 4678
1196 2732
1197 1513
1198 2648
1198 3726
1199 1858
1199 3238
1200 1418
1200 3823
1200 5230
1201 2787
1201 3932
1202 5616
1203 2535
1204 2072
1204 4290
1204 5178
1205 2743
1205 2970
1205 3920
1207 3024
1207 3682
1207 5436
1208 2463
1208 4466
1209 2460
1210 2656
1211 4340
1213 2978
1213 4297
1214 3391
1215 4561
1215 5506
1216 4993
1216 5836
1216 6088
1218 3587
1218 4590
1219 4541
1220 1471
1220 3227
1221 2362
1221 2755
1221 5691
1221 5692
1222 2729
1223 2211
1224 3505
1224 3589
1226 3205
1227 3330
1228 2576
1229 2543
1229 3099
1229 4663
1230 3806
1230 4148
1230 4715
1230 5281
1231 3490
1232 3552
1232 5336
1233 4590
1234 5585
1235 2738
1236 5811
1237 2348
1237 3007
1238 1295
1238 3663
1239 3968
1240 1562
1240 2457
1240 3832
1241 1479
1242 2411
1243 1701
1243 2654
1244 5477
1245 5964
1246 2262
1246 6109
1247 3688
1248 2253
1248 3138
1249 1277
1249 1636
1249 6066
1250 3384
1251 3291
1251 4053
1252 2539
1252 4233
1252 5152
1253 2554
1253 4601
1254 2240
1256 4281
1256 4365
1257 5194
1258 1926
1258 3769
1259 4388
1259 4503
1259 4839
1260 4020
1260 6210
1261 4596
1261 5188
1262 4346
1265 4403
1265 4453
1266 2541
1267 3257
1267 5007
1268 3920
1268 4736
1269 3168
1270 2857
1270 4139
1270 4679
1270 5027
1271 4014
1271 4463
1272 1826
1273 1496
1273 3878
1274 3423
1274 3849
1275 1423
1276 1679
1276 2260
1277 2971
1278 4650
1278 4878
1279 2711
1279 5130
1279 5833
1280 5840
1281 3794
1281 4312
1282 2075
1282 5632
1282 6128
1283 4562
1284 3089
1284 4187
1285 5960
1286 5951
1287 3436
1287 5226
1288 3382
1288 4379
1288 5479
1289 3688
1289 5409
1289 5991
1290 5097
1291 2602
1291 4282
1291 5125
1292 5602
1292 5808
1293 1789
1293 3379
1294 1579
1294 4255
1294 5814
1295 3645
1297 3452
1298 3354
1298 5342
1298 5862
1299 1557
1299 4959
1300 2446
1300 4015
1300 5146
1301 1721
1301 5869
1302 2050
1303 2183
1304 4389
1305 3828
1305 5317
1306 3744
1307 1746
1308 3964
1308 4507
1308 5410
1309 1733
1310 1533
1310 4936
1310 5266
1311 2556
1311 2843
1311 2881
1313 1524
1313 2507
1313 2966
1313 4030
1313 5964
1314 3216
1315 2910
1315 5247
1316 1525
1317 2882
1317 3994
1318 1975
1318 2735
1318 5363
1319 3841
1319 5455
1320 3679
1321 2827
1321 3028
1322 2847
1322 5314
1322 6109
1323 4251
1324 2119
1324 4868
1325 4272
1325 5381
1326 3405
1327 2145
1328 1796
1328 2545
1329 4231
1330 3795
1331 5600
1332 3079
1333 2737
1333 3886
1334 1582
1334 3479
1334 6147
1335 4704
1337 4700
1338 5215
1338 6022
1339 4399
1340 1611
1340 3889
1340 4242
1341 1485
1342 2035
1343 2572
1343 4416
1344 3756
1344 6140
1345 3955
1345 4298
1346 2005
1346 4473
1346 4714
1346 5493
1347 1690
1347 1862
1347 2756
1347 4504
1347 5462
1348 2219
1348 2651
1349 4633
1350 5089
1350 5189
1351 1836
1352 1651
1353 2392
1354 4880
1354 6249
1355 2464
1356 2308
1357 2525
1357 4474
1358 3319
1359 3721
1360 3813
1360 4883
1361 1752
1361 3134
1361 4102
1361 5902
1361 5968
1362 3320
1362 4036
1363 2233
1363 3358
1364 2523
1364 3401
1364 4663
1364 5563
1365 3771
1365 4443
1366 1490
1366 5283
1367 2112
1368 1450
1368 3960
1368 4550
1369 4595
1370 2827
1370 3194
1371 2250
1372 2771
1373 1596
1373 3919
1374 4673
1375 2736
1375 3549
1376 1659
1377 3061
1378 3952
1379 3978
1380 3019
1380 5933
1381 2365
1382 5466
1383 2293
1383 3680
1384 4042
1386 3804
1387 2772
1387 3425
1387 4790
1388 2230
1388 5683
1388 5835
1389 5286
1390 1592
1391 3953
1391 4418
1392 5945
1393 6101
1394 4536
1395 4334
1396 3532
1396 4008
1396 4514
1397 2542
1397 5322
1398 2536
1399 4521
1399 5764
1400 1913
1400 4782
1401 3882
1401 5334
1402 4491
1402 6155
1403 1555
1403 5796
1404 2476
1404 3540
1404 4905
1405 3065
1405 3655
1405 6120
1406 1911
1406 4079
1408 3073
1410 1553
1410 1934
1411 2663
1412 2906
1413 3483
1414 5553
1415 5113
1415 5776
1416 3796
1417 5603
1419 5756
1420 2565
1420 6050
1421 2149
1421 2859
1421 4151
1422 6074
1423 1976
1423 3435
1423 3676
1423 4847
1424 2010
1425 3033
1425 5059
1426 4604
1428 2871
1428 3766
1429 2426
1429 2480
1429 5193
1430 2602
1431 3598
1432 3074
1432 5435
1433 5066
1433 5380
1434 3444
1435 3705
1436 1850
1436 3335
1437 1580
1438 5672
1439 3060
1439 3083
1439 5438
1440 2363
1441 3146
1441 5355
1442 3691
1443 4960
1444 3012
1445 1969
1445 5135
1446 5631
1446 5723
1447 2550
1447 3290
1447 4131
1448 1910
1448 2880
1449 1874
1449 3670
1450 2182
1451 2534
1452 5404
1453 1699
1454 1508
1455 4257
1455 4443
1456 5505
1457 2026
1457 4455
1458 2901
1458 4495
1459 5411
1459 5541
1460 5212
1462 6012
1463 5951
1464 3285
1464 5247
1465 1611
1465 4303
1466 1720
1466 5510
1467 2447
1467 3423
1467 3803
1467 3973
1467 5158
1468 2151
1468 3009
1468 3209
1469 2635
1470 2010
1470 2171
1470 3819
1471 4000
1472 4015
1473 4327
1474 3097
1475 2092
1475 4007
1476 3699
1476 5039
1477 1619
1477 2052
1477 2983
1478 5719
1479 5620
1480 3214
1480 3935
1482 1668
1483 3950
1484 2557
1485 2987
1485 4659
1486 1958
1487 1809
1487 2844
1487 3757
1489 2947
1489 3245
1491 2189
1492 4632
1493 4502
1494 1803
1494 2443
1495 2995
1495 3027
1496 4949
1496 5537
1496 5587
1497 1966
1497 3521
1497 4918
1498 2879
1498 5195
1499 1795
1499 6137
1500 3272
1501 2702
1503 2999
1503 4848
1505 2910
1506 4927
1508 2547
1509 2281
1510 1816
1510 4166
1511 3637
1511 4982
1512 2568
1512 2881
1512 4664
1513 4846
1514 4411
1514 4555
1514 5853
1514 5938
1515 4344
1515 4753
1516 4062
1516 4540
1516 5932
1517 3966
1518 6109
1519 4173
1520 3649
1522 4446
1522 4559
1522 4565
1523 2337
1523 2728
1523 4577
1525 2685
1525 4442
1526 5787
1527 3257
1527 5123
1528 4413
1530 2075
1531 2638
1531 5827
1532 1734
1532 3030
1532 5898
1533 2019
1534 1939
1535 4653
1535 4735
1535 6168
1537 1779
1537 4108
1537 5535
1538 2967
1538 4080
1539 4831
1540 3551
1540 3817
1541 2083
1541 2439
1542 5733
1543 2119
1543 3057
1543 5714
1544 2698
1546 3461
1546 3721
1547 3385
1547 4830
1547 5402
1548 1566
1548 3458
1548 5107
1549 4966
1550 3380
1551 2174
1551 4697
1551 6042
1552 1790
1553 1682
1554 3763
1556 4420
1556 4764
1558 4554
1558 4650
1561 5081
1561 6104
1562 2788
1562 5879
1563 3021
1564 6178
1565 3269
1567 5015
1567 5164
1567 6082
1568 2187
1568 3600
1569 2709
1569 3343
1569 4981
1571 2641
1571 4239
1572 1588
1572 4218
1572 4462
1573 3993
1574 2299
1575 2307
1576 4990
1576 5530
1577 4615
1578 5108
1578 5515
1578 6110
1579 2726
1579 3310
1579 6043
1580 1850
1580 4547
1581 2394
1581 5355
1581 5809
1582 6014
1584 2415
1586 2251
1587 1746
1587 1840
1588 2032
1588 3064
1590 1828
1590 2662
1590 2833
1591 2892
1591 3057
1592 4694
1593 1728
1594 3317
1594 5671
1595 3560
1595 3689
1596 4288
1597 4001
1597 4678
1597 4776
1598 3498
1600 1957
1601 5707
1602 4933
1602 5922
1603 3542
1603 3918
1603 4583
1604 5809
1605 3268
1606 4215
1607 4061
1608 4731
1609 1702
1609 2061
1610 2056
1611 2730
1612 4692
1615 1778
1615 1798
1616 3838
1617 1847
1617 5553
1618 5705
1620 5120
1621 3312
1622 4373
1622 5293
1623 4549
1624 5888
1625 2206
1625 3541
1627 3540
1627 5244
1628 2661
1628 3429
1628 4601
1629 5970
1630 4849
1630 5232
1632 1975
1633 3604
1634 1956
1635 3456
1635 5033
1635 5110
1636 1842
1637 4897
1638 3392
1639 3819
1640 2402
1640 3469
1640 3603
1640 3910
1641 3567
1641 4606
1642 6135
1643 4864
1644 5148
1645 3523
1646 3991
1646 4061
1647 6161
1648 3478
1648 3800
1649 3203
1650 3749
1650 4731
1650 5725
1650 6187
1652 2270
1652 5988
1653 2701
1654 2714
1654 4419
1655 5299
1656 3612
1656 4888
1657 4678
1659 2259
1660 4400
1661 4180
1662 2538
1662 5636
1664 2343
1664 2784
1664 4196
1666 1680
1666 2642
1666 5374
1667 3289
1667 5378
1668 2032
1668 4626
1670 2180
1670 2941
1671 5372
1671 5428
1671 5443
1672 3308
1672 5688
1673 5666
1674 3198
1674 3714
1675 3579
1676 5323
1676 6131
1677 1722
1678 5701
1679 5058
1679 5175
1681 4951
1683 4869
1683 5398
1684 4347
1686 3794
1687 5216
1688 2194
1688 2255
1689 2473
1689 4319
1689 4733
1691 2678
1691 3445
1692 3963
1692 5033
1693 1867
1694 2129
1694 3773
1695 5580
1696 3023
1696 3932
1696 5394
1696 5589
1696 6237
1697 3087
1698 2241
1698 2378
1699 1847
1700 4701
1700 6236
1701 5056
1702 3997
1702 5859
1703 3857
1703 5236
1703 5319
1704 2064
1705 5079
1706 2263
1706 5276
1708 4968
1708 5552
1709 4870
1710 4124
1711 2276
1713 4966
1713 5158
1714 2164
1714 4622
1715 5324
1716 5429
1717 3856
1717 5210
1719 2996
1719 3124
1719 4955
1720 2303
1721 4660
1723 2213
1723 6224
1724 4042
1725 2593
1726 3307
1726 5466
1727 2054
1728 3975
1729 2452
1729 5616
1730 1742
1730 2067
1730 4708
1731 2244
1731 5792
1732 2450
1732 3169
1732 3348
1733 5737
1734 3450
1735 5429
1737 4883
1738 2650
1739 4823
1740 2617
1740 3327
1741 5675
1741 5762
1742 4827
1742 4891
1742 5559
1743 3144
1744 5484
1745 3713
1745 4034
1745 5421
1746 4585
1748 6208
1749 3447
1749 4520
1749 5085
1750 2468
1751 3413
1752 2371
1753 2286
1754 3004
1754 5358
1754 5751
1756 2895
1756 3053
1756 5693
1757 2343
1757 2904
1758 2902
1758 4181
1759 1909
1759 2062
1759 4328
1760 3036
1760 3208
1760 3937
1761 2128
1761 3751
1762 2800
1762 6009
1763 2313
1763 3546
1764 3857
1765 3191
1766 5881
1767 3899
1768 2873
1768 4437
1769 2703
1769 3574
1770 4704
1771 3128
1772 2551
1772 5456
1773 3686
1773 4576
1775 5152
1775 5349
1776 2705
1776 5766
1777 4367
1778 2862
1779 2727
1780 1994
1780 3784
1781 3778
1783 2066
1783 2069
1783 2590
1783 4300
1783 4698
1784 3990
1785 4467
1786 2144
1786 3896
1787 2892
1787 3015
1787 3879
1787 5079
1788 2438
1788 3753
1789 4540
1789 4644
1790 4970
1791 2008
1791 4988
1791 5299
1793 2561
1793 2918
1794 2658
1794 2856
1797 2905
1797 4060
1799 2724
1799 4787
1801 2130
1802 2779
1802 4304
1802 4441
1802 5776
1803 4525
1804 4355
1804 5166
1807 2090
1807 5407
1808 3210
1810 4101
1811 2125
1812 2978
1812 5566
1813 2118
1814 5899
1815 3809
1816 2186
1817 6060
1818 5028
1819 2345
1820 4082
1821 2063
1821 4663
1822 3143
1822 5800
1823 2924
1823 2938
1823 5012
1824 2201
1824 4307
1825 2060
1825 3533
1825 4476
1826 3679
1826 6069
1827 3826
1828 2565
1829 6088
1830 4090
1830 5293
1830 5476
1831 2060
1831 3609
1831 3660
1832 2559
1832 6075
1833 3064
1834 6129
1834 6172
1835 3743
1836 3206
1838 4391
1839 5718
1840 5505
1841 2405
1841 3413
1842 2352
1843 2092
1844 3338
1844 3380
1845 2849
1845 4578
1846 4155
1848 2105
1848 2152
1849 4684
1850 3592
1851 5070
1852 5277
1852 5990
1853 2448
1853 4937
1854 2733
1855 5971
1856 2786
1857 3885
1858 4860
1858 4952
1859 2497
1859 5622
1860 3367
1861 1952
1861 1986
1862 2710
1862 4892
1863 1884
1863 3464
1864 6222
1865 5770
1866 4695
1866 5842
1867 2194
1868 2058
1868 3147
1868 4372
1869 2345
1870 3822
1871 5051
1872 3861
1872 5050
1872 5331
1873 3811
1875 3949
1876 4304
1877 2161
1877 4452
1878 5084
1879 3185
1879 4365
1879 5064
1880 5824
1881 2256
1883 2098
1884 2012
1884 2612
1885 1904
1885 1991
1888 2758
1888 4184
1889 2338
1889 4222
1890 3647
1892 3122
1893 5235
1894 4763
1894 5731
1895 5810
1896 2798
1896 3634
1897 3377
1897 4350
1898 6012
1899 2184
1899 3280
1899 5447
1901 5631
1902 3450
1902 5625
1903 3540
1903 3748
1905 4233
1906 3911
1906 4547
1906 6216
1907 2092
1907 4189
1908 2311
1908 2449
1908 5016
1911 6156
1912 5297
1913 5359
1914 2143
1914 2308
1914 3753
1914 5808
1915 3654
1915 3769
1916 4227
1916 4302
1918 3008
1919 5079
1920 3914
1921 4046
1922 1955
1923 3437
1924 3037
1924 4339
1925 5815
1926 5024
1926 6116
1927 3211
1929 5146
1930 2223
1930 2818
1930 3948
1930 4724
1931 3102
1931 3118
1931 3919
1931 5594
1932 1950
1933 4596
1934 4973
1934 5765
1935 5960
1936 2869
1936 4898
1937 2679
1938 2338
1939 5568
1940 3737
1940 4479
1941 4776
1942 3295
1942 4711
1942 4882
1943 1988
1943 2396
1944 3858
1945 3122
1946 4205
1947 2583
1948 4366
1949 2063
1950 3193
1950 3847
1950 5761
1951 2464
1952 4160
1953 2952
1955 6005
1956 3699
1957 2926
1957 4729
1958 3707
1959 4721
1959 6136
1961 5709
1962 2807
1963 3369
1964 3278
1964 4813
1965 4650
1966 4587
1967 4020
1969 2617
1969 4747
1969 4876
1970 1997
1970 6032
1972 3173
1972 5858
1973 5536
1974 4877
1977 4782
1978 3513
1978 3568
1979 3057
1980 2191
1980 5061
1981 4828
1981 5718
1982 2411
1982 5598
1983 5159
1986 2951
1987 6161
1988 2639
1989 2333
1989 3388
1989 4442
1990 2907
1990 5678
1993 5252
1993 5503
1994 2531
1994 3599
1995 3722
1996 2042
1996 2154
1996 2162
1998 2199
1998 4109
1998 5937
2000 2366
2000 5723
2001 5996
2002 4191
2003 3662
2003 3940
2003 4241
2004 2297
2004 2811
2006 4293
2007 3527
2007 4132
2009 2076
2009 2486
2011 3477
2011 5446
2011 6091
2013 2649
2015 2916
2016 3471
2017 2426
2017 4808
2018 3330
2020 3021
2021 2472
2021 4567
2022 2453
2022 5623
2023 2317
2023 5047
2024 2259
2024 4321
2025 4788
2025 5869
2028 4826
2029 2964
2030 5259
2031 2609
2031 3564
2032 4489
2033 5241
2034 3512
2036 3690
2037 4620
2038 2072
2039 2922
2040 2844
2041 6076
2043 2276
2043 5941
2044 4026
2045 3186
2046 4084
2046 4854
2047 3671
2047 4112
2048 6048
2049 3332
2049 5181
2049 5341
2050 4219
2051 5861
2053 3152
2053 3746
2054 6097
2055 6208
2057 2553
2058 5253
2059 2622
2061 4394
2062 3112
2064 2577
2065 4194
2066 2326
2068 2828
2068 3627
2069 4339
2070 4259
2070 5361
2071 4041
2073 2933
2073 3085
2074 3591
2075 2637
2075 3657
2075 5206
2077 3443
2078 3335
2078 4056
2079 3774
2080 3389
2080 5696
2081 3485
2082 5468
2084 2414
2084 2998
2086 3912
2086 4657
2087 2465
2087 3676
2088 5338
2089 5703
2090 3976
2091 3040
2093 3489
2095 2096
2096 2970
2097 2667
2097 3453
2098 3269
2099 3729
2100 3575
2100 6057
2101 4585
2101 5615
2102 3749
2102 5148
2103 3739
2105 4400
2105 5528
2106 3047
2106 3374
2107 2312
2107 3205
2107 4239
2107 5423
2108 2983
2110 2849
2111 5096
2112 3256
2112 4886
2113 5958
2114 2505
2114 2698
2115 3302
2116 5588
2117 4383
2118 2139
2120 2624
2120 3064
2120 3115
2121 5955
2122 5804
2123 3917
2125 6053
2127 4886
2128 5968
2129 4519
2130 2800
2130 4455
2131 2651
2131 2776
2131 5741
2133 5382
2134 5798
2135 2752
2135 3936
2136 5862
2137 6036
2138 3887
2139 6019
2140 4046
2140 6082
2141 5895
2142 3894
2142 4143
2145 6103
2146 5909
2147 2976
2148 5132
2149 2329
2150 3121
2150 3923
2151 3125
2151 3284
2153 5609
2153 5929
2154 4780
2154 6224
2155 5121
2156 4273
2157 2725
2157 5990
2157 6004
2158 3567
2158 4055
2158 4767
2159 3685
2159 5255
2160 3502
2161 5501
2161 5575
2162 4406
2163 2705
2163 2752
2164 2351
2164 3746
2164 4814
2165 5626
2166 3143
2167 2351
2167 5005
2168 2757
2169 4982
2169 5708
2171 2325
2171 3943
2172 2216
2172 4765
2173 2868
2173 3242
2174 5259
2175 4900
2176 2332
2176 5214
2178 4014
2179 2415
2182 4984
2183 2691
2183 4352
2183 4509
2183 5760
2184 2851
2185 3061
2185 4877
2186 2255
2187 3222
2187 4261
2189 4128
2189 4484
2190 2636
2190 2967
2190 5864
2191 4605
2192 4296
2193 3816
2193 4852
2194 5631
2195 3729
2195 5886
2196 2383
2196 4705
2197 5200
2198 3754
2198 3795
2198 4556
2199 3178
2199 3899
2200 5537
2202 3822
2203 4723
2204 4983
2207 2278
2208 3099
2208 5749
2209 2355
2209 4156
2210 2430
2210 3227
2212 4386
2213 4103
2214 3785
2214 5245
2215 2477
2216 4797
2217 3405
2219 3061
2220 5141
2221 2985
2221 5289
2222 3156
2222 3700
2223 3413
2223 4947
2225 3360
2225 3642
2225 5242
2226 2793
2227 3174
2228 4707
2229 3348
2231 4340
2232 4253
2232 4301
2233 4157
2233 5253
2234 2658
2235 5253
2235 5844
2237 3297
2237 3708
2237 4753
2238 3086
2238 5049
2239 3386
2239 5494
2241 4502
2241 5337
2242 4810
2242 5141
2243 2712
2243 5196
2246 5905
2247 3529
2247 4161
2248 3909
2248 5434
2249 5886
2250 3977
2250 5066
2250 5470
2250 5599
2251 4051
2252 6194
2254 2836
2256 3375
2256 4885
2256 5256
2257 2675
2257 4155
2258 5067
2258 5497
2260 6168
2261 4238
2264 4717
2265 4662
2266 3967
2267 2402
2267 5084
2268 3647
2268 4040
2269 4990
2271 2428
2271 4343
2272 3562
2274 2797
2275 2837
2276 2609
2278 3848
2279 5914
2280 5759
2281 4979
2282 4289
2283 3381
2283 3930
2283 5587
2284 3637
2285 3780
2285 5689
2286 5884
2287 3167
2288 2732
2288 4907
2289 3994
2289 4421
2290 2957
2290 4074
2291 3500
2294 3957
2295 4194
2296 6100
2298 2499
2299 5469
2299 5995
2301 2941
2301 3441
2302 4204
2303 5830
2304 5090
2305 2488
2305 3289
2306 5855
2306 6047
2307 6042
2309 5859
2310 3360
2311 2432
2311 2538
2315 3606
2315 3651
2315 5783
2316 5455
2318 3871
2319 4501
2320 2649
2320 4786
2321 5570
2323 6178
2324 3451
2327 5259
2328 3990
2328 4451
2330 4190
2330 5165
2331 3814
2332 3969
2332 4899
2332 5017
2334 3831
2335 2429
2335 2478
2335 4347
2336 5560
2337 5685
2338 4443
2339 2650
2339 6023
2340 3115
2341 4647
2341 5312
2341 5707
2341 6112
2342 3970
2342 4628
2344 5888
2345 5985
2346 3994
2347 2687
2348 3829
2348 6149
2349 2948
2350 2767
2350 3205
2350 5547
2351 3710
2352 3494
2353 3758
2353 5876
2354 5083
2355 3856
2356 2841
2356 3120
2357 4231
2357 6170
2358 3089
2358 3224
2358 3552
2358 6102
2359 4572
2359 5352
2360 4575
2361 2973
2363 4886
2364 3122
2364 3460
2365 3380
2366 3048
2367 6119
2368 4191
2368 4656
2369 5859
2370 4154
2370 5418
2372 3207
2372 5987
2373 3072
2373 3213
2373 4517
2374 3604
2374 5772
2375 3617
2375 3824
2376 3774
2376 5339
2377 4759
2378 3725
2378 4932
2381 3414
2381 3880
2382 4901
2383 3947
2383 4533
2384 4926
2385 3792
2385 4285
2386 3876
2386 5257
2386 5520
2387 3717
2389 3451
2390 4817
2390 5827
2391 3449
2391 3644
2391 3701
2391 4220
2391 5341
2392 3925
2392 4105
2392 5492
2393 5121
2395 2960
2395 3520
2395 3681
2397 3772
2397 4299
2397 5388
2398 5312
2400 4544
2401 2415
2401 4417
2401 4991
2402 5686
2403 3524
2403 4913
2403 6048
2404 2632
2404 5755
2404 6078
2406 2604
2406 6176
2408 2436
2408 4913
2408 6072
2410 5355
2413 4583
2414 4797
2416 4147
2417 2703
2418 2771
2418 4703
2419 3704
2419 3846
2420 4213
2421 3439
2422 3043
2423 2781
2423 3428
2424 2487
2424 5557
2425 2808
2425 4014
2425 5784
2426 3286
2427 5983
2428 2986
2428 4627
2431 5559
2432 2620
2432 2750
2432 5554
2433 3052
2433 3216
2433 4277
2437 3859
2438 4032
2438 4734
2439 3936
2439 4041
2439 5806
2439 6153
2440 5739
2440 6178
2442 2529
2442 3147
2442 3595
2443 2469
2443 2770
2443 3534
2444 4250
2444 5761
2445 4381
2445 5620
2446 3990
2447 2569
2448 5329
2449 3368
2449 5823
2450 4668
2452 6114
2453 4392
2453 4767
2454 5388
2455 2474
2455 5062
2456 3764
2456 6134
2457 4716
2458 3866
2458 5296
2460 4546
2461 3081
2462 4845
2462 5839
2463 2521
2463 4624
2463 5284
2463 5424
2463 5994
2465 3170
2466 3220
2467 3232
2467 3690
2467 3787
2468 3761
2469 4746
2469 5821
2469 6162
2470 2885
2471 4221
2472 4171
2473 3883
2473 4725
2473 5326
2473 5736
2475 3336
2475 4614
2476 4768
2477 5109
2478 5320
2479 2920
2479 4305
2481 3750
2481 3901
2483 3577
2484 5225
2485 2637
2485 3481
2485 5510
2485 5652
2486 2746
2487 2748
2488 5076
2489 5244
2491 5653
2494 4008
2496 5685
2497 3968
2497 6071
2498 3875
2499 3982
2500 4349
2500 4766
2501 4129
2503 2694
2503 5299
2504 4563
2504 4699
2505 3796
2506 2715
2506 4662
2506 5789
2508 5371
2509 5352
2510 3024
2511 4259
2511 4749
2511 6167
2512 3017
2513 4629
2514 2772
2514 5127
2514 5777
2515 2880
2517 2923
2517 3597
2518 3863
2519 4950
2519 5418
2520 5327
2520 6242
2521 2628
2521 3976
2521 5108
2522 5818
2523 3843
2524 3898
2525 4976
2526 2611
2526 5348
2527 5911
2528 3656
2528 3750
2532 2911
2532 4802
2532 5482
2535 3594
2535 3746
2536 2842
2540 3088
2541 3020
2541 3454
2544 5228
2544 5763
2546 3716
2546 3719
2547 5439
2548 5453
2549 3876
2550 2573
2551 5648
2552 3251
2553 5213
2553 6051
2555 3952
2558 4616
2559 2993
2559 4791
2560 3934
2561 5089
2561 5298
2561 5580
2562 3714
2563 3795
2566 2652
2566 3054
2566 3544
2567 5129
2569 4772
2570 5710
2571 3549
2572 5889
2573 2979
2573 4590
2574 5624
2574 5998
2576 2771
2576 5445
2577 2701
2577 3743
2577 5800
2578 6028
2579 3560
2579 4120
2579 4232
2580 5231
2580 5740
2582 3163
2582 4402
2583 2655
2584 3489
2585 5075
2586 4286
2587 4029
2588 3507
2588 3806
2590 3809
2590 5822
2591 3316
2591 4479
2592 3097
2592 3523
2592 3759
2593 3985
2594 5105
2595 4052
2595 6052
2596 5893
2597 3233
2597 4002
2597 4393
2597 6197
2599 2855
2599 3242
2599 4914
2600 3454
2601 4851
2601 5753
2601 5872
2602 5832
2603 3011
2603 4445
2603 5546
2605 4371
2606 2762
2606 4713
2606 5265
2606 6195
2607 6001
2607 6224
2608 4433
2609 5773
2611 4326
2611 5021
2611 5747
2612 5354
2613 2841
2615 3524
2618 3806
2618 4053
2619 3346
2619 5655
2620 4043
2620 5660
2621 3559
2622 5495
2623 2981
2624 5642
2624 6163
2625 2987
2626 4301
2630 6185
2631 5598
2632 3775
2633 3091
2633 3987
2633 5555
2634 3508
2635 4652
2635 5297
2636 5983
2638 6246
2640 3305
2642 2878
2642 3306
2643 5794
2644 3972
2644 4751
2644 5258
2644 5991
2645 3695
2646 2980
2646 4257
2647 5861
2648 4152
2650 2819
2651 5468
2653 5851
2654 5932
2655 5171
2655 5662
2656 3821
2656 4469
2659 4174
2659 4262
2660 3908
2661 3655
2663 4888
2664 3354
2665 3528
2666 3463
2666 4348
2666 4569
2666 5952
2668 4295
2668 5146
2669 5123
2670 5500
2671 5110
2672 4925
2672 5206
2673 3432
2674 4866
2676 2764
2676 3119
2676 3300
2676 5038
2677 5712
2679 5953
2680 3684
2681 2897
2682 2796
2682 3200
2683 3337
2684 3974
2684 5180
2688 3199
2689 6016
2690 6149
2692 4119
2693 3531
2693 4293
2693 5934
2695 5507
2696 3805
2696 4291
2696 4999
2697 5487
2698 3086
2698 6202
2699 5614
2701 4283
2702 2842
2704 5205
2704 5370
2706 4766
2707 5261
2708 3653
2709 2720
2709 4924
2711 3671
2711 3818
2711 5560
2712 4114
2712 4742
2713 2837
2713 4996
2713 5220
2713 5890
2714 3349
2715 5546
2716 3072
2716 5500
2717 4270
2717 5105
2718 3210
2718 4065
2719 3271
2719 5530
2721 4691
2721 5374
2721 5579
2722 3848
2723 4278
2723 4565
2723 4732
2725 3347
2727 3816
2730 4591
2731 5589
2732 5120
2734 3932
2735 3675
2738 4524
2738 6107
2740 5487
2741 4119
2742 4064
2742 6098
2742 6155
2743 5919
2744 3383
2744 3539
2744 4026
2745 4684
2745 5518
2746 5812
2747 3122
2749 5405
2751 5613
2752 5969
2754 3426
2755 5842
2758 5774
2758 5811
2758 5917
2761 5103
2762 4069
2763 3127
2763 4606
2765 2959
2766 5098
2767 5086
2769 4070
2769 6143
2770 3421
2771 5274
2772 4354
2773 5175
2774 5593
2777 5459
2778 4601
2778 5656
2781 5440
2782 2907
2782 5251
2783 2996
2783 5768
2785 5398
2786 3223
2790 4103
2791 2911
2791 5991
2792 3431
2792 4514
2792 6239
2793 5222
2794 5517
2797 2875
2797 6205
2798 3639
2798 5887
2799 4928
2801 2916
2801 4610
2801 6030
2802 2976
2802 3035
2802 5859
2803 4592
2803 5350
2804 6238
2805 4589
2806 3740
2806 3873
2806 3965
2807 3189
2807 3852
2807 5840
2808 5817
2810 4076
2810 4271
2811 3948
2813 4636
2813 4983
2814 4447
2815 3442
2816 5827
2817 3404
2817 5888
2818 6207
2819 3916
2821 3509
2821 5957
2822 3897
2822 4083
2823 6174
2824 4299
2824 5744
2825 4533
2826 2962
2826 5234
2826 5782
2829 3180
2830 5293
2831 3514
2832 4998
2834 3718
2834 5768
2835 3369
2836 3070
2836 4569
2836 5887
2837 3827
2837 4747
2840 4491
2840 5366
2840 5944
2842 5467
2843 4133
2843 5861
2844 4505
2844 5936
2845 6107
2846 4812
2847 5693
2849 4841
2851 5860
2852 2989
2853 3690
2853 5204
2854 5420
2855 3696
2857 4977
2857 5396
2858 3096
2859 3114
2859 3552
2860 4187
2860 4397
2860 6243
2861 4541
2862 3626
2862 5915
2862 6206
2863 3792
2864 3628
2864 5972
2865 3239
2865 3287
2866 3550
2866 5526
2867 4255
2870 4212
2871 5264
2871 6134
2872 4152
2874 3155
2876 3240
2877 5164
2877 6009
2879 3257
2880 3929
2883 4294
2883 5750
2884 3773
2884 4456
2886 3865
2886 5483
2886 5733
2887 3638
2887 5096
2888 5177
2888 5533
2888 5974
2888 6065
2889 4401
2890 4869
2891 5300
2892 4251
2893 4241
2893 5588
2894 6238
2896 3187
2896 4412
2898 4014
2899 5457
2903 5584
2905 5759
2906 3183
2906 4318
2906 4727
2907 4093
2908 5690
2909 4958
2909 5499
2911 3100
2912 3291
2912 4409
2913 3331
2914 5069
2915 4264
2915 6136
2916 4688
2917 3066
2917 3416
2918 3863
2919 3456
2921 3668
2922 5695
2924 3455
2925 3336
2925 5140
2927 3321
2928 5373
2929 4215
2929 4832
2930 3667
2930 4073
2930 6156
2931 4985
2931 6248
2932 3367
2932 5688
2934 4887
2934 6117
2935 4458
2936 4594
2937 3668
2938 3448
2939 4437
2940 3299
2940 4863
2942 4249
2942 4483
2943 3603
2944 3161
2945 3173
2945 5076
2947 3492
2947 3624
2947 4254
2949 4853
2949 6117
2951 5140
2951 5543
2952 4856
2954 3103
2954 3105
2955 4577
2956 5806
2958 3642
2961 5537
2963 5081
2964 3529
2964 3969
2966 3231
2966 4266
2969 4860
2969 4872
2971 3022
2971 4086
2972 3092
2973 6047
2974 3224
2974 4906
2977 5604
2978 5971
2982 5705
2984 6048
2986 3810
2988 3142
2989 4245
2989 5867
2990 5318
2992 5362
2993 4089
2993 5449
2994 4739
2994 5586
2994 6049
2995 4456
2997 4107
2999 6156
3000 3930
3001 4136
3003 3420
3003 4646
3003 4994
3005 4518
3006 4675
3006 6031
3009 4272
3010 3832
3010 4978
3010 5929
3011 3172
3011 4584
3012 3076
3012 4220
3012 4265
3012 5330
3013 3764
3013 3902
3014 3649
3014 4828
3016 5042
3017 4426
3018 3201
3018 5640
3019 3245
3020 3715
3020 6158
3021 4240
3021 4962
3022 3437
3024 3247
3025 3512
3025 4248
3028 4807
3028 5639
3028 6222
3030 3876
3031 6116
3032 4757
3033 5026
3034 3465
3035 4037
3037 3322
3037 4477
3037 4605
3038 6125
3039 3671
3040 3334
3041 5809
3043 5608
3044 4435
3044 5613
3045 5362
3046 3487
3046 5045
3047 4082
3047 5030
3048 4378
3049 4740
3050 6051
3052 6175
3055 4357
3056 3715
3056 5731
3058 4209
3058 4661
3059 5806
3062 3815
3062 4952
3062 6135
3063 3406
3063 4012
3067 3304
3067 6127
3068 4274
3069 3614
3071 3812
3071 6154
3073 4837
3073 5391
3074 4462
3075 3474
3076 3318
3076 4673
3077 4942
3077 5230
3079 6112
3080 3669
3081 3090
3081 4123
3081 4699
3082 4249
3082 5643
3084 5638
3085 4645
3087 6138
3090 6062
3091 5261
3092 3936
3095 3501
3095 4168
3096 3462
3096 4163
3097 3344
3097 4675
3098 3963
3100 4314
3100 5282
3101 5489
3103 5923
3104 5012
3105 4908
3105 5305
3106 3138
3107 4974
3108 5930
3109 4606
3109 5334
3110 5666
3111 5001
3113 3584
3116 4549
3117 3923
3119 4415
3120 3365
3121 3255
3121 3570
3122 4915
3123 3228
3126 4397
3126 4422
3128 3752
3128 5445
3129 3274
3130 5512
3132 3571
3132 4806
3133 3586
3133 6080
3135 4606
3137 4197
3137 4811
3138 5039
3139 3487
3142 5942
3144 3253
3144 3641
3145 3489
3148 4911
3148 5968
3149 5797
3150 3409
3150 5811
3151 3987
3151 4838
3152 5149
3153 4037
3154 4259
3155 4013
3156 4701
3156 4960
3157 3565
3158 4618
3158 4863
3159 4228
3160 4672
3160 6144
3161 6196
3162 5440
3163 6063
3164 4621
3164 5363
3164 5957
3165 4043
3167 4552
3169 5141
3170 3840
3171 4670
3171 5315
3172 3362
3174 4991
3175 4224
3175 5209
3177 5619
3178 4137
3179 5089
3179 5878
3180 4557
3181 3975
3181 5104
3182 5386
3182 5846
3183 4954
3184 3268
3184 4368
3185 4686
3188 3399
3190 3864
3191 3560
3192 5226
3192 5751
3193 3397
3194 3199
3195 3954
3196 4677
3196 5313
3197 5628
3199 5954
3200 5596
3202 4849
3202 5758
3203 4229
3204 4954
3204 5478
3206 4078
3206 5849
3207 5050
3208 5018
3209 3518
3211 3760
3212 4180
3215 4486
3215 4642
3217 4485
3217 5974
3218 4514
3218 5370
3219 5976
3220 4855
3220 6106
3222 3984
3222 4050
3225 5047
3226 3323
3226 4769
3226 5927
3227 4314
3228 3289
3229 3923
3230 4514
3231 4345
3231 5085
3231 5552
3233 5242
3233 5308
3234 5139
3234 5980
3235 4826
3236 3558
3237 3580
3237 4239
3237 5582
3238 5791
3238 5993
3239 3908
3239 5635
3240 5124
3241 4315
3243 3508
3243 5244
3244 5179
3244 5300
3244 5686
3245 5287
3245 6008
3246 4052
3246 4241
3246 5524
3248 3406
3248 4874
3248 5026
3249 3937
3249 4336
3249 4471
3250 3664
3250 5649
3250 6181
3252 3999
3254 3882
3254 4284
3255 5301
3256 6077
3258 3970
3258 4322
3259 4028
3260 3292
3263 4800
3263 6089
3264 4525
3265 3491
3266 5391
3268 5453
3270 6175
3271 3402
3271 5825
3272 4431
3272 5263
3274 4464
3275 3504
3277 4225
3279 3764
3280 5869
3280 6135
3281 3469
3281 5215
3282 3733
3282 4572
3283 3811
3283 5945
3284 4011
3285 3919
3286 3998
3286 5025
3287 6162
3288 3559
3288 4570
3289 6064
3292 4122
3292 5549
3293 4986
3293 5776
3294 3458
3294 5701
3296 5252
3298 5414
3299 4440
3301 4397
3302 4179
3302 6095
3303 4337
3304 4412
3304 5160
3305 3565
3307 5593
3308 5669
3309 5185
3310 6059
3311 3693
3311 4858
3311 4921
3311 6112
3312 4070
3312 4625
3312 5357
3313 5517
3313 6081
3314 3491
3314 4756
3315 4939
3316 5834
3317 5930
3319 3501
3319 3791
3321 6005
3322 4707
3323 3846
3324 4267
3324 4627
3324 4661
3325 4181
3327 4741
3328 5613
3330 3836
3331 3568
3332 3697
3333 5943
3337 5212
3338 3390
3339 4911
3339 5311
3340 4761
3340 4789
3340 5676
3341 3737
3342 3455
3342 4371
3342 4943
3343 3797
3343 4436
3345 3451
3348 5240
3350 3966
3351 4781
3351 6070
3353 5913
3354 3760
3355 5943
3357 6152
3359 6035
3359 6056
3364 4426
3364 5502
3365 4988
3370 3739
3372 4604
3372 5581
3373 3707
3373 5807
3374 4171
3375 3636
3375 4216
3376 4630
3376 6092
3378 4006
3378 5847
3381 4010
3382 3798
3383 4134
3384 4732
3385 3681
3385 4204
3386 5463
3386 5474
3387 3450
3388 3834
3388 5432
3388 5664
3392 5079
3394 5076
3395 4097
3398 3794
3399 5769
3400 4812
3400 6244
3401 3817
3405 3854
3406 6209
3407 5037
3407 6176
3408 3518
3408 4927
3410 3732
3410 4443
3410 5929
3411 3433
3411 5965
3412 3443
3412 6038
3413 5638
3415 4393
3416 5184
3417 6099
3418 4987
3419 5710
3421 3897
3421 4826
3422 6232
3424 4534
3426 3825
3427 4887
3427 5488
3430 4792
3431 5565
3431 5592
3432 3719
3434 4262
3434 4930
3434 5351
3435 3536
3435 5730
3438 4316
3438 5955
3439 3591
3439 4769
3439 5569
3439 6211
3441 5575
3442 4640
3445 4825
3446 4001
3446 6110
3448 3822
3449 5498
3451 4799
3452 3851
3455 3870
3456 3635
3457 3998
3457 5597
3458 4063
3458 5173
3459 5424
3461 5317
3462 3482
3462 4722
3466 4933
3466 5785
3466 5894
3467 5784
3468 5946
3469 3555
3470 4178
3471 6140
3472 4351
3473 4565
3475 3620
3475 3986
3475 5006
3476 6174
3478 4821
3478 5162
3479 4193
3479 4631
3480 6203
3482 3826
3483 4195
3484 4355
3485 3929
3486 6059
3488 5400
3489 5913
3490 3899
3492 3750
3493 5188
3494 4965
3494 5751
3495 4657
3496 5576
3498 3835
3498 5285
3499 3774
3500 4375
3502 4230
3502 4629
3502 4856
3503 5247
3504 4226
3505 3544
3505 3614
3505 6100
3506 3937
3513 3649
3513 4657
3515 5524
3516 3744
3516 4637
3517 5962
3517 6185
3518 3779
3520 5799
3521 3950
3522 5016
3523 4786
3525 4199
3526 4502
3526 5417
3527 3845
3529 6011
3530 5936
3530 6199
3533 5533
3533 6018
3534 5572
3535 3867
3535 4918
3536 4246
3536 4494
3538 3560
3538 4674
3539 3872
3540 4374
3541 3746
3541 4386
3541 4453
3542 4951
3542 6118
3543 6174
3545 3621
3545 5258
3547 4040
3547 4483
3548 4243
3548 4285
3549 4431
3550 6079
3552 4194
3552 5317
3553 3594
3553 4207
3554 5713
3554 6208
3556 4196
3557 5963
3558 3903
3561 5320
3561 5343
3562 5441
3563 4643
3566 6162
3568 6034
3569 6192
3571 3640
3571 5574
3572 5161
3573 5131
3574 4506
3574 5774
3575 3978
3575 4578
3576 4016
3577 5656
3579 3751
3580 3649
3581 4098
3581 6212
3582 4164
3582 4886
3583 5314
3583 6060
3584 4445
3584 4971
3585 5696
3587 4033
3588 3655
3589 6070
3590 4407
3590 6151
3591 5704
3593 5753
3595 4146
3596 5910
3597 4969
3597 5293
3598 5042
3598 5758
3599 5668
3602 4426
3603 6021
3604 5508
3605 5544
3606 4834
3606 5154
3607 3961
3607 4820
3608 5214
3610 4202
3611 4242
3612 4013
3612 4026
3612 5028
3613 4275
3615 4758
3615 4776
3615 5867
3616 4833
3616 5151
3618 4922
3618 5073
3619 5101
3619 5162
3620 5138
3622 5316
3622 5634
3623 4293
3624 4474
3624 5237
3625 4048
3625 4526
3626 4960
3629 4935
3630 3978
3631 4602
3632 4071
3632 4718
3634 4535
3634 5088
3636 3720
3636 4696
3637 4905
3642 4225
3642 4903
3643 5249
3643 5946
3646 4047
3648 5023
3649 6219
3651 3652
3651 5471
3653 4353
3653 5372
3655 5148
3658 6209
3659 5387
3659 5689
3661 4612
3663 4597
3665 5950
3665 6019
3666 5790
3666 5909
3669 5437
3670 4476
3672 3731
3672 5760
3673 3984
3674 5241
3677 4495
3677 4573
3678 5071
3680 4048
3681 6161
3682 4314
3683 5520
3683 6235
3685 5062
3687 3833
3687 4759
3688 4011
3689 3915
3692 5798
3692 6123
3693 3833
3693 6166
3694 4720
3694 6004
3696 5462
3697 4135
3697 5077
3698 5323
3702 4097
3702 4279
3703 6022
3705 4994
3705 5088
3706 5450
3707 6014
3707 6046
3707 6213
3709 6212
3712 5503
3712 6196
3713 4917
3715 4613
3716 5307
3717 5555
3722 5307
3723 5597
3724 5743
3725 3905
3727 4389
3728 5156
3728 5856
3730 5118
3730 5926
3731 4623
3731 6217
3736 3948
3738 4185
3739 5068
3739 5727
3739 5911
3740 4077
3741 5329
3742 4103
3742 4359
3742 6198
3743 4995
3746 4902
3751 4894
3754 6157
3754 6165
3755 6000
3756 4103
3763 4136
3763 4510
3763 5514
3763 5797
3763 5807
3765 6113
3766 4346
3767 4009
3767 4397
3769 4508
3769 5217
3770 4884
3770 5046
3773 4907
3774 4385
3774 5564
3776 4331
3776 4827
3777 4631
3778 3966
3782 4835
3783 5228
3784 5752
3786 4683
3787 4438
3788 4786
3790 3965
3791 6155
3793 4600
3794 4069
3794 6040
3795 4686
3799 4102
3799 4127
3800 5595
3800 5762
3801 4061
3802 5081
3803 5555
3804 6241
3805 4677
3807 4354
3808 6249
3810 3980
3811 4651
3812 4064
3814 4930
3815 6232
3816 5644
3818 3881
3818 3921
3818 4200
3820 5049
3821 4259
3823 4837
3825 4205
3825 5416
3826 5612
3829 5667
3830 6173
3832 4606
3835 4833
3835 5464
3836 4058
3837 5297
3838 5620
3842 4450
3843 5470
3845 4612
3848 4575
3848 4837
3849 5965
3850 3912
3851 5669
3853 4581
3853 6083
3855 5589
3857 4551
3857 5606
3857 5637
3858 4537
3859 3993
3860 6218
3861 5031
3862 5404
3863 5596
3864 4141
3864 5518
3866 4178
3868 5083
3869 5035
3871 3988
3872 4777
3872 5412
3874 5362
3874 5862
3884 4881
3884 5496
3885 4490
3890 4262
3891 4111
3892 4155
3893 5277
3894 5499
3895 6190
3898 5085
3898 6093
3899 5137
3900 5500
3904 6133
3905 4864
3906 4453
3906 5489
3907 4568
3913 4840
3913 5048
3913 5617
3916 5324
3916 5500
3917 6241
3918 5119
3923 3967
3924 4613
3924 5100
3926 5419
3927 4574
3928 5696
3930 4873
3932 4184
3934 5986
3935 4170
3935 5571
3937 4761
3938 6104
3940 4518
3941 5018
3941 5485
3942 5067
3944 5409
3945 4934
3945 6020
3946 4170
3946 6017
3947 4954
3950 5844
3952 4665
3953 4427
3954 4248
3955 5321
3956 4009
3956 5447
3958 4976
3959 4157
3960 6137
3961 4765
3962 5020
3963 4003
3963 5444
3963 5904
3964 4334
3965 5661
3966 4429
3966 5202
3968 5065
3970 5129
3971 4224
3973 4475
3974 4297
3976 4096
3979 4342
3980 4077
3981 4364
3985 5614
3988 4120
3989 6165
3991 4829
3992 4465
3993 5996
3996 4594
3996 6081
3999 4397
3999 4895
4000 5903
4004 5365
4004 6143
4005 5081
4008 4989
4010 4425
4013 4526
4016 5540
4016 5741
4017 4287
4018 6006
4019 5245
4020 4495
4021 4955
4022 4102
4023 5976
4024 5303
4024 5934
4025 4499
4025 5828
4027 5140
4028 4730
4028 4987
4029 5227
4029 5426
4031 4180
4033 4706
4034 4756
4035 4422
4038 4290
4039 5238
4039 5972
4042 5978
4044 5381
4045 4648
4049 4620
4050 5762
4054 5146
4054 5577
4056 5117
4057 5921
4060 4341
4060 5400
4063 4586
4063 5240
4063 5978
4064 5275
4066 5922
4067 4701
4067 4862
4069 5187
4069 5913
4072 5016
4073 4124
4073 4238
4073 4555
4074 4614
4074 4936
4075 5886
4078 6087
4081 4785
4082 4278
4087 5953
4088 5413
4091 5778
4094 4394
4097 4241
4098 4125
4098 5183
4098 5360
4099 4778
4100 5704
4101 4309
4101 5660
4102 4208
4102 4893
4102 5950
4103 5939
4104 5930
4105 5078
4105 5803
4106 6187
4107 4396
4107 5126
4113 5649
4114 4582
4115 5229
4116 4712
4116 5132
4117 4222
4117 5977
4118 4578
4123 4964
4125 4448
4126 5467
4126 5665
4127 5338
4128 5406
4130 4552
4131 5820
4132 4875
4132 5344
4138 4510
4140 5529
4140 6044
4142 4552
4143 6073
4144 4285
4145 4262
4150 5760
4152 4912
4153 5396
4154 5398
4155 5981
4157 5605
4158 4646
4160 5764
4160 6189
4165 4774
4167 4803
4167 5131
4169 5759
4172 4292
4176 5921
4177 4717
4177 5408
4183 5000
4183 5541
4185 4488
4188 4778
4189 5072
4189 5539
4191 4561
4192 6188
4195 4387
4198 4784
4199 5354
4200 5677
4200 6006
4201 5511
4203 6015
4204 4382
4204 4680
4205 5931
4206 4443
4211 4243
4214 4322
4215 4351
4217 4853
4223 5829
4226 5419
4227 4815
4229 6036
4233 4855
4234 4426
4236 5265
4237 5677
4238 4290
4240 4817
4241 6139
4243 5658
4244 5162
4247 5870
4250 5333
4250 6045
4252 4555
4253 4585
4256 6030
4258 5060
4260 4543
4265 5302
4269 6108
4271 5907
4275 5422
4275 5439
4282 5481
4286 6195
4287 5347
4289 4613
4290 4432
4291 4564
4293 5870
4296 4755
4296 5982
4298 4583
4301 4931
4302 4896
4302 5827
4304 4702
4305 5063
4306 5130
4308 5507
4311 5142
4312 4512
4312 5467
4313 4527
4314 5185
4317 4340
4318 5805
4319 4934
4320 4923
4320 5074
4320 5462
4321 4468
4322 6119
4324 4547
4327 5070
4328 5634
4329 5305
4332 6015
4333 5612
4335 4493
4335 5458
4337 6152
4340 4738
4342 5937
4344 5628
4348 4774
4350 6228
4352 6191
4353 4643
4355 4603
4356 4974
4356 5696
4359 5958
4360 4777
4362 5422
4362 5700
4363 4683
4364 4809
4367 5409
4369 5562
4369 6141
4370 4663
4371 5643
4375 5055
4376 5505
4376 6104
4378 6240
4380 5901
4383 5475
4384 6126
4390 4457
4390 6173
4391 5936
4395 5524
4399 6093
4400 4443
4402 5896
4405 5431
4406 5182
4406 5200
4407 5804
4408 5342
4410 4439
4410 4635
4410 4773
4413 5322
4414 5989
4417 5906
4418 5784
4420 6119
4421 4989
4423 5825
4424 6174
4431 5087
4432 6229
4434 4541
4437 5803
4438 5072
4438 5729
4439 5164
4441 5084
4441 5726
4444 6056
4446 5097
4448 4946
4449 4481
4449 5734
4451 5326
4453 5899
4454 4837
4457 4967
4458 5990
4459 4973
4460 4530
4460 4937
4460 5239
4461 5142
4467 5403
4467 6091
4469 5132
4470 4867
4476 6159
4480 5667
4481 5398
4482 5186
4484 6083
4488 4842
4489 5211
4489 5647
4490 4580
4492 5844
4493 4869
4494 6203
4498 5855
4499 4740
4500 5095
4500 5674
4502 6188
4503 5735
4503 5769
4505 6036
4508 5067
4508 5849
4511 5896
4512 5186
4512 6155
4513 5009
4516 5406
4518 5221
4520 4945
4522 4712
4522 5556
4527 6172
4531 5414
4536 6086
4539 6035
4541 5698
4542 5538
4542 6184
4543 5719
4545 6015
4546 4865
4546 6217
4548 6042
4551 4957
4552 5900
4553 4616
4553 5294
4557 5552
4557 5771
4560 5978
4566 5078
4566 6105
4569 5666
4570 5198
4571 5460
4571 6093
4573 5788
4577 5412
4577 5567
4577 5838
4579 5498
4580 5119
4582 5673
4583 5028
4583 6220
4585 5521
4586 4745
4586 5005
4587 5455
4589 5984
4592 5980
4593 5334
4594 4666
4594 5304
4595 5534
4599 5655
4600 5680
4603 4693
4606 6013
4608 5673
4609 4806
4611 5255
4615 4861
4616 5465
4617 5988
4620 5165
4626 6027
4628 4953
4630 5957
4631 4637
4632 5619
4633 4760
4633 4950
4634 6207
4635 6138
4636 4924
4636 5052
4637 6174
4638 5504
4640 5702
4642 5394
4644 5541
4645 5845
4646 5137
4646 5145
4649 5997
4650 4752
4652 5647
4653 5350
4654 5565
4656 5112
4657 5826
4658 4834
4658 5188
4667 6017
4669 5778
4669 6175
4671 5961
4672 6095
4676 5150
4680 5437
4681 4998
4681 6077
4682 4694
4683 5852
4684 5702
4685 4942
4687 5401
4687 6104
4690 5926
4694 4909
4695 5241
4697 5001
4701 5960
4704 6068
4706 5481
4709 5431
4710 5691
4711 5739
4713 5759
4714 5090
4715 4809
4718 6003
4723 4807
4723 5445
4728 4798
4729 4992
4734 5616
4739 5218
4740 5887
4742 4926
4743 5706
4744 5293
4746 4955
4746 5151
4748 4930
4748 5970
4754 5544
4762 5135
4764 5147
4770 5855
4771 5157
4771 5314
4771 5664
4771 5868
4771 6163
4774 6113
4775 4835
4778 5866
4780 5688
4781 5166
4784 5150
4785 5111
4785 5720
4785 6032
4787 5997
4791 5094
4793 5696
4794 5260
4795 5901
4801 5122
4804 5125
4814 5997
4815 5225
4818 5548
4822 5112
4823 6226
4825 5571
4825 5976
4827 5779
4835 5779
4836 6161
4840 4864
4842 4872
4843 5549
4846 5382
4846 6221
4852 4942
4852 5014
4855 5172
4856 5223
4857 5894
4858 6109
4861 5873
4863 6037
4865 5551
4865 5586
4865 5986
4867 5065
4867 6024
4871 5457
4872 5230
4879 5338
4880 5057
4880 5135
4881 5876
4882 6149
4885 4915
4889 6223
4897 5003
4898 4993
4901 5153
4912 5504
4916 5055
4919 5469
4921 5715
4924 5614
4925 5666
4926 5248
4928 5614
4930 5769
4931 5542
4938 5738
4939 6168
4940 6099
4942 6221
4943 6094
4944 6085
4946 5904
4947 5716
4948 5137
4954 5098
4955 5881
4959 5654
4962 5057
4963 5945
4964 5325
4967 5880
4970 5539
4977 5167
4977 5621
4977 6079
4980 5548
4987 5023
4990 5904
4992 5269
4994 5645
4995 5329
4997 5601
4999 5150
5002 6054
5004 5818
5009 5251
5013 6039
5019 5109
5020 5147
5023 5940
5028 5711
5030 5745
5032 5295
5032 5347
5034 5043
5034 5730
5035 6084
5036 5279
5036 6033
5037 6182
5039 5296
5041 5123
5045 5349
5045 5697
5046 5398
5046 5793
5047 6002
5050 6188
5053 5734
5054 6001
5058 5660
5060 6034
5060 6160
5060 6240
5063 6233
5066 5659
5070 5245
5070 5323
5072 5875
5080 5813
5082 5873
5083 5902
5091 5580
5092 5511
5093 5819
5093 5845
5096 5916
5102 5566
5104 5420
5109 6095
5110 5607
5111 6126
5114 5458
5115 5207
5116 5651
5124 6140
5125 5780
5128 6121
5130 5168
5132 6086
5136 5611
5138 6098
5144 5536
5146 6071
5155 5394
5159 5417
5163 5966
5165 5234
5168 6111
5169 6172
5176 6198
5179 5824
5179 6124
5190 5556
5191 5563
5192 5413
5194 5341
5194 5427
5198 5938
5199 5575
5201 6113
5202 5577
5203 5233
5216 5329
5217 6179
5218 6082
5219 5776
5231 5830
5235 5288
5235 6122
5238 5856
5239 5669
5241 5663
5250 5273
5254 5408
5258 5377
5258 6214
5259 5581
5260 5872
5262 5273
5262 5459
5263 5548
5263 5552
5263 5742
5267 6099
5268 5848
5270 5840
5272 6158
5273 5615
5274 5619
5276 5345
5276 5364
5278 5484
5285 5956
5290 5750
5292 5493
5295 5484
5295 5843
5295 5973
5298 6172
5301 5848
5311 5473
5313 5557
5318 6232
5319 5369
5321 5486
5328 5388
5328 5555
5339 6121
5340 6158
5347 5395
5353 6055
5355 6021
5357 5912
5358 6183
5359 5546
5367 6068
5368 5578
5368 5815
5371 5525
5379 6218
5382 5874
5383 5571
5384 5754
5384 5987
5390 6066
5392 5568
5392 5730
5392 6190
5393 6055
5397 5499
5401 5650
5405 5450
5405 6225
5410 5837
5410 5953
5415 5532
5425 5967
5426 5858
5431 5643
5433 5649
5438 5800
5442 6246
5451 5641
5451 6180
5452 6100
5453 5824
5454 5470
5454 5532
5456 5724
5461 5664
5465 6101
5468 6245
5474 6061
5477 5607
5479 5962
5480 5773
5484 5625
5488 6096
5490 6237
5491 5866
5494 5573
5497 6177
5506 5896
5508 5630
5512 5600
5516 5669
5522 6076
5525 5854
5527 5602
5529 5747
5533 5684
5538 5748
5542 6181
5545 5624
5550 6072
5558 5559
5561 5993
5563 5928
5570 5695
5577 5795
5583 5697
5590 5687
5591 5770
5600 5672
5601 6223
5607 5776
5608 5633
5610 6101
5615 5679
5619 5779
5627 6141
5632 5925
5649 5767
5651 5764
5657 5980
5659 6087
5663 5990
5670 6170
5678 6058
5681 5967
5687 5699
5687 5929
5690 5841
5704 5789
5705 6225
5710 6110
5737 5894
5738 5875
5739 6061
5740 5948
5754 6097
5756 5886
5770 6042
5775 5870
5787 6158
5801 6118
5802 5848
5810 6244
5811 5880
5816 5828
5829 5949
5831 6176
5831 6247
5850 6197
5857 6175
5859 6169
5861 6144
5863 5907
5865 6108
5867 6010
5873 6205
5877 6238
5880 6047
5882 6045
5885 6134
5885 6218
5908 6076
5911 6193
5914 6156
5924 6215
5935 5938
5954 6089
5963 6118
5963 6194
5967 6051
5977 6085
5984 6170
6002 6022
6003 6146
6015 6189
6033 6201
6041 6215
6095 6184
6130 6151
6171 6242
6188 6230
6220 6248