781
0 227
0 642
1 669
1 716
1 762
2 57
2 146
2 765
3 304
4 585
4 771
5 29
5 168
6 314
6 421
7 489
8 82
8 399
9 537
10 676
11 49
11 52
11 115
12 672
13 435
13 684
14 34
14 99
15 84
15 250
15 750
16 79
17 173
17 197
18 102
18 330
19 363
19 690
20 54
21 102
22 556
23 191
23 357
24 43
24 175
24 324
24 370
25 234
25 398
25 545
26 205
26 561
27 105
28 89
28 541
28 764
29 431
30 254
30 515
31 217
31 240
31 260
32 295
32 301
33 381
33 686
34 42
34 152
35 238
36 561
37 278
38 434
38 601
39 98
39 527
40 69
40 711
41 567
41 668
41 742
41 747
43 216
44 738
45 556
45 773
46 686
47 444
48 106
48 198
48 585
49 132
50 372
50 708
51 201
52 88
52 163
53 124
53 303
53 340
54 382
54 705
55 425
55 693
56 320
56 502
56 742
57 136
57 158
58 123
58 474
59 243
59 296
60 496
60 710
61 255
62 617
62 681
63 68
64 291
65 304
65 373
65 633
66 444
67 610
68 387
69 351
70 89
70 279
70 756
71 205
71 698
72 578
73 763
74 180
74 379
75 758
76 245
76 634
77 217
77 675
78 129
78 475
78 477
79 93
79 131
80 437
80 541
80 550
81 690
83 91
83 310
85 157
85 472
85 597
86 593
87 502
88 389
88 396
89 635
90 562
90 687
90 734
91 105
91 298
92 503
93 167
93 712
93 778
94 408
95 319
95 639
96 140
96 766
97 380
97 595
98 535
99 583
100 397
100 656
101 459
101 679
101 758
101 776
102 107
102 637
103 400
103 408
104 126
104 481
106 179
106 504
106 570
106 738
107 410
107 439
108 178
109 271
109 496
110 733
111 316
112 448
112 710
113 214
113 480
114 242
114 413
114 681
115 718
116 151
116 207
117 281
118 630
119 499
120 306
121 218
122 496
123 663
123 735
124 281
125 130
125 193
125 443
126 263
127 297
127 329
127 626
128 210
128 316
129 220
129 437
130 322
130 349
130 499
131 426
132 307
133 338
133 596
134 395
134 475
134 589
135 289
137 755
138 143
138 168
138 344
138 375
139 239
139 350
139 660
140 205
140 291
141 368
141 630
142 709
144 585
144 733
145 333
145 420
145 737
147 167
147 186
147 549
147 592
148 176
149 652
149 690
150 294
150 454
152 250
152 341
152 553
152 613
153 156
153 249
154 354
154 495
154 641
154 716
155 485
159 181
160 192
160 210
161 243
161 729
161 765
162 602
164 753
164 768
165 180
165 311
165 563
165 582
166 499
166 677
167 463
169 277
170 639
171 371
172 293
172 417
174 278
174 406
175 720
176 394
176 539
177 432
177 554
177 588
178 319
178 503
179 361
180 230
180 711
181 419
181 496
182 362
182 484
182 753
183 439
184 594
185 300
185 751
187 371
187 636
188 445
188 580
189 547
190 214
190 428
191 298
191 337
191 618
192 275
194 335
194 623
194 708
195 434
195 500
195 596
196 305
197 431
197 497
197 769
199 289
200 287
200 414
201 483
202 384
202 722
203 224
203 317
203 634
203 743
203 759
204 340
205 409
206 248
206 249
206 375
207 218
207 763
208 242
208 491
208 494
209 432
209 464
210 495
211 549
212 366
213 692
214 604
214 734
215 468
216 689
217 313
217 450
218 475
218 492
219 354
220 257
221 299
221 342
221 364
221 487
221 512
221 680
221 695
222 532
223 291
225 315
225 591
226 327
226 513
226 661
227 467
228 265
228 468
229 302
229 478
230 430
231 764
231 779
232 490
233 290
235 600
236 337
237 355
237 541
237 578
238 622
239 288
240 467
241 379
241 616
244 620
246 277
246 719
247 734
248 708
249 757
251 551
251 741
252 575
253 463
254 271
255 438
256 436
256 731
257 390
258 312
259 548
259 622
261 509
262 291
262 603
263 625
264 774
265 424
266 360
266 745
267 547
268 337
268 675
269 305
269 687
270 386
270 438
271 374
271 402
272 383
272 435
273 471
273 523
274 491
276 351
277 345
278 308
278 532
279 749
280 487
280 511
280 572
280 730
282 352
282 715
283 658
284 529
284 699
285 511
286 701
289 473
290 346
291 685
292 320
294 327
295 445
295 489
296 763
297 405
297 725
299 440
299 509
301 438
302 696
302 769
303 698
304 724
306 415
306 698
308 353
308 594
309 315
309 772
311 591
311 774
312 542
312 626
315 645
317 452
318 593
319 454
321 331
322 704
323 512
323 576
324 566
325 565
326 343
326 451
326 527
327 666
327 726
328 767
330 727
331 579
331 632
331 703
332 645
333 377
333 421
333 774
334 678
335 427
336 559
337 407
339 596
339 626
340 400
340 590
341 406
341 591
342 744
345 573
345 693
345 752
346 511
347 764
348 471
348 633
349 391
349 458
349 736
352 429
355 431
355 746
356 449
356 653
358 533
358 599
358 689
359 533
359 548
359 600
360 439
361 464
361 654
362 775
363 706
363 772
365 457
365 740
366 500
366 641
367 692
369 399
371 523
373 694
374 681
376 402
376 528
378 465
379 566
380 472
380 743
381 485
381 524
384 537
385 670
387 625
388 580
392 396
392 722
393 589
397 728
398 404
398 766
399 779
401 438
401 565
401 732
403 677
404 665
405 486
407 703
408 516
408 562
411 624
411 745
412 541
414 643
416 663
417 490
417 586
418 735
419 507
419 773
422 477
422 489
423 484
424 672
426 705
429 775
431 506
431 664
433 622
434 672
437 446
437 543
438 460
440 614
441 550
442 745
443 655
444 462
447 453
447 575
447 691
448 518
448 643
450 482
451 508
452 498
453 625
453 671
455 521
455 633
456 492
456 612
457 674
461 706
462 582
465 651
466 483
466 519
466 691
468 574
469 665
470 759
471 474
473 579
474 678
476 609
478 536
479 529
481 778
484 640
484 767
485 718
486 676
486 776
488 511
490 611
492 569
493 761
494 753
497 523
498 526
499 619
500 512
501 570
501 648
501 688
501 700
502 733
504 560
504 571
505 755
507 510
514 581
514 749
515 659
517 608
517 630
520 647
522 587
522 636
525 536
525 709
526 639
527 540
527 555
530 665
531 595
534 728
534 770
535 699
538 723
539 734
541 760
542 557
542 563
544 613
546 644
547 720
551 568
551 763
552 672
552 731
553 584
554 673
555 610
556 683
556 756
558 719
558 738
559 583
559 692
564 747
565 670
565 755
567 627
570 774
571 615
571 628
572 699
573 605
573 717
575 708
575 728
577 649
577 723
579 739
579 758
580 684
583 606
586 620
586 631
593 622
598 724
601 751
602 683
602 686
607 727
608 647
609 729
615 657
621 728
629 702
629 763
630 776
631 723
638 653
639 660
644 665
644 741
646 776
649 757
650 773
651 771
653 674
654 667
658 725
658 745
662 754
677 742
682 711
697 736
701 729
702 725
707 744
713 763
714 723
720 748
721 751
731 754
740 769
749 780
750 777
755 761
759 769