781
0 20
1 188
2 201
2 525
2 760
3 19
3 688
4 34
4 328
5 36
5 680
6 303
6 589
6 748
7 202
7 437
8 28
8 587
9 23
9 556
10 175
10 577
11 59
11 562
12 711
13 258
14 93
14 124
14 715
15 763
16 336
16 414
16 449
16 618
16 623
17 551
18 193
18 553
20 115
20 355
20 655
20 680
21 338
22 581
23 132
24 264
25 345
26 88
26 584
26 617
27 437
28 501
29 45
29 755
30 37
30 63
30 154
30 270
30 301
31 204
32 751
33 509
34 387
34 536
35 410
35 602
36 312
36 596
37 546
38 378
38 499
39 130
39 262
39 651
39 705
40 548
40 704
41 348
42 404
42 431
43 298
44 714
46 454
47 364
47 631
48 464
49 766
50 70
51 207
51 479
51 701
52 94
53 322
54 327
54 654
55 95
55 711
56 768
57 286
57 690
58 776
59 329
60 250
60 466
60 557
61 769
62 256
62 257
63 109
64 380
64 411
64 463
64 730
65 426
66 384
67 509
67 517
68 107
69 661
69 688
69 700
70 380
70 434
70 674
71 509
71 611
72 322
73 174
73 669
74 116
74 377
74 417
74 585
75 538
75 668
76 737
77 374
77 589
78 107
78 392
78 489
79 764
80 345
80 652
81 268
81 485
82 424
83 727
83 762
84 731
85 252
86 282
87 155
87 247
87 704
88 122
88 341
88 628
89 243
89 305
89 359
89 428
89 726
90 133
90 365
91 102
91 444
92 541
94 392
96 210
97 203
97 581
97 627
97 757
98 275
99 158
99 732
100 321
100 713
101 389
101 577
102 378
103 344
103 385
103 530
104 132
104 394
105 566
106 499
106 531
106 575
107 330
108 249
109 191
110 273
110 512
111 526
112 523
113 342
113 354
114 220
114 281
114 404
116 278
116 362
117 374
118 159
118 316
118 343
119 326
119 565
120 143
120 482
120 506
120 543
120 590
121 719
122 422
123 209
124 256
125 694
125 729
126 620
127 188
128 451
128 551
129 280
129 292
131 457
131 484
132 635
132 671
133 647
134 712
135 566
136 476
136 589
136 677
136 706
137 491
138 298
138 599
139 159
140 465
140 772
141 542
142 433
142 633
142 656
143 314
143 698
144 577
145 497
145 540
146 548
146 725
147 267
147 322
147 424
148 382
149 205
149 652
150 159
150 458
151 217
151 298
151 469
152 520
153 160
153 478
153 586
154 269
155 421
156 268
157 429
158 234
158 278
159 360
160 334
160 469
161 308
162 190
162 357
163 356
163 454
164 386
165 362
166 282
166 533
166 728
167 516
167 671
168 519
169 401
170 607
171 593
172 193
172 280
172 741
173 415
173 574
174 488
174 742
175 568
176 297
176 675
176 716
177 745
178 394
178 492
179 230
179 260
179 319
179 435
180 214
181 313
181 612
182 484
183 266
183 548
184 200
184 290
184 358
185 617
185 715
185 739
186 205
186 502
187 544
188 453
188 484
189 279
189 326
190 559
191 616
192 662
193 597
194 334
194 610
194 623
194 673
195 558
196 648
196 657
197 291
198 370
198 546
199 600
200 570
203 525
204 397
204 649
205 573
206 306
206 533
206 667
207 272
208 641
209 261
209 398
209 708
210 494
210 568
211 770
212 255
212 346
213 575
214 374
214 539
214 615
215 406
216 296
216 406
216 450
217 288
218 605
219 484
219 658
220 304
220 771
221 276
221 336
222 270
222 272
222 467
222 776
223 268
223 734
224 606
225 542
226 299
226 451
227 248
228 353
228 430
229 264
229 449
231 324
231 563
231 698
232 701
233 274
233 321
233 721
234 340
235 733
236 306
237 718
237 779
238 652
239 599
240 574
241 302
241 641
242 685
243 252
243 765
244 314
245 402
245 582
246 364
246 454
247 643
247 707
248 249
248 459
248 488
248 746
249 527
250 285
251 302
252 368
252 620
253 339
253 604
254 295
255 393
257 642
258 270
259 330
260 554
261 414
262 584
263 419
263 611
263 777
264 300
264 753
265 515
266 524
267 533
268 471
269 284
270 648
271 281
271 607
272 685
273 412
274 536
275 412
275 470
276 510
276 666
277 534
278 342
281 750
282 425
283 543
284 397
285 514
285 645
286 310
286 580
287 317
287 503
289 602
291 395
291 504
291 545
291 653
293 561
294 638
295 515
295 680
300 564
301 709
301 731
302 378
307 462
307 507
307 773
308 438
309 464
309 609
311 458
311 646
313 597
313 622
315 586
316 603
317 552
318 319
319 703
320 387
320 520
320 670
321 717
321 768
323 725
324 638
325 477
326 335
326 406
327 581
327 738
329 616
330 471
330 755
331 545
332 745
333 420
333 452
333 605
334 749
335 632
335 778
336 617
337 472
337 604
338 738
339 625
341 560
346 475
346 513
347 409
347 519
347 637
348 492
349 497
349 498
350 571
350 591
351 369
352 660
354 447
356 468
356 555
357 645
357 759
359 438
361 655
363 544
363 701
365 446
365 639
366 618
367 578
369 491
369 756
370 430
370 579
371 699
372 665
373 527
374 686
375 580
375 622
376 432
376 720
378 426
379 587
379 678
380 549
380 697
381 550
381 584
382 579
383 542
384 496
386 553
388 659
389 476
390 451
391 473
393 429
396 753
399 536
400 470
401 494
403 506
404 723
405 549
406 508
407 753
408 675
411 693
412 488
412 539
413 702
413 744
413 767
416 735
418 480
418 534
419 588
420 714
421 561
423 505
423 683
423 694
426 636
426 663
427 714
427 737
429 583
432 439
435 681
436 612
437 535
437 592
438 561
440 460
441 698
442 678
443 504
443 547
444 572
445 641
445 659
447 506
448 593
448 707
449 549
451 574
452 455
452 552
454 656
456 479
456 621
458 755
459 481
459 578
460 671
461 759
462 630
462 662
463 474
465 642
466 533
468 731
468 735
471 710
472 575
473 698
474 595
475 629
476 522
477 523
480 606
483 656
485 490
485 600
486 744
487 531
490 529
491 495
491 562
493 526
493 777
494 562
494 719
496 695
496 751
497 775
498 567
498 764
500 501
500 674
500 754
502 626
502 747
504 626
509 577
511 564
512 604
512 720
513 631
518 742
519 595
520 640
521 667
523 669
525 547
528 619
528 706
529 558
530 565
530 576
530 695
531 774
532 601
532 765
532 769
533 602
533 665
533 758
534 710
537 769
538 758
539 569
540 724
541 597
542 596
545 676
547 658
548 752
550 687
550 713
552 739
553 634
554 639
556 650
557 677
561 779
563 778
566 594
566 742
570 764
574 638
575 770
581 665
581 763
582 607
582 633
591 671
592 613
597 706
598 712
605 608
605 703
605 711
605 729
607 692
609 702
613 691
614 726
624 703
625 699
631 744
636 712
642 743
644 701
648 769
650 689
650 749
653 679
655 675
655 684
657 696
658 682
660 741
664 779
672 739
682 780
684 755
687 779
689 733
690 724
691 746
698 705
700 742
710 722
717 734
736 760
740 747
745 767
749 773
759 761
762 767
766 768