3125
0 1583
1 199
2 479
2 1065
2 2294
3 1129
3 1870
4 1591
5 752
5 2219
6 119
6 664
6 1728
6 2096
7 1062
7 1314
8 1485
8 1952
9 316
9 544
9 1612
10 1443
10 1488
10 1855
10 2578
11 1734
12 1272
13 913
13 2438
14 876
14 987
14 2910
15 1359
15 2406
15 2663
16 1358
16 1537
17 1905
17 2068
17 2556
18 24
18 774
18 2833
19 2758
20 1994
21 1129
22 1887
22 1949
23 225
23 2971
24 1271
24 2164
24 2798
25 1696
25 2581
26 119
26 1841
27 2052
28 1121
29 1899
30 2242
30 2336
31 1179
31 1728
31 2125
31 2844
31 3114
32 287
32 526
32 3064
33 333
33 1851
34 357
34 508
34 616
34 1372
35 1007
35 1190
35 1235
36 2574
37 485
37 579
38 905
38 1459
38 2776
39 2991
40 181
40 1688
41 1333
41 1911
42 1119
42 1829
43 693
43 1459
44 259
44 378
44 1970
44 2695
45 2622
45 2864
46 1519
47 2561
47 2584
48 2533
49 2328
49 2614
49 3077
50 536
50 1978
51 1320
52 2065
53 412
54 562
54 592
54 2674
55 2187
55 3081
56 854
56 1305
57 2154
57 2723
58 187
58 1923
58 2841
59 748
59 979
60 76
60 1945
61 713
61 2332
61 2671
62 1199
62 2957
63 775
64 1170
64 1381
65 952
65 2807
66 1595
66 2495
67 983
67 2978
68 1126
69 1073
69 1599
69 2424
70 337
70 1386
71 1119
71 1763
71 2008
72 2560
73 2621
74 1373
74 1744
74 1917
74 3112
75 822
76 2938
77 1447
77 2921
78 2794
79 793
79 1443
80 118
80 2005
81 905
81 1009
81 1509
82 554
82 2842
83 1905
84 353
84 1835
85 1966
86 433
86 469
86 1697
86 2850
87 1535
87 2139
87 2840
88 296
89 731
89 1757
90 206
90 716
90 1359
91 1951
91 2619
92 902
92 917
93 1018
94 1032
94 1110
94 3066
95 932
95 1218
95 1343
96 1017
97 497
98 293
99 276
100 631
100 1201
101 2091
101 2113
102 543
102 2168
103 801
103 1265
104 1339
104 1432
104 1578
105 135
106 291
107 1933
107 2192
107 2347
108 2118
108 2304
109 1227
110 1796
111 539
111 1326
111 2252
112 498
112 2270
113 433
114 2780
115 1315
115 1793
116 2013
116 2690
117 1063
118 1755
118 2152
119 473
119 1484
120 788
120 1176
121 1376
122 2252
122 2943
123 680
123 2181
123 3006
124 1907
125 1170
125 1966
126 971
127 574
128 2586
129 1017
129 1559
130 1108
130 1996
131 1653
132 2309
133 170
134 1788
135 1563
136 466
136 1743
137 2735
138 1623
139 831
140 1780
140 2417
141 196
142 565
142 2564
143 2609
143 2893
144 1037
144 2153
144 2314
144 2587
145 554
145 1094
146 262
146 1739
146 1802
146 2254
146 2260
147 800
148 2300
149 1539
149 1635
150 1163
151 1152
152 909
152 1598
152 2671
153 2798
153 3098
154 1592
155 383
155 1314
156 1944
157 2653
158 1068
158 1856
159 1495
159 1664
159 3123
160 2050
160 2721
161 1708
161 2455
162 247
162 2162
163 611
163 1218
164 307
165 664
165 2263
165 2879
166 1290
166 2258
167 2193
167 2455
168 1633
169 1351
170 193
171 2650
171 2755
172 798
172 1648
172 2527
173 2834
174 621
174 733
175 2046
175 2800
175 2934
176 1184
177 1046
178 2879
179 3087
180 486
180 827
180 890
180 1203
182 577
182 1526
183 2161
184 348
184 2630
185 1122
185 1937
186 905
186 2786
187 1748
187 1758
188 1019
188 1221
189 3117
190 899
190 1224
190 1550
190 2570
191 1013
191 1042
192 1923
193 707
193 1439
193 2038
193 2324
194 465
194 1907
194 2964
195 1519
196 1198
197 760
198 1254
198 2029
199 2510
200 1519
200 2897
201 1696
202 249
202 1959
202 2080
203 2583
204 3047
205 2070
206 2469
207 890
208 2195
209 333
210 273
211 867
211 1503
212 3033
213 1312
213 2230
214 2291
215 1242
215 1773
215 2738
216 292
216 2907
217 370
217 2619
218 409
219 1670
219 2751
219 2855
220 1226
220 1326
221 1045
222 2467
222 2549
223 2893
224 2060
225 855
225 2001
226 2930
227 343
227 462
227 1769
228 1328
228 2546
229 3114
230 2422
231 2801
231 2978
232 594
232 784
232 1826
233 1523
234 781
234 805
234 1276
234 2274
235 496
236 2060
236 2173
236 2819
237 624
237 1266
238 493
238 1813
238 2302
238 2565
238 2702
239 1592
240 515
240 669
240 710
240 2598
241 3094
242 435
242 1947
243 1342
243 2412
244 2084
245 1543
245 2788
246 1610
246 2310
246 2669
246 3016
248 572
248 1818
249 1236
250 1332
250 1987
251 1076
252 976
252 1209
253 1500
253 1789
254 980
255 1392
255 2338
255 2969
256 1435
257 1666
257 1893
258 1794
258 2336
259 2769
260 268
260 2499
261 2539
262 2160
263 2932
264 2391
265 2272
266 827
267 1430
268 1791
268 2012
269 581
269 1863
269 2628
270 367
271 2087
272 1961
273 1447
274 2357
275 762
275 1647
275 2541
276 1691
276 1862
277 1676
277 2985
278 368
278 1678
278 3101
279 806
279 1280
279 2486
279 3027
280 1020
280 2578
281 1747
281 2637
281 3085
282 297
282 3049
283 972
284 2852
285 509
286 1055
286 1095
288 1399
289 2672
290 298
290 345
290 1136
291 1642
291 1888
293 1217
293 1566
293 1785
294 1455
294 1904
295 1529
295 2059
296 2611
297 1619
298 1756
299 1983
300 1683
300 2106
301 1466
302 1515
302 2936
303 1879
304 973
305 1155
305 1828
305 2783
306 1702
306 2484
307 555
307 682
308 1821
309 1378
309 2567
310 317
310 1159
311 730
311 2777
312 1249
312 1317
312 2296
313 1523
313 1585
313 2819
314 857
314 2346
315 1314
316 1898
317 1777
317 2675
318 709
319 1901
319 2805
320 1366
321 538
321 728
321 3011
322 1168
323 1500
323 2562
324 1176
325 385
326 1564
326 2471
326 2565
327 1352
328 667
328 2229
329 404
329 1945
329 2584
330 503
330 2297
330 2749
331 2691
331 2901
332 627
332 2343
332 2993
333 2165
334 2340
335 1565
336 517
336 1521
336 2390
338 1255
338 1457
339 2204
339 2237
339 2683
339 3115
340 1229
340 2017
341 601
341 2475
342 3035
343 1333
343 2417
344 1048
346 1853
346 1976
347 1753
348 781
348 2965
349 1825
350 1039
350 1547
350 1704
351 1531
351 1573
351 2137
351 2881
352 465
353 965
354 1078
354 1175
354 2136
355 3083
356 1163
356 1198
358 1173
359 1495
360 2025
360 2353
360 2792
361 733
361 950
362 2550
363 648
364 858
365 894
365 1699
366 1769
366 2245
367 756
367 2353
368 2635
369 1559
370 1108
371 446
371 1303
371 2142
372 1394
373 886
373 1554
373 1996
374 1956
374 2767
375 982
375 2596
376 781
377 1924
378 2899
379 2499
380 835
380 1097
380 1685
380 3007
381 2652
382 2578
384 1719
384 2576
384 2600
385 2176
386 1217
387 476
387 854
388 961
388 1230
388 2777
389 1360
389 1832
390 884
390 1952
391 1212
391 1621
392 1988
393 591
393 2581
394 2110
394 2847
395 1266
395 2070
395 2741
396 995
396 1157
396 1545
397 431
397 2709
397 2999
398 2041
399 1257
399 1680
400 2374
401 1758
401 2350
402 1011
402 1932
403 2196
403 2823
403 2942
404 2431
404 2862
405 2915
405 3112
406 1107
407 608
407 947
408 2579
409 1753
409 1870
409 1878
410 1061
410 1386
411 642
412 628
413 963
413 1040
413 1089
414 2387
414 2456
415 1305
415 1355
415 2604
416 706
416 853
416 2308
416 2910
417 632
417 2671
418 705
419 2177
419 2187
420 621
421 720
421 1568
422 631
422 1611
423 654
423 751
424 675
424 684
424 712
424 1322
424 1366
425 2463
426 2691
427 456
427 701
427 1804
428 1543
429 1597
430 862
430 3084
431 1350
431 2365
432 776
434 1905
435 482
435 2496
436 1076
437 2721
438 768
438 2102
438 2686
438 2805
439 696
439 3119
440 790
441 1694
441 2896
442 1829
442 2126
443 1417
443 2799
444 3065
445 1540
445 1857
447 1071
447 1774
448 1792
449 463
449 2114
450 598
450 1839
450 1842
451 2140
452 710
453 2511
454 793
454 3051
455 2692
455 2872
456 786
456 1760
457 603
458 1661
459 1761
460 2820
461 3057
462 1002
462 2226
463 3083
464 2264
465 1808
465 2090
466 1657
467 636
467 715
467 968
468 597
468 3039
469 1422
469 2149
470 1145
470 3026
471 1400
471 1589
471 2301
472 585
472 1100
474 1369
474 2828
475 671
475 2936
476 621
476 2386
477 1016
477 2349
477 2381
478 3009
479 1233
479 1979
480 505
480 1306
480 2595
481 1510
481 2271
481 2820
482 1400
483 2907
484 650
485 1598
486 2212
487 694
488 1004
488 2998
489 759
490 1838
490 2383
490 3061
491 1930
491 2127
492 1639
492 1833
494 673
494 2775
495 3023
496 1241
497 2107
498 775
498 1151
499 558
499 961
500 1293
500 2042
501 1121
501 2107
502 2263
504 601
504 883
505 2945
506 1376
506 2155
506 2493
507 1708
507 2028
508 2228
508 2566
509 966
510 1706
511 1804
512 1202
512 1808
513 614
513 1906
513 2823
514 2258
515 2571
516 2651
517 2932
518 2940
519 2009
519 2784
520 1991
521 2709
522 1020
523 1176
524 1625
524 2928
525 744
525 1668
525 2090
526 798
526 2372
527 1913
528 2824
528 3076
529 1273
529 2061
530 1068
531 1076
532 1044
532 2108
533 3081
534 935
534 1766
535 804
535 1607
536 1750
536 2335
537 1397
537 1869
538 1421
538 2589
539 2643
539 2802
540 2281
540 2957
541 579
541 2184
542 1846
542 2873
545 800
545 825
545 968
546 887
547 1060
547 1097
548 1246
548 2132
548 2233
548 2462
549 839
549 1118
550 773
551 2467
551 2490
552 646
552 2819
553 1170
553 3024
554 1950
555 1563
555 2640
555 2961
556 1462
556 2864
557 1458
557 2984
558 840
558 1406
559 2943
560 590
560 1346
561 1377
562 3002
563 1710
563 1897
563 1913
563 1938
564 890
564 2418
564 3086
565 1407
565 3032
566 1996
567 1163
567 1911
568 978
568 3019
569 882
570 668
571 2317
572 2428
572 3073
573 633
573 736
574 2219
574 2724
575 1206
576 617
578 613
579 763
580 1857
580 2089
581 972
582 1267
582 1976
582 2232
583 1456
584 2259
584 3066
585 849
586 622
586 1064
586 1858
587 1214
587 1292
588 738
588 1031
588 1789
589 2559
590 623
590 1133
590 2457
592 651
592 1429
592 1908
593 1491
593 1805
593 2978
594 1754
595 748
596 903
596 1399
597 1857
599 1481
599 1765
599 2234
600 2213
601 1767
601 2407
602 1944
602 2158
603 914
603 2088
604 1707
604 2213
605 729
606 641
606 1706
607 2510
608 2098
609 1099
610 2071
611 998
611 1469
611 1703
612 2117
612 2967
613 1604
614 1824
614 2941
615 1985
615 2764
615 2976
616 1903
616 2721
617 1443
618 649
618 1211
618 1486
619 867
620 2972
621 1069
622 785
624 979
624 1075
624 1276
625 2314
625 3090
626 676
626 884
626 2447
626 2813
627 653
627 1142
627 2119
628 1941
629 923
629 1605
629 2649
630 1423
630 2035
631 1610
631 3090
634 2823
635 1591
635 2951
635 2973
636 1057
636 2935
637 1288
637 2345
637 2442
637 2514
638 799
638 3021
639 2559
639 2953
640 982
640 1781
640 2422
640 2756
641 1157
642 1869
643 3065
644 943
644 3080
645 1099
645 1687
645 2986
647 2282
647 2481
648 1579
648 2415
650 2312
651 2358
652 2218
653 3113
654 707
654 1110
654 1647
655 1492
655 1771
656 1269
656 2550
657 1043
657 2649
658 1382
659 739
659 1514
660 2510
661 2749
662 2375
663 844
663 3066
664 896
665 2571
666 2076
666 2889
668 2924
669 1582
669 2295
670 1154
670 3087
671 1198
672 1329
672 1482
672 1491
672 2230
673 958
673 1309
673 2629
674 3078
676 837
677 1053
677 1413
678 1698
678 2303
679 798
680 807
680 2752
681 1545
682 1102
682 1469
683 1093
683 2458
685 1025
686 2608
687 1554
687 1653
688 2791
689 824
689 1738
690 918
690 2252
690 2662
690 2937
691 945
692 2810
694 1873
695 1966
695 2972
696 802
696 1238
696 3123
697 722
697 791
698 2177
699 1580
699 3019
700 2598
701 2182
701 2674
702 1281
702 2610
702 3004
703 982
704 2086
704 2792
705 1973
706 777
707 746
707 1440
708 1843
709 1671
709 2819
710 1556
711 1822
711 1843
712 934
713 1190
713 2487
714 1321
717 1365
718 1477
719 947
720 1164
720 1388
720 2333
721 912
721 2162
722 1998
723 1051
723 3011
724 2696
724 3124
725 2839
726 1234
726 2260
727 2437
729 1215
730 1846
731 3055
732 2148
733 2388
734 1404
734 2463
734 2994
735 2334
735 2651
736 1000
736 1162
736 2620
737 1661
737 3109
738 2450
740 1881
741 2743
742 1676
742 2681
743 1793
743 1805
745 942
746 1776
746 2569
747 1349
747 2572
749 908
750 1981
753 960
754 2598
755 1690
755 2220
756 2104
757 2078
757 3003
758 867
759 1763
760 2052
760 2541
761 2623
764 1835
765 1454
765 1948
765 2952
766 982
767 1567
767 1573
768 1344
769 1384
769 1482
769 1958
770 1150
771 1548
771 2171
772 829
773 1105
773 1173
774 822
776 2022
777 2815
778 1310
778 1674
778 1737
779 965
779 1405
779 2189
780 1277
782 1501
783 2531
783 2971
783 3092
784 2698
787 1701
787 2192
789 2582
789 2702
790 2565
791 876
791 2139
792 1741
792 3073
793 2229
794 2218
795 826
796 1322
796 1641
797 1731
797 1874
797 2079
800 2601
800 2675
801 2650
801 2832
802 2305
803 1973
803 2655
805 2983
806 1501
807 2913
808 1284
809 1244
810 957
810 1184
811 1024
811 1450
812 2276
813 1350
813 1650
813 2979
814 1122
814 1930
815 1870
815 2494
816 2612
817 1519
818 914
818 975
819 1846
820 1646
821 2622
823 1654
823 2206
824 1071
824 1098
824 2860
826 2397
828 1334
828 2612
829 1243
829 2375
830 1425
830 2870
831 1235
832 900
832 1010
832 2383
833 1641
834 936
835 1609
836 1587
836 2327
836 2394
837 1505
838 997
838 2145
841 1320
842 1565
843 1287
843 1458
844 2835
845 1662
845 2790
845 3094
846 1472
846 1578
847 1085
847 1638
847 2479
848 1029
848 2044
849 1565
850 1003
850 1601
850 2035
851 1482
852 1278
856 1666
858 1295
858 1693
858 2196
859 2579
860 1643
860 2482
861 2196
862 1147
862 1644
862 2376
863 1512
863 2168
863 3060
864 2706
865 1251
865 1451
866 2549
866 3110
867 2811
868 2056
868 2694
869 2984
870 1965
870 2446
871 1909
871 2342
872 1087
872 1188
872 1702
873 2198
874 1844
875 3035
877 1734
878 2233
878 2236
879 1047
879 2605
880 1865
881 2286
882 2918
883 2474
885 1697
885 2300
885 2816
887 2345
888 2631
888 2681
888 3021
889 1760
889 2916
890 1736
891 921
891 2817
892 1390
892 1543
892 2613
893 1515
894 1019
895 2501
896 2542
897 996
897 1042
898 2676
899 2717
901 1507
901 2778
901 3117
902 2104
903 940
903 952
903 1439
903 2147
904 1196
904 1323
904 2003
904 2312
904 2955
906 1455
907 1704
908 1888
908 2761
910 1050
910 2185
911 2177
912 1643
913 1048
915 2754
916 2194
917 1637
917 2067
918 1487
919 2016
920 1516
920 1847
921 1224
921 2253
922 1105
922 1832
923 1213
923 1834
923 1956
924 2195
925 2512
926 1365
926 1886
926 2994
927 2542
928 1576
928 3092
929 1627
929 2917
929 2954
930 2960
931 3027
933 2084
934 1983
935 2073
935 2464
936 1292
936 1729
937 971
938 1632
938 2162
939 1767
939 2133
939 2195
941 1872
942 1053
942 1762
942 2321
944 1080
944 1132
944 3075
945 2744
946 1669
947 1369
947 2175
947 2875
948 1141
948 2056
949 2085
951 1241
951 2645
952 960
952 3116
953 2589
954 1176
955 2975
956 2164
958 1424
958 1842
959 1088
959 1511
961 2408
962 2090
963 1981
964 1008
964 1106
966 1573
966 1597
966 1756
967 1194
967 1381
969 2671
970 1160
970 2231
970 2909
971 2358
971 2910
972 1174
972 1913
973 1546
974 1047
974 3017
975 1559
976 2803
977 1595
977 1751
979 1575
980 1058
980 2603
981 1643
981 2973
983 1914
984 1158
984 1564
984 3056
985 2508
985 2754
986 1858
986 1876
988 1091
989 1681
989 2194
990 1949
990 2806
991 1258
992 2823
993 1690
994 1155
994 1811
995 2974
999 2264
1000 1635
1000 2795
1001 1232
1001 1559
1002 3063
1003 1156
1003 2319
1003 2618
1005 1935
1005 2152
1006 2559
1008 1581
1010 2722
1012 1122
1012 1335
1012 1634
1012 2007
1013 1195
1013 2771
1014 2858
1015 1655
1015 1733
1015 2791
1017 1379
1017 3105
1018 1146
1018 2030
1019 1528
1019 2045
1019 2174
1021 2552
1021 2848
1022 2106
1023 1661
1023 2122
1024 1743
1025 1957
1025 2004
1025 2041
1025 2568
1026 1740
1026 2809
1027 1901
1027 2981
1028 1572
1029 1154
1029 1233
1029 3064
1030 2046
1030 2114
1032 1982
1033 2968
1034 1709
1035 2892
1036 1335
1038 1920
1038 2703
1040 2116
1040 2398
1040 3117
1041 1914
1041 2331
1042 1112
1042 1959
1043 1542
1044 1387
1045 1692
1045 2482
1046 1630
1047 1242
1048 2370
1049 2551
1049 2858
1050 1512
1050 2729
1051 1596
1052 2693
1053 1520
1054 2409
1055 1492
1056 1490
1057 1916
1057 1999
1057 2804
1058 1385
1058 1709
1059 1464
1059 2041
1060 2560
1063 2982
1064 2335
1064 2773
1066 2534
1067 1369
1069 1127
1069 1304
1069 1626
1069 1796
1070 3122
1071 2161
1071 2458
1072 1475
1072 1973
1074 1444
1074 1649
1075 2307
1076 1489
1076 2073
1077 1414
1077 1740
1077 1741
1079 1283
1079 1584
1081 1976
1082 2299
1082 2588
1083 1662
1084 1124
1086 1279
1086 1833
1086 1845
1086 2558
1086 2907
1087 1248
1088 2456
1090 2690
1091 1354
1092 2684
1093 1593
1093 2318
1093 2639
1093 2821
1094 1456
1094 2811
1096 2091
1096 2110
1096 2588
1097 1271
1097 2043
1098 2848
1099 1145
1099 1260
1099 1397
1099 1667
1099 2385
1099 2466
1101 1396
1101 3106
1103 1639
1103 2988
1104 1603
1105 1714
1107 1712
1108 2242
1109 1966
1109 1969
1109 2857
1110 2150
1111 2289
1111 2384
1112 1231
1113 1453
1114 2205
1114 2707
1115 2309
1115 2382
1115 2698
1116 1595
1117 1345
1117 1506
1117 2974
1118 1299
1118 2523
1119 1847
1120 2342
1121 1517
1121 2536
1123 2504
1123 2927
1123 2990
1124 1788
1124 2041
1124 2309
1125 1986
1125 2106
1125 2492
1126 1997
1126 2254
1127 2040
1127 2684
1128 2450
1128 3122
1129 1550
1129 1735
1129 2503
1130 2743
1131 1958
1133 1891
1134 2063
1134 2863
1135 1763
1137 2167
1138 3098
1139 1460
1139 3004
1140 2885
1141 1785
1141 2081
1143 2072
1144 2467
1145 2858
1146 3005
1148 2519
1149 1677
1150 1249
1150 2066
1150 2374
1152 1767
1153 2354
1161 1750
1162 2460
1164 1559
1164 2249
1165 1930
1166 2591
1167 2099
1167 2217
1168 1170
1168 2485
1169 2370
1171 1791
1172 2664
1173 1526
1174 2218
1175 1368
1176 1830
1176 3070
1177 2160
1178 1889
1179 1895
1180 2121
1181 2367
1181 2517
1181 2746
1182 2177
1183 1958
1183 2395
1184 1530
1184 2340
1184 2854
1185 1967
1186 2081
1186 2223
1187 1419
1187 2468
1187 3093
1188 2030
1189 2937
1191 2998
1192 1452
1192 2340
1193 1707
1195 2197
1196 1834
1196 2777
1197 2143
1198 2670
1198 2851
1199 1706
1200 3034
1201 2621
1202 1364
1203 2121
1204 2488
1205 2716
1205 2865
1206 1690
1207 1984
1208 1462
1208 1497
1210 2949
1211 1747
1213 2071
1214 1695
1214 2481
1215 1536
1215 2627
1216 2681
1217 1782
1219 2635
1220 2005
1220 2077
1220 2793
1221 2413
1222 2440
1222 3010
1223 2294
1224 1572
1224 2757
1225 2426
1226 1718
1227 1534
1227 1797
1227 2868
1227 2996
1228 2520
1229 2403
1231 2747
1234 2411
1236 1899
1236 2491
1237 2614
1238 1810
1239 2251
1240 1431
1241 2825
1242 3012
1243 1411
1243 1711
1243 2075
1244 2209
1244 2409
1245 2713
1247 2314
1247 2599
1248 1927
1249 2341
1250 2526
1251 2058
1251 2663
1251 2667
1252 2477
1253 2675
1253 3051
1254 2198
1254 2763
1255 2217
1255 2574
1256 2140
1256 2264
1256 2657
1256 2672
1256 2711
1256 2736
1258 1556
1258 1561
1258 1748
1259 2165
1259 2608
1261 2620
1262 1598
1263 1613
1264 2049
1264 2497
1265 1859
1266 1889
1268 2540
1269 1322
1270 1300
1270 2958
1272 2054
1273 1314
1274 1318
1275 2478
1275 3104
1277 2664
1278 2659
1278 3022
1279 2114
1280 1519
1281 2504
1281 3077
1282 1674
1282 2080
1283 1553
1284 2316
1284 2763
1285 1860
1285 2146
1285 2285
1285 2421
1285 2538
1286 2745
1287 1351
1287 2478
1287 2888
1289 1394
1290 2782
1291 2696
1293 1451
1293 2115
1294 2944
1295 1336
1295 1347
1295 1614
1295 2423
1296 1801
1296 1873
1296 1980
1297 1326
1297 2730
1298 2331
1301 2451
1302 1570
1302 3103
1303 1775
1307 1465
1308 1898
1309 1611
1309 3015
1310 1594
1310 2606
1311 1814
1312 1629
1313 2892
1315 2524
1316 1790
1316 2500
1317 1486
1317 3031
1318 2012
1319 2171
1320 1673
1320 2379
1321 2835
1322 2676
1323 2803
1324 1868
1324 2122
1325 2463
1325 2498
1327 1977
1328 2563
1330 1842
1331 1729
1331 2646
1333 2020
1334 1634
1334 1963
1337 1363
1337 2714
1337 2919
1338 2901
1339 1742
1340 2725
1341 2692
1342 2009
1342 2366
1342 2861
1343 1815
1343 2123
1344 3017
1345 1681
1345 1745
1345 2128
1346 1393
1348 1939
1349 2239
1350 1794
1351 3072
1352 2049
1353 2476
1354 2743
1356 1684
1356 1857
1357 1562
1358 1583
1359 2073
1361 2924
1362 1497
1363 2437
1366 2111
1367 1573
1367 2216
1370 1974
1371 2342
1371 2613
1371 2900
1373 2085
1374 1444
1374 2248
1375 1877
1376 1786
1377 1604
1378 1496
1379 1520
1380 2899
1380 2952
1382 2903
1383 2326
1384 1640
1386 1980
1386 2380
1387 2303
1389 2153
1390 2929
1391 2279
1392 2532
1393 1790
1394 2735
1394 2877
1395 1423
1396 1530
1398 2377
1398 2490
1398 2501
1400 1608
1400 2522
1400 2965
1401 2461
1401 2837
1402 2153
1403 1785
1404 2174
1404 3074
1405 1879
1406 1900
1407 2000
1408 2954
1409 1860
1409 1974
1410 1533
1410 3095
1411 2056
1412 1818
1412 2340
1414 2057
1415 2280
1415 2286
1416 2754
1417 2454
1418 1802
1420 1759
1420 2788
1421 2722
1422 2179
1422 2214
1424 2758
1425 1643
1426 1975
1426 2176
1427 2496
1428 2991
1430 2235
1431 2739
1433 2957
1434 2353
1434 2898
1435 2580
1435 3071
1436 2337
1436 2442
1436 2682
1437 2561
1437 2999
1438 1892
1438 2687
1441 2593
1442 1536
1442 1851
1442 2966
1443 2359
1444 2397
1445 1602
1445 3058
1446 2947
1447 1759
1448 2898
1449 2113
1451 2297
1451 2540
1452 1604
1453 2327
1455 2244
1457 2561
1457 2724
1458 2362
1461 1921
1461 2140
1463 1977
1463 2055
1463 2404
1465 3009
1466 2255
1466 2425
1467 1784
1468 2098
1468 2593
1469 2170
1470 1756
1471 2981
1473 1552
1473 2242
1474 2338
1476 2812
1477 2323
1477 2333
1478 2141
1479 1716
1479 2688
1479 3121
1480 2120
1481 2059
1483 2328
1485 2037
1486 2009
1487 1883
1489 2224
1490 2902
1492 1570
1492 1880
1492 2176
1492 2267
1493 1718
1494 1813
1496 1921
1496 2031
1498 2144
1498 2682
1499 2883
1500 2731
1501 2171
1502 1873
1502 2356
1502 2490
1504 2173
1506 2607
1508 2255
1509 2083
1509 2182
1510 2548
1510 2560
1511 1894
1513 1714
1513 2048
1514 2502
1518 1929
1518 2112
1518 2364
1518 2443
1520 1574
1521 1752
1521 2708
1522 2433
1522 2660
1524 2665
1524 2985
1525 2814
1527 2515
1529 3071
1532 2389
1532 3108
1533 2063
1534 2278
1534 3034
1538 1764
1538 2043
1538 2476
1539 3054
1541 2311
1541 2523
1544 1891
1544 2239
1546 2069
1546 2762
1547 2528
1547 2726
1549 2345
1549 2553
1550 2303
1550 3025
1551 1666
1551 3044
1553 1900
1554 2202
1554 2881
1555 2300
1555 2646
1556 2061
1557 2894
1557 3000
1558 2491
1560 2069
1561 2999
1562 2866
1565 2033
1565 2681
1566 3028
1567 2483
1569 1946
1569 2555
1571 2535
1572 1968
1572 2627
1573 2513
1574 1830
1576 2543
1577 1808
1578 2480
1578 2519
1579 2528
1581 2392
1582 2435
1583 2035
1584 2602
1585 3062
1586 1844
1587 2320
1588 1730
1590 2735
1591 1618
1591 1621
1591 3033
1592 1637
1592 2026
1592 2163
1594 2580
1595 2302
1596 2491
1597 2847
1599 2488
1600 2084
1600 2899
1602 1625
1602 2402
1602 2830
1603 2222
1604 2135
1604 2315
1604 2706
1604 2869
1606 1645
1607 1712
1607 1883
1607 1993
1608 2890
1609 1657
1612 2203
1613 1642
1613 2827
1615 2995
1616 2535
1617 1863
1617 2339
1620 1778
1620 1784
1620 2634
1620 3076
1622 2542
1623 2477
1624 2787
1627 2661
1628 2596
1630 2353
1631 2459
1631 3039
1632 2812
1632 3080
1633 1672
1633 1772
1635 2131
1636 2276
1636 2473
1638 2916
1638 3034
1640 2742
1642 2945
1643 2117
1643 3093
1644 2207
1644 2229
1644 2644
1645 1987
1645 2746
1645 2922
1646 2391
1648 2393
1648 2846
1648 3046
1649 1694
1651 1830
1651 2222
1652 2953
1654 1727
1655 2207
1656 1725
1658 1691
1658 1827
1659 1897
1660 2356
1661 1954
1662 2631
1663 2597
1664 1934
1665 2040
1668 2897
1669 2566
1670 2671
1672 2854
1673 1970
1674 2770
1675 2462
1676 1715
1676 1779
1677 3058
1679 2104
1679 2290
1679 2633
1679 3053
1680 3071
1682 2108
1686 1961
1688 2860
1689 2108
1689 2718
1690 2122
1691 2109
1691 2583
1691 2811
1692 2654
1694 2554
1696 1965
1699 2725
1700 2682
1701 2133
1702 2525
1702 2748
1702 2920
1702 3059
1703 2246
1703 3038
1704 2785
1705 1986
1713 1989
1714 2532
1714 2834
1717 2606
1717 2650
1717 2863
1718 1787
1719 2346
1720 1816
1720 2946
1721 3085
1722 2592
1723 2168
1724 2722
1725 2953
1726 1727
1727 2880
1729 2029
1730 2041
1731 2568
1732 2384
1733 2871
1734 2509
1734 2645
1734 3100
1736 2296
1737 2557
1738 2597
1739 2298
1740 1910
1746 2305
1749 2848
1751 2890
1752 3030
1757 1941
1757 2076
1757 2269
1759 2243
1761 1869
1763 2779
1768 1948
1768 2173
1769 2053
1769 2225
1770 1914
1771 1800
1771 2516
1771 2660
1772 2136
1773 2699
1779 2891
1781 2505
1781 2780
1782 2439
1783 2948
1786 2764
1789 1965
1792 1956
1795 1919
1798 3110
1799 2279
1800 2527
1801 2315
1802 2720
1803 3006
1805 2095
1806 2281
1807 2845
1809 2988
1812 2765
1814 2181
1816 2363
1817 2618
1818 1875
1819 2631
1819 2692
1820 1960
1820 2292
1821 2450
1823 2174
1823 2526
1823 2623
1825 3034
1827 2087
1828 2427
1831 2670
1834 2721
1835 2468
1835 2647
1836 2996
1837 2609
1838 2733
1840 1946
1843 1915
1843 2353
1843 2710
1844 2105
1844 2824
1845 2956
1845 3020
1848 2016
1849 1852
1849 2146
1849 3045
1850 2763
1851 2277
1851 2676
1852 2246
1852 2774
1853 1994
1854 2564
1854 3107
1856 2592
1856 2670
1859 2537
1861 2322
1861 2557
1861 2700
1863 2305
1864 2739
1864 2801
1864 3111
1865 2151
1866 3096
1867 2820
1871 2042
1871 2947
1872 2057
1872 2977
1874 2672
1877 2131
1880 2235
1880 2923
1881 1898
1882 2130
1884 2837
1885 2390
1887 2885
1890 2338
1890 2625
1890 2753
1892 2148
1895 2265
1896 2814
1897 2361
1897 2896
1898 2019
1900 2036
1901 2743
1902 2341
1904 2035
1905 2166
1907 2624
1908 3048
1910 1977
1911 3097
1912 2399
1912 2852
1914 2072
1918 2688
1919 1969
1919 3048
1920 2434
1920 2480
1920 2677
1920 2928
1922 1987
1922 3022
1924 2697
1924 3061
1925 2923
1926 2211
1926 2842
1927 2178
1927 2399
1928 2586
1930 2963
1931 3054
1932 2176
1933 1971
1936 2856
1937 2284
1938 2977
1939 2272
1940 2384
1941 2410
1942 2882
1943 2883
1944 2155
1944 2164
1945 2420
1945 2507
1946 2088
1952 2449
1953 2058
1955 2543
1957 2195
1957 2354
1958 2610
1958 2740
1959 2247
1960 2268
1960 2289
1961 2383
1962 2694
1964 2541
1964 3104
1967 3054
1970 2729
1972 1982
1972 3109
1976 2760
1979 2016
1980 2387
1983 2392
1984 2149
1985 2636
1985 2794
1988 2649
1989 2776
1990 2514
1990 2946
1991 2663
1992 2936
1994 2652
1994 2775
1995 2398
1998 2326
1999 2680
2000 2170
2000 2430
2002 2204
2003 2445
2004 2704
2005 2592
2005 2998
2006 2119
2008 2021
2010 2058
2011 2065
2011 2337
2013 2172
2013 2249
2014 2600
2015 2130
2015 2618
2017 2215
2017 3091
2018 2415
2018 2518
2019 2959
2020 2778
2021 2926
2022 2979
2023 2448
2024 2311
2024 3028
2024 3078
2025 2468
2027 2942
2028 2951
2029 2451
2030 2636
2032 2597
2034 2742
2035 2952
2039 2419
2041 2206
2043 2818
2047 2603
2048 2129
2048 2159
2048 2656
2051 2325
2052 3009
2053 2759
2054 3087
2057 2256
2058 2516
2058 3047
2060 2867
2061 2928
2062 2188
2062 2850
2064 2900
2066 2692
2067 2931
2072 2719
2073 3044
2074 2305
2074 2596
2076 2586
2076 2705
2078 2965
2079 2400
2081 2903
2082 2549
2086 2472
2092 2626
2093 2191
2094 2337
2097 2611
2097 2809
2100 2340
2101 2154
2101 3040
2103 2278
2104 2124
2105 3017
2106 2167
2107 3012
2108 2179
2109 2810
2111 2394
2114 3057
2116 2426
2116 3052
2117 2838
2118 2936
2120 2309
2121 2273
2122 2603
2122 2948
2124 3035
2125 2506
2130 2352
2134 2916
2136 2944
2138 2159
2139 2738
2141 2381
2142 2542
2143 3008
2143 3094
2144 2726
2145 2901
2146 2389
2146 2701
2148 2328
2151 2623
2151 2982
2152 2331
2156 2326
2157 2955
2165 2876
2165 2939
2166 2306
2166 2609
2166 2839
2169 3076
2171 2844
2177 2991
2177 3014
2177 3050
2180 2241
2183 2330
2184 2429
2184 2693
2185 2580
2185 2615
2186 2394
2187 2522
2189 2642
2189 2989
2190 2431
2191 2408
2192 2291
2192 2600
2192 2987
2196 2651
2199 2280
2200 2285
2201 2826
2202 3096
2202 3098
2203 2266
2203 2808
2204 2468
2204 2836
2208 2898
2210 3109
2213 2830
2214 2849
2215 3043
2215 3068
2221 2428
2227 3014
2228 2272
2228 2919
2229 2893
2229 3001
2231 2626
2233 2261
2235 2298
2237 2862
2238 2371
2238 2911
2239 2597
2239 2623
2240 2546
2241 2652
2243 2521
2245 3019
2250 3094
2251 2362
2252 2902
2254 2489
2255 3068
2256 2975
2257 2390
2257 2671
2257 3029
2258 2260
2262 2767
2265 2573
2268 3035
2268 3042
2269 2673
2270 2666
2275 2745
2275 3115
2276 2851
2279 2300
2279 2813
2279 3049
2281 2370
2283 2721
2284 2794
2285 2572
2286 2419
2286 2545
2286 2960
2287 2884
2288 2945
2288 3007
2291 2797
2292 2443
2292 2901
2292 2992
2293 3091
2297 2689
2299 2843
2300 2511
2310 2665
2310 2679
2310 2707
2313 2618
2315 2808
2317 2348
2317 2618
2317 2988
2323 3051
2325 2585
2325 2750
2325 2897
2329 2881
2330 3006
2335 2781
2339 2446
2340 2768
2344 2997
2345 2924
2347 2886
2348 2425
2349 3008
2351 2541
2353 2559
2354 3067
2355 2809
2357 3088
2360 2715
2361 3099
2364 2368
2369 2450
2370 2465
2370 2473
2373 3120
2374 2989
2375 2517
2378 2603
2381 2661
2386 2397
2391 2825
2396 2924
2397 2432
2398 2962
2400 2940
2400 2992
2401 2568
2403 2575
2405 2541
2405 3069
2409 2654
2412 2635
2414 2472
2416 3061
2424 2933
2426 2590
2429 3027
2431 2762
2433 2577
2436 2495
2436 2510
2440 2545
2441 2836
2444 2634
2444 2926
2445 3104
2448 2701
2452 2790
2453 2830
2454 2830
2456 3082
2457 2477
2457 2672
2459 3012
2461 2851
2462 3051
2462 3056
2470 3113
2473 2915
2487 2678
2491 2544
2492 2668
2494 3089
2497 3046
2499 2576
2502 3047
2507 2659
2508 2628
2512 2675
2515 2988
2520 2980
2521 2826
2522 2705
2528 2949
2529 2617
2530 3073
2533 2588
2534 2840
2535 2890
2538 2814
2539 2791
2543 2734
2543 3056
2545 2655
2547 2861
2551 3039
2553 3102
2557 2905
2558 2885
2559 2933
2560 3013
2561 2845
2563 3006
2571 2906
2575 2875
2579 3058
2584 2712
2591 2717
2593 2882
2594 3119
2601 3018
2609 3041
2616 2647
2617 2824
2622 3087
2626 3026
2628 2822
2632 2900
2633 2805
2636 3121
2638 2870
2641 2858
2642 2826
2645 2892
2646 2834
2648 2897
2653 2902
2657 3064
2658 2689
2662 3079
2664 3050
2665 2789
2665 2810
2666 3036
2668 3044
2676 2924
2680 3023
2683 2787
2685 2790
2697 2871
2711 2911
2713 3109
2715 3050
2716 2895
2716 2905
2718 2884
2720 3124
2721 3093
2723 2904
2724 2970
2727 3110
2728 2884
2732 2743
2734 3065
2735 2907
2737 2928
2738 2783
2738 2831
2738 2883
2744 3111
2747 3037
2752 3019
2761 2887
2763 2983
2765 2978
2766 2825
2772 3065
2772 3088
2773 3075
2781 2930
2796 2816
2801 2850
2829 2922
2837 2860
2842 2950
2850 2908
2853 3080
2855 2910
2856 2874
2856 2968
2859 2861
2861 3073
2866 3066
2874 2958
2878 3038
2891 3010
2904 2996
2909 2995
2912 2993
2912 3071
2914 2917
2918 2960
2925 3005
2930 3082
2937 3120
2942 3068
2957 2958
2959 3100
2980 3092
2997 3016
3000 3074
3036 3040
3054 3055
3101 3118
3115 3120