6250
0 2684
1 2366
1 2718
1 3805
1 3932
1 4911
2 4399
2 4511
2 5167
2 5455
2 5650
3 494
4 4622
5 3297
5 3374
6 641
6 3511
7 1850
7 2841
8 3694
9 5745
10 5299
10 5588
11 2460
12 1538
13 461
13 2725
13 2919
13 3600
14 2183
14 2879
15 1368
15 2108
16 359
16 4042
16 4393
17 2093
18 5042
19 396
19 4691
19 5929
20 3360
20 4179
21 4034
21 4718
22 2423
23 2398
23 4071
23 4378
24 1140
24 2735
24 4630
24 4786
25 426
25 6169
26 476
26 1941
26 4893
26 5525
27 308
27 3846
28 473
28 2196
28 3931
29 3605
30 1864
31 4671
32 4042
32 5001
33 983
33 6096
34 5329
35 5904
36 2012
36 4724
37 3253
37 4030
38 4060
39 440
39 825
40 2522
41 1755
42 1181
42 3173
43 3880
44 2249
44 3382
45 1513
45 2679
46 1996
46 2168
46 5704
47 4003
48 1308
48 2287
49 1173
49 1647
49 4999
50 4737
50 5224
51 3894
52 2340
53 239
54 3136
54 3336
55 5880
56 503
56 3127
57 4751
57 4802
58 2156
58 3710
58 5182
59 154
59 5040
60 2969
61 1958
62 4585
63 1009
63 3268
64 1191
64 5355
65 392
65 5304
66 4036
66 4475
66 6119
67 372
67 2704
68 5737
69 449
69 3019
70 1472
70 6072
71 2733
72 2028
72 4671
72 6124
73 371
74 1892
74 4952
74 6012
75 5806
76 4149
77 2446
78 5416
79 2559
80 4594
81 1098
81 1664
82 3220
82 4065
83 3445
84 4127
84 6162
85 4889
86 2957
87 897
88 2457
89 1243
89 1890
89 2120
89 3075
89 5025
90 900
90 1699
90 2525
91 1894
92 2211
92 5900
93 5228
94 1970
95 2831
95 4517
96 2133
97 451
97 5422
98 2751
99 1609
99 2237
99 5014
99 5183
100 4755
100 5921
101 4751
101 6180
102 2868
102 3135
103 1158
104 2210
105 3551
105 6015
106 838
106 1627
106 5651
107 1215
107 4526
108 568
108 3520
108 5246
109 2756
110 1910
110 2172
110 3264
110 5052
111 2661
111 5188
112 1655
112 3156
113 2111
114 2727
115 1890
115 2018
115 2893
116 1232
116 1316
117 617
118 984
118 1422
119 4692
120 805
120 3058
120 4163
120 5301
121 5926
122 2825
122 5113
123 2190
123 4025
124 615
124 2852
125 3895
126 946
126 4259
126 5366
127 526
128 1401
128 2891
128 4304
129 196
129 4404
130 3528
130 5279
131 2910
132 3136
132 5507
133 2779
134 1114
134 3571
134 5585
135 2067
135 3795
136 1441
136 2587
136 4633
136 5179
136 5958
137 285
137 1928
138 536
138 5592
139 646
139 2787
140 333
140 1724
140 2845
140 3278
141 3419
141 4599
141 6227
142 3196
143 4538
144 4260
145 3236
145 3713
146 3994
147 2573
147 2669
148 2941
149 3465
149 4954
150 1861
150 2430
150 3118
151 3301
151 3733
151 4992
152 2025
152 4520
153 1820
153 1971
153 3427
154 679
154 913
155 4135
156 4547
156 5935
157 3603
158 2545
159 1193
159 1878
159 2854
160 483
161 6068
162 2056
162 5912
163 1967
163 5484
164 3952
164 4382
164 4653
165 6214
166 801
167 1734
167 2057
168 484
168 511
169 1492
170 2345
170 4005
171 4561
172 2755
173 3224
174 3318
174 6119
175 4644
176 2165
176 3404
177 960
177 1096
177 4754
178 1300
178 5441
179 812
179 4149
180 5073
181 1145
181 3423
181 4629
181 4808
182 1780
182 3907
183 1582
183 2840
183 3889
184 1810
184 2477
184 6109
185 5172
185 5476
186 1061
186 1234
186 4598
187 367
187 620
187 1705
187 2308
188 415
188 1067
188 4515
189 1179
189 2388
190 1584
190 2672
190 3070
191 2572
191 3448
192 1791
193 1805
193 5811
194 1616
195 640
195 1334
195 1479
195 5446
196 2472
197 2718
198 359
198 3830
199 3233
200 307
201 4685
202 895
202 3193
202 4535
202 4560
203 294
203 442
204 2976
204 6242
205 1073
205 2580
205 3410
206 3507
207 1830
207 4917
208 2795
208 4877
209 644
209 2898
210 3324
211 2628
211 4548
212 1160
212 4570
212 5165
213 4119
213 4190
213 4711
213 6115
214 307
215 1270
215 3306
216 1941
217 1504
217 3944
218 922
218 1912
218 3892
218 5745
219 2403
219 2519
220 3091
221 921
222 2144
222 4993
223 449
223 868
223 5155
224 2376
224 4818
225 4413
226 1253
227 2802
227 5324
228 892
228 5776
229 2133
229 3605
229 4660
230 1055
231 2402
231 3099
231 3623
232 3872
233 4814
234 1286
234 4936
234 5262
235 2513
235 3428
235 4111
236 1723
237 3732
238 3962
238 4937
239 2257
240 2456
240 2986
240 3158
240 4280
241 5140
242 1358
242 2386
242 3344
242 3801
243 3455
243 3980
243 4039
244 381
244 444
245 385
245 1891
245 4316
246 3394
247 5064
248 3807
249 310
249 1757
250 3922
250 4987
250 6211
251 5488
252 302
252 1452
253 4084
253 5612
254 5306
255 1960
256 2767
257 1789
257 2781
257 3722
257 4309
258 272
258 1817
259 2642
260 899
261 666
261 1842
261 2483
261 3105
262 309
263 671
263 2966
263 4156
264 494
264 2424
264 3662
264 4503
265 3156
265 4534
266 2257
266 2334
267 655
267 697
267 3435
268 3266
268 3783
268 5963
269 3228
270 3332
270 4721
270 5590
271 562
271 5572
271 5588
272 3001
273 1023
273 2092
273 2694
274 5807
275 432
275 3011
276 3195
277 3964
277 6059
278 671
279 1444
279 4450
280 701
280 1216
280 4301
281 5817
282 2725
282 3702
283 1342
284 5519
286 738
286 5081
286 6111
287 1813
288 2774
288 3377
289 379
289 4710
290 2752
290 5817
291 3447
291 3721
291 4031
292 756
292 2763
293 591
293 4541
294 3085
295 2273
295 3083
296 2153
296 2540
296 2558
297 4388
298 881
298 1580
299 397
299 1855
299 2592
300 1771
300 3244
301 1699
301 2710
301 5397
301 6008
303 3881
303 5023
304 541
304 5459
305 5060
306 2518
307 3099
307 3308
308 2155
308 4842
309 3035
309 5889
311 2090
312 2490
312 3178
312 4398
312 4502
313 3382
314 1498
314 1529
314 3848
315 3775
316 459
317 1131
317 3157
317 5541
317 5717
318 4689
319 323
319 619
319 3426
320 3687
321 4533
321 5130
322 1262
322 3088
322 6218
323 2946
323 4938
324 5491
325 4385
326 1717
326 4184
327 1470
327 3967
328 2564
328 3738
328 4152
328 6054
328 6077
329 1669
329 2631
329 2851
329 5879
330 3065
330 4373
331 3827
332 2149
332 4028
333 4199
334 1068
334 1993
334 2410
334 4525
335 4671
335 4771
335 5168
336 2093
336 6060
337 3561
338 3609
339 1254
339 4496
340 1833
340 4004
340 4043
340 6182
340 6235
341 5877
342 3018
342 4388
343 2028
344 5940
345 929
346 2967
347 3344
347 3448
348 604
348 2656
348 3025
349 2423
349 5706
350 615
350 3377
350 4397
351 4694
352 975
352 1111
352 5686
353 1253
353 1323
353 2109
353 4696
354 4930
355 1438
355 3953
355 5241
355 5340
356 622
356 4146
357 2353
357 2628
358 4447
358 4974
359 2745
360 1172
360 1240
360 1376
360 3506
361 993
362 3944
363 4104
363 4561
364 768
364 2756
365 2947
365 5365
365 5999
366 2319
367 3148
367 5169
367 5770
368 4364
368 5159
369 712
370 2316
370 4274
371 393
371 4556
372 628
373 524
373 3189
374 2546
374 5978
375 3981
375 4513
376 676
376 6234
377 1386
377 6184
378 3229
378 5508
379 4437
380 1450
381 4076
382 1592
383 4688
384 2285
386 2215
386 2239
386 4154
387 827
388 554
388 1015
388 3540
389 5931
390 873
390 5269
390 6208
391 3904
391 4204
391 5952
392 4474
392 5733
393 689
393 4806
394 776
395 1309
395 4088
395 4859
396 2369
397 654
397 1858
397 3887
398 971
398 1911
398 4363
398 4418
398 4807
399 926
399 1788
400 6104
401 3195
401 3305
402 959
402 4664
403 2005
403 4977
403 5778
404 1851
404 4074
405 3829
406 3060
407 3548
408 1412
408 2296
408 3401
408 4453
409 3696
410 1825
410 2054
410 2931
411 3359
412 2567
412 5623
413 1735
413 3242
414 3292
415 6076
416 4328
417 425
417 6187
418 3007
418 6138
419 4843
420 1707
420 4642
420 4720
421 1573
421 3776
421 4308
422 1742
422 3830
423 4442
423 4661
423 6043
423 6201
424 709
425 4915
426 3151
426 3724
426 4448
427 1014
427 5713
428 3096
428 3679
429 1640
429 1645
429 3682
429 5353
429 5392
430 3428
430 4871
431 3828
432 5908
433 548
433 4286
434 1742
435 1237
435 2491
436 4422
437 3306
437 5379
438 4049
438 4168
438 5340
438 5805
439 1461
439 2904
439 4433
440 2342
441 1338
441 1845
441 2232
441 6086
443 632
443 4293
444 814
444 817
444 1888
445 763
446 1912
446 1926
446 3816
447 851
447 1530
448 1413
448 2913
448 5906
449 5711
450 3450
452 3943
452 4292
453 575
453 3005
453 4125
453 4332
454 2872
454 3278
455 4801
455 5459
455 6210
456 1902
456 5743
457 1319
457 2243
457 5609
458 5468
459 3927
460 1797
462 880
462 1320
462 2926
462 4086
463 2229
464 4060
464 4351
464 5760
465 4436
465 4483
466 1689
466 5126
467 4302
467 4735
467 6014
468 5597
468 5678
469 5359
469 5689
470 1623
470 5514
471 5356
472 532
472 2147
472 3286
473 5147
474 1313
474 5240
475 501
475 1253
475 4013
476 2895
476 3555
477 5796
478 1218
478 4756
479 1989
479 5461
480 2651
480 5172
481 4379
481 6144
482 1166
482 3443
482 6053
483 5259
485 3578
486 3358
486 5055
487 1379
488 1755
489 2676
490 3279
490 4537
491 1245
492 3904
492 4384
492 4733
492 5722
493 4472
493 5028
493 5364
494 1259
494 3468
495 3707
496 3484
496 5834
497 2572
498 1950
498 3849
498 5243
498 5882
499 2908
499 3026
499 4287
499 4747
500 5535
501 1442
501 2470
502 4367
504 5187
505 3522
506 1377
507 1322
508 1744
509 600
510 3967
511 2655
511 2738
512 1568
513 4522
514 2527
514 5145
514 6124
515 4990
516 2812
516 5554
516 5911
517 3570
517 5296
518 1813
518 1998
519 2955
519 5457
520 5286
521 634
522 737
523 4711
525 6003
526 3069
526 4524
527 3451
528 584
528 4163
529 3988
529 5699
530 2443
530 3581
531 1258
531 2371
531 2552
531 4064
533 1470
533 3020
533 3043
534 3668
535 2909
536 5181
537 2489
538 2410
538 3728
538 5825
539 2105
539 3509
539 3965
539 4557
540 765
540 4504
540 5376
542 2445
542 4280
543 1086
543 1140
544 1740
544 4415
545 1034
545 2396
546 724
547 3714
547 3862
547 5577
548 2258
548 5583
549 4840
550 1577
551 1435
551 3251
551 5078
551 5947
552 1575
552 2811
553 3363
554 1614
554 5223
555 1203
555 2369
555 3326
555 4094
556 1743
556 3638
557 4309
558 1828
559 1177
560 4837
561 1345
561 1523
562 4524
562 4589
563 4366
563 6174
564 3064
565 2419
565 2866
565 4494
566 5655
567 4100
569 2594
569 5246
570 3924
570 5547
571 1463
571 5591
572 1022
573 6063
574 4431
576 2059
576 3039
577 2471
577 3168
577 4325
578 2414
578 4416
579 4604
579 5748
580 700
580 1492
580 5936
581 1006
582 3143
583 2852
584 4982
585 2609
586 2844
587 1373
588 2516
588 4893
589 2133
589 3860
590 3295
590 4778
591 781
591 1786
591 2537
591 3663
592 1401
593 797
593 6239
594 4415
594 5347
595 752
595 944
595 5113
596 1988
596 5326
597 5652
598 3211
599 667
599 3011
599 3298
599 5048
600 766
600 4000
600 4406
601 1704
602 4539
603 1863
603 2377
604 4471
605 1545
605 2150
605 4869
606 2435
606 3781
606 5669
607 630
607 4682
608 2668
609 2095
610 753
610 2203
610 4427
611 5862
611 5898
612 4247
612 5668
613 2758
613 3270
613 4200
613 6080
614 1733
614 2477
614 4458
614 5336
615 1286
616 1452
616 1785
616 4478
617 1983
618 5745
620 1499
620 3769
621 1100
622 2835
622 3856
622 5896
623 1811
623 2385
624 869
624 3087
625 5117
626 3451
626 6143
627 650
627 4616
628 4925
629 3247
631 1328
631 4107
631 5239
633 3312
633 4619
634 3476
634 5762
635 5277
636 2130
636 3848
636 4723
637 838
637 1670
638 708
639 4119
640 5174
642 2265
642 4651
642 4988
643 4207
643 4714
643 5433
643 6163
644 2696
644 5451
644 5574
645 1232
647 1073
647 5473
648 1778
648 5788
649 3408
650 1595
650 5164
651 4226
652 3585
652 6137
653 3554
653 4866
653 5444
653 5924
655 1705
655 2948
656 1856
657 2480
658 2821
658 2912
658 4146
659 3030
659 3470
660 2944
660 6124
661 4998
662 6099
663 818
663 854
663 3299
664 1158
664 2987
665 1560
665 5104
666 2642
667 4228
668 3334
668 4498
669 2524
670 2666
670 5815
671 2329
672 4599
673 2160
673 4082
674 1710
674 2708
675 5943
676 2155
677 2701
677 2934
678 777
678 1807
680 1585
680 2468
680 5629
681 2658
681 3487
682 4302
682 5920
683 887
684 2312
684 2771
685 4860
686 2649
687 1452
688 2626
688 4500
688 4785
688 5498
690 2957
690 6188
691 4195
692 2254
692 5617
693 2011
693 4603
694 2965
695 4121
695 6026
696 1910
696 3770
697 712
697 2319
697 3799
698 2250
698 2474
698 2674
699 4023
701 905
702 4684
702 5101
702 5441
703 6221
703 6226
704 1295
704 4575
705 4211
706 3451
707 2773
707 3362
707 4589
708 1940
709 4601
709 4864
710 4504
711 737
712 4039
713 4519
714 1167
714 1247
714 2326
714 5814
715 2303
715 4002
716 1419
717 5602
718 5775
719 1030
719 4189
719 4425
719 5242
720 1633
720 2081
721 935
722 2253
723 5299
724 2654
725 2661
725 4187
726 4061
727 3741
728 2205
728 6081
729 912
729 2303
729 3155
730 2188
730 5607
731 2826
731 3855
732 3184
732 5570
733 2611
733 3324
734 2899
734 5937
735 1681
736 5178
737 968
739 1330
740 5218
741 767
741 2296
742 3371
743 2806
743 5269
743 5903
743 6050
744 5759
745 4776
746 3392
747 3680
748 3294
749 1867
750 794
750 2425
751 3119
751 6147
754 3112
755 4099
756 4690
756 5846
757 2703
757 5909
758 5161
759 889
760 959
760 5094
761 5066
761 6102
762 2253
762 2787
763 1896
763 5753
764 2148
764 2753
764 3002
767 2415
768 2615
768 2696
768 3821
769 4776
770 5262
771 3926
771 5735
772 1088
772 1724
773 5893
773 5961
774 4967
775 5337
776 4951
777 3954
778 789
779 854
779 2461
780 3571
781 1820
781 2855
781 5549
782 2565
782 3246
783 1858
783 3691
784 1220
784 5064
784 6069
785 3487
786 1520
786 1653
786 5005
787 2286
788 2040
788 2608
789 3580
790 2669
790 5690
791 3974
792 4431
792 5356
793 3655
795 3709
795 6233
796 1089
796 2223
797 3526
797 5803
798 4807
798 6245
799 2003
800 4122
801 2075
801 2640
801 4195
802 2741
802 3494
802 4967
803 4487
804 871
804 2297
804 5149
806 3409
806 3921
807 1536
807 4075
808 5024
809 4626
809 5470
810 1106
810 1804
811 1351
811 1929
811 5878
812 865
812 6225
813 1127
813 2595
814 4296
815 4549
815 4949
816 4295
817 1050
818 3237
818 3937
819 2479
819 5208
820 4562
821 2635
821 3485
822 3709
822 4685
823 1791
823 6146
824 1554
824 2379
824 2715
824 3188
824 3298
825 1357
825 6241
826 1423
826 3464
826 4760
827 2500
828 5273
829 1119
829 1296
829 4929
830 3289
831 4543
831 5366
831 6131
832 4587
832 5253
833 2197
833 2335
834 6234
835 4970
836 4346
836 4763
837 1349
838 1753
838 2722
839 2338
839 4185
840 3111
841 3209
841 3352
842 2744
843 3169
844 2320
844 5782
845 4357
845 4365
845 5230
846 5982
846 6074
847 1179
847 2848
848 1245
848 2093
848 5161
849 3113
850 1762
852 2172
852 4573
852 5911
853 2212
855 3036
855 5392
856 1501
856 3174
856 4567
856 6232
857 2290
857 2593
857 4101
857 4116
858 929
858 3603
858 6005
859 2044
859 2907
860 2371
860 5770
861 4308
862 1292
863 5609
864 3634
865 4789
865 5534
866 1954
866 2032
867 2476
867 5504
870 3845
871 1096
871 4939
871 5768
872 3939
872 5983
873 4182
874 3614
875 4852
876 4987
876 5478
877 1854
877 2220
877 2765
878 4355
879 4370
881 1139
881 3877
881 5854
882 1752
883 3933
884 5504
885 1034
886 2390
886 5278
887 5839
888 1318
888 3204
888 4769
889 4487
890 2785
890 2993
890 5874
891 2340
891 2351
891 2822
892 2903
893 4004
893 4461
894 897
894 5024
894 6002
895 1084
896 4740
896 6051
898 2945
898 4314
898 6138
899 1230
899 1988
900 2841
901 5773
902 3102
903 2198
903 4638
903 5871
904 2137
904 3867
904 5833
905 4671
906 4109
907 3693
907 4469
907 4761
908 3251
908 4245
908 5480
908 5575
909 2816
909 3717
910 1869
911 2093
911 5812
912 4499
912 5211
914 1752
914 3698
914 4319
914 5434
915 3319
915 5956
916 1085
917 3684
918 3108
918 4946
918 6008
919 5974
920 4929
921 3633
921 5681
922 2270
922 6215
923 3751
924 1026
924 1532
924 3768
925 4019
925 4687
926 1695
926 2148
926 5138
927 4033
927 5367
928 3918
928 6230
929 4443
929 5386
930 2099
931 4015
931 4675
932 1710
933 1148
933 3719
933 4229
934 4851
934 4920
934 5980
935 2550
936 1789
936 3498
936 5593
937 2571
937 4928
937 5665
938 5480
939 2386
939 3968
940 1084
940 5849
941 2684
941 5940
942 1151
942 1797
943 2000
943 2673
943 3997
943 5649
944 1917
945 3402
946 1485
947 1169
948 1235
948 1975
948 5599
949 4001
950 3010
951 1317
951 5779
952 1165
953 1684
953 6135
954 4250
955 3720
956 1803
956 2429
957 4345
958 2951
959 2333
960 2221
960 3367
960 3895
961 5275
961 5290
962 5007
963 973
963 5681
964 6110
965 2815
965 2830
965 4932
966 6175
967 6188
968 3105
969 2154
970 2959
972 2961
973 5537
974 2510
974 4653
976 1274
976 2018
976 2803
976 5222
977 1351
978 2790
978 5589
979 1091
979 1304
979 1616
979 2098
979 4272
980 3147
980 3322
980 3324
980 4753
981 2092
981 3161
982 1375
982 1533
982 1991
982 2391
983 2272
983 5287
984 4195
985 1055
985 1495
985 1631
986 1842
987 5248
988 1077
988 5485
989 2767
989 3411
989 4449
990 5034
990 5356
990 5880
991 1347
991 2019
992 5711
993 2352
993 5337
994 1384
994 4159
995 1485
996 5721
997 3661
997 4797
998 5147
999 2106
999 2142
999 2161
1000 3110
1000 5106
1001 5119
1002 4672
1003 5818
1004 1679
1005 2262
1006 2495
1006 2576
1007 3624
1007 4580
1008 1428
1008 4302
1008 5341
1008 5507
1008 5882
1010 2104
1010 3845
1010 5460
1011 3946
1012 2365
1012 5672
1013 4436
1016 3973
1017 2449
1017 4863
1017 6112
1018 4062
1018 4233
1018 5846
1019 4278
1019 5771
1020 4868
1021 2663
1021 4143
1022 2199
1022 2677
1023 5994
1024 1068
1024 2026
1024 3282
1025 2885
1025 3135
1025 4591
1026 4982
1026 5620
1027 2734
1027 3276
1028 4464
1029 1337
1029 2995
1029 3422
1030 1515
1030 2400
1030 4544
1031 3229
1031 4987
1031 5492
1031 5560
1032 2910
1032 3881
1033 2472
1033 3309
1033 4439
1034 2702
1034 5061
1035 1749
1035 1774
1035 5791
1036 1365
1037 1146
1037 2619
1037 4960
1038 2758
1039 1827
1039 2929
1039 5787
1039 5991
1040 2704
1041 6147
1042 1672
1042 6104
1043 2302
1043 2917
1044 1959
1044 2148
1044 2728
1044 6046
1045 4141
1046 2078
1046 5704
1046 6156
1047 3984
1048 5715
1048 5731
1049 4833
1051 1472
1051 5772
1052 3367
1053 1451
1053 2666
1053 2854
1053 5306
1054 6081
1055 3930
1056 1649
1057 3591
1057 3682
1057 4371
1058 2734
1059 2484
1059 2903
1059 4995
1059 5746
1060 1364
1060 3227
1060 4786
1061 4714
1062 3255
1063 4023
1063 4883
1064 1378
1064 2875
1064 3617
1064 5254
1065 1815
1066 3211
1066 4470
1068 3329
1069 1555
1070 5173
1071 1122
1071 1690
1071 3242
1072 3476
1073 1814
1073 2436
1073 2588
1073 4109
1074 4429
1074 5861
1075 1651
1075 4035
1076 1386
1076 4224
1077 1322
1077 3952
1078 3515
1078 3994
1079 3719
1079 4650
1080 2817
1081 4783
1081 5038
1082 3465
1082 5174
1083 5307
1083 6006
1085 5519
1086 4803
1086 6062
1087 5164
1089 4415
1089 4507
1090 1138
1091 3027
1092 3388
1093 3704
1093 4362
1094 2428
1095 3488
1096 1474
1096 3122
1097 4120
1097 5819
1099 2639
1100 1158
1101 1273
1101 4905
1102 4803
1102 6204
1103 5935
1104 2165
1104 3460
1105 3624
1105 5293
1106 1851
1107 1600
1107 4483
1108 3754
1109 3944
1109 5419
1110 4675
1111 2829
1111 4732
1112 4265
1112 4870
1113 2506
1113 3119
1115 1486
1116 3498
1117 1661
1118 2785
1119 5439
1120 2724
1120 2815
1120 3277
1121 4777
1123 4571
1124 1830
1124 5382
1125 2668
1126 3918
1126 5898
1128 6047
1129 2994
1129 5090
1129 6087
1130 4362
1131 3622
1132 1661
1132 1701
1132 3987
1133 1301
1133 4502
1133 5548
1134 5549
1135 4902
1135 6151
1136 3459
1136 4160
1136 5263
1137 3543
1138 3480
1138 4590
1138 6160
1139 4152
1140 1658
1141 1149
1141 3343
1142 5286
1143 3685
1143 5245
1143 5296
1144 2051
1144 3942
1145 5169
1147 1782
1147 4011
1147 4028
1149 4986
1149 5245
1150 6090
1151 4653
1152 1870
1152 2033
1153 2298
1153 2796
1154 3716
1154 4675
1155 2496
1155 3156
1155 5188
1156 1229
1156 5831
1157 5114
1157 5643
1158 1838
1158 2889
1159 1592
1159 3246
1160 2200
1160 3912
1160 5146
1161 4762
1161 5914
1162 4439
1163 4538
1163 6044
1164 3548
1164 3927
1164 6165
1165 2808
1166 5964
1167 1473
1168 3216
1168 5141
1169 5777
1170 2162
1171 3492
1171 4466
1171 4686
1172 2597
1172 3066
1173 1982
1173 2336
1173 2697
1174 5404
1175 3449
1175 6103
1176 1443
1176 3374
1176 3580
1176 4539
1176 5857
1177 1233
1177 3265
1178 4206
1179 1522
1179 4073
1180 1272
1180 3933
1180 5591
1182 2163
1183 2130
1184 2915
1185 1662
1185 5523
1186 2578
1187 2651
1187 3693
1188 5777
1189 4987
1190 1539
1190 3638
1191 3078
1192 2847
1193 2534
1194 4746
1195 1658
1196 1533
1197 3687
1197 5329
1197 5873
1198 5494
1198 5626
1199 3676
1200 1898
1200 2100
1200 3434
1201 5515
1202 3116
1202 3253
1203 4178
1204 2090
1204 3518
1205 3027
1206 3903
1207 1709
1207 5982
1208 5912
1209 3824
1209 5505
1209 5954
1210 3754
1210 4291
1211 3039
1212 4688
1213 3813
1213 4999
1214 2548
1214 2909
1215 5737
1216 1622
1216 2342
1216 5907
1217 5975
1218 4028
1219 2274
1220 4434
1221 2804
1221 5689
1222 3544
1223 4643
1224 3071
1224 5577
1225 1591
1226 5406
1227 1820
1228 3279
1228 4571
1229 5601
1231 2465
1231 3836
1232 3971
1232 5420
1233 2398
1234 2962
1236 1912
1236 4392
1236 5782
1238 1682
1238 4452
1238 5875
1239 3967
1240 3861
1241 6037
1242 3967
1242 5283
1242 6002
1244 2328
1244 2606
1244 3583
1245 1548
1246 2620
1246 6126
1247 2936
1248 1279
1248 2359
1248 5493
1249 2920
1249 5950
1250 1305
1250 5410
1251 3038
1251 5404
1252 1875
1252 3143
1252 4554
1253 1725
1253 4493
1254 3231
1254 4667
1255 2977
1256 1321
1256 3884
1256 5318
1256 5662
1257 5727
1259 1394
1259 5116
1260 1289
1260 2874
1261 2567
1261 4022
1262 2834
1263 2170
1263 3320
1263 5121
1264 2695
1264 4066
1265 3189
1265 5188
1266 3110
1266 5774
1267 1812
1268 2254
1269 5683
1270 1324
1270 3497
1270 6091
1271 3231
1271 4041
1272 2553
1272 3618
1273 1404
1273 2863
1273 3341
1273 5483
1274 1519
1274 3821
1275 2820
1275 2896
1275 4997
1276 3725
1277 2528
1277 4211
1278 1425
1278 3244
1278 4223
1279 4555
1280 1869
1280 4572
1281 2036
1281 5509
1282 3765
1282 4311
1282 5779
1283 3435
1283 4748
1283 4787
1284 2294
1285 2213
1285 2357
1285 5463
1286 1865
1287 1487
1288 4900
1288 5408
1290 4948
1290 5786
1290 5830
1291 2772
1291 3423
1291 4988
1292 4566
1293 4911
1294 2166
1295 3144
1296 5882
1297 4669
1297 5773
1297 6139
1297 6216
1298 2491
1298 2878
1298 3929
1298 5771
1299 1993
1300 3686
1300 5405
1302 2246
1303 3247
1303 5729
1304 1523
1304 3453
1305 3781
1305 3945
1306 1488
1307 1426
1307 3290
1307 3598
1309 3553
1310 4179
1310 5394
1311 4819
1311 5192
1312 1483
1314 2934
1314 5295
1314 5956
1315 1799
1315 2742
1316 5748
1317 1373
1317 1560
1317 5345
1317 5713
1317 6177
1318 1580
1321 3172
1321 3234
1321 3378
1321 5322
1322 2391
1322 4239
1323 4147
1324 3764
1324 5766
1325 4857
1325 5801
1326 3762
1327 5709
1328 5332
1329 2413
1329 4236
1329 5786
1330 3315
1331 5845
1332 3646
1333 5266
1334 2780
1335 3782
1335 4576
1336 4473
1338 4918
1339 6135
1340 1581
1340 1987
1340 2196
1341 3776
1341 6171
1342 1757
1343 3850
1343 5787
1344 2759
1344 4057
1344 4950
1346 5620
1346 6143
1347 1542
1347 5253
1348 4556
1348 5434
1348 5622
1349 1962
1349 2573
1350 2323
1352 5469
1353 4177
1353 4505
1353 5482
1354 5225
1355 1656
1356 5324
1359 3256
1359 4026
1360 4091
1361 2595
1362 3901
1362 4344
1363 2249
1365 3244
1366 1375
1366 5087
1367 4024
1368 1796
1369 2140
1369 3719
1369 4176
1369 5569
1370 2129
1370 2779
1370 4447
1371 3133
1372 5210
1372 6095
1373 3677
1373 5751
1373 5855
1374 2457
1374 5899
1376 2084
1377 1467
1377 1869
1377 5290
1377 6032
1379 3675
1380 3319
1380 3923
1380 4040
1381 3166
1382 1454
1382 1955
1382 3813
1383 3924
1384 2478
1384 3051
1385 2324
1386 4084
1386 4893
1387 1714
1387 1817
1388 4023
1389 1706
1389 4616
1390 4891
1391 2949
1391 2960
1391 3674
1392 3607
1393 3233
1394 1398
1395 3587
1395 3831
1396 4916
1397 4024
1397 4352
1399 1992
1400 6173
1401 4264
1401 5528
1402 4308
1402 4895
1403 2922
1403 3857
1403 4962
1404 2030
1405 3035
1406 3586
1406 6071
1407 4617
1407 5809
1408 2805
1409 1995
1410 1538
1410 4666
1410 4678
1411 2259
1411 5513
1411 5829
1414 5623
1415 3016
1416 5974
1417 1729
1418 2304
1418 4881
1419 2231
1419 5089
1419 5890
1419 6209
1420 3347
1421 2321
1421 4285
1421 4377
1421 4498
1422 3233
1424 5915
1426 2313
1426 4324
1427 1551
1427 4839
1428 5385
1429 3520
1429 4593
1429 5075
1429 5710
1430 2789
1430 5658
1431 3304
1432 3411
1432 4204
1433 5534
1434 2746
1434 2819
1434 4291
1435 3999
1436 3471
1437 5676
1438 1691
1438 3652
1439 1693
1439 1747
1439 3969
1440 2584
1441 5578
1442 2101
1442 2128
1442 2145
1442 4521
1443 2625
1444 2401
1444 2555
1445 2406
1445 5660
1446 2686
1446 4003
1447 3031
1447 4219
1448 2618
1448 3250
1449 5811
1450 1914
1450 4315
1451 2645
1451 5558
1452 3573
1452 4581
1453 2354
1453 4884
1453 4888
1455 2682
1455 3136
1456 3843
1456 5076
1457 3597
1458 1810
1458 3836
1459 1718
1459 4385
1460 4201
1460 5128
1462 4086
1463 6150
1464 3745
1465 3009
1465 3312
1466 3618
1467 2389
1467 5425
1468 4485
1469 3743
1469 5420
1471 3297
1471 6161
1475 2051
1475 2177
1476 3625
1477 3860
1478 3221
1478 3709
1479 2346
1479 3457
1479 6064
1480 2869
1480 5184
1481 1843
1482 6214
1483 2429
1484 2251
1484 2876
1484 3851
1484 3921
1484 6038
1484 6161
1485 4813
1486 2825
1486 5172
1486 5238
1487 1621
1487 5858
1488 2744
1489 3599
1490 4173
1491 1547
1491 2170
1491 6226
1492 2295
1492 4291
1492 5521
1493 2356
1494 3097
1495 4070
1496 3396
1496 4058
1496 5281
1497 1812
1497 2929
1497 3388
1499 3756
1499 5054
1499 5619
1500 5180
1501 1694
1502 1534
1502 1789
1503 2536
1503 4931
1504 4213
1504 5684
1505 1886
1505 4811
1506 5024
1507 4042
1507 5410
1508 4621
1509 4995
1510 5240
1510 5593
1511 2955
1511 4080
1512 4048
1512 5460
1512 5734
1514 2539
1514 3650
1514 5652
1516 3768
1517 1567
1517 2170
1518 2518
1518 3030
1518 5234
1519 3863
1521 5038
1522 5700
1524 6128
1525 5387
1526 3113
1526 4196
1526 6030
1527 4247
1528 3286
1529 3243
1530 2924
1531 4112
1532 4083
1532 5785
1533 3225
1533 3568
1534 3683
1535 3753
1535 4243
1536 2832
1537 1709
1537 4433
1538 1703
1539 3101
1540 3050
1541 1962
1541 5486
1542 2124
1542 2591
1543 2383
1544 2180
1545 4963
1546 3670
1548 3586
1549 1946
1549 2902
1550 3233
1551 3851
1552 2460
1552 5521
1553 2293
1553 3010
1554 2127
1554 4353
1555 3622
1556 1583
1557 5810
1558 3353
1558 5772
1559 4378
1561 3161
1561 4662
1561 5781
1562 2797
1563 4588
1564 1594
1564 1977
1564 2925
1565 2262
1565 4128
1566 1684
1566 2521
1567 5826
1568 1939
1568 2295
1569 2345
1569 2622
1569 2796
1569 2864
1570 1607
1570 3939
1570 5127
1570 6005
1571 5537
1571 5949
1572 4136
1572 4292
1572 4323
1573 2210
1574 2538
1574 3241
1574 4609
1575 3438
1576 2505
1576 2833
1577 5125
1578 3033
1578 5634
1579 3924
1579 5447
1581 2559
1581 2967
1582 4552
1583 4208
1583 4332
1583 5403
1585 4036
1586 3004
1586 5487
1587 1791
1587 3514
1587 5696
1588 1734
1589 1835
1590 4355
1590 5732
1591 5794
1592 2532
1592 3185
1593 3126
1593 4563
1596 4336
1597 3081
1597 3493
1598 4255
1599 3402
1600 6217
1601 3171
1601 4828
1602 2293
1602 3073
1603 3715
1604 4666
1604 5932
1605 1922
1606 2502
1606 2685
1608 4549
1609 3925
1609 5730
1610 3091
1610 4823
1610 5387
1610 5984
1611 2205
1612 2175
1613 3807
1613 3878
1615 2248
1615 2373
1615 2732
1615 4455
1615 4812
1617 1828
1618 2547
1618 4569
1618 5901
1619 1703
1619 4677
1619 5555
1620 1879
1620 2435
1620 2838
1622 6068
1622 6078
1623 3780
1624 4485
1625 4151
1626 3476
1626 5990
1627 2927
1627 6017
1628 3963
1629 4171
1630 2187
1631 2776
1631 3376
1631 3761
1632 2923
1632 4459
1633 4703
1633 5305
1634 1986
1634 3835
1634 6053
1635 1654
1635 3791
1636 5377
1637 1666
1637 3861
1637 5103
1637 5140
1638 2003
1639 3895
1640 5758
1641 2322
1641 5395
1642 1923
1642 6142
1643 3933
1644 3995
1645 3303
1646 4944
1648 1816
1648 4356
1649 1665
1649 4160
1650 4564
1652 2668
1652 3300
1653 3973
1653 5519
1654 2364
1656 5463
1657 1775
1657 2102
1657 4955
1657 5026
1658 4558
1658 5677
1659 2413
1660 3790
1660 5354
1661 2022
1663 5727
1664 3190
1664 4051
1665 3951
1665 5154
1666 2503
1667 3239
1668 1846
1668 3443
1669 5526
1670 2074
1671 1815
1671 3194
1673 3395
1674 1698
1675 4141
1676 2140
1676 3431
1677 5686
1678 4837
1678 4870
1679 3580
1679 3732
1679 4501
1680 2341
1680 2678
1680 3406
1680 4081
1680 5163
1681 4493
1682 3016
1683 3763
1684 2415
1684 5755
1685 2068
1685 3370
1686 5582
1686 5605
1686 6230
1687 3840
1687 4434
1688 3584
1689 2740
1689 5155
1690 4353
1692 2461
1695 5982
1696 4680
1697 6085
1698 3132
1700 1731
1700 4069
1700 5928
1701 3122
1701 4290
1702 6083
1703 4941
1704 4107
1706 3393
1707 4280
1707 5016
1708 2582
1709 2116
1709 4881
1710 4057
1710 4220
1711 4467
1712 3517
1713 4508
1713 5315
1714 5380
1715 1868
1716 2341
1716 2488
1717 2025
1717 3454
1717 4281
1718 3156
1719 2147
1719 5315
1720 2790
1720 4038
1720 5974
1721 6055
1722 4477
1723 4592
1724 2002
1724 3150
1725 6023
1726 3379
1727 4186
1728 3893
1729 2542
1729 4994
1729 5131
1730 2205
1730 2328
1730 3847
1731 3896
1732 2828
1732 3646
1732 4387
1733 4568
1733 5391
1735 1944
1735 5171
1735 5361
1736 4802
1736 5658
1737 2675
1738 3383
1739 2228
1739 5576
1740 2509
1741 2119
1741 5761
1741 6207
1743 6179
1744 3258
1744 4805
1745 5536
1746 2697
1748 4756
1750 3092
1750 3889
1750 6049
1751 3683
1752 2070
1753 2455
1753 5816
1754 2131
1755 2613
1755 5938
1756 3998
1756 5676
1757 4509
1758 4336
1759 3772
1759 5180
1760 5814
1761 4351
1762 4174
1763 4472
1763 4782
1764 2172
1764 6176
1765 2700
1765 5688
1766 2091
1766 3465
1766 5499
1767 5371
1767 6009
1767 6118
1768 3575
1769 2454
1769 3450
1769 6073
1770 2840
1772 4090
1772 4158
1772 4568
1773 1832
1773 2557
1774 1822
1774 1910
1774 6216
1775 2021
1775 4790
1776 3180
1776 4216
1777 4062
1777 5183
1778 2462
1778 2645
1778 3049
1779 2970
1779 5017
1780 5546
1781 4009
1783 2405
1783 5536
1783 5827
1784 3887
1787 2817
1787 3331
1787 4255
1789 3077
1790 2946
1791 5918
1792 2219
1792 4513
1793 4131
1793 4390
1794 2677
1794 5475
1794 5693
1795 2726
1795 3881
1795 6069
1798 3371
1799 2758
1800 2057
1800 2176
1801 2565
1801 4951
1802 2870
1802 4709
1804 2401
1804 5393
1805 5953
1806 3548
1807 4638
1807 4969
1808 2093
1808 2586
1808 2907
1808 5439
1809 4395
1810 2229
1811 4095
1811 4750
1812 1976
1812 3608
1814 4628
1815 1993
1816 4235
1816 5281
1818 2592
1818 4726
1819 1906
1819 3741
1820 3472
1821 1903
1821 5374
1823 2406
1824 2046
1824 2183
1824 3191
1826 2434
1827 5233
1828 3549
1829 2733
1829 2866
1830 2901
1831 5045
1831 5404
1832 4760
1832 5184
1833 3052
1834 5140
1835 4179
1835 5659
1836 5109
1836 5441
1836 5595
1836 5996
1837 3085
1839 5305
1840 3955
1840 3993
1840 5701
1841 3579
1841 3960
1843 2122
1844 5315
1847 4652
1848 2885
1849 2617
1849 5264
1852 4786
1853 5293
1854 3107
1855 3920
1855 4646
1856 5256
1857 2382
1859 1873
1859 2823
1859 3854
1859 4218
1859 4652
1860 3762
1861 3095
1861 4558
1862 2319
1864 3978
1864 4810
1865 3809
1866 2307
1866 5496
1867 2102
1868 2223
1869 4153
1870 2914
1870 2979
1871 3462
1871 4389
1872 4106
1872 4261
1872 6246
1874 2437
1874 2814
1876 2767
1876 4250
1877 4309
1877 4349
1877 4907
1879 4081
1880 2354
1880 4645
1881 5977
1881 6154
1882 3396
1883 4161
1883 4226
1884 2495
1884 3004
1884 4407
1885 2022
1887 3330
1888 2018
1888 2245
1888 2689
1889 4501
1889 5604
1890 4091
1891 5353
1892 2404
1892 4724
1893 2618
1893 5277
1894 6200
1895 4570
1896 2107
1897 2089
1897 3397
1897 5630
1898 3228
1899 4362
1900 4509
1900 5801
1900 6196
1901 2525
1902 2614
1903 2283
1903 3775
1903 5676
1904 2330
1904 3978
1905 5786
1905 5994
1906 6078
1906 6089
1907 3467
1907 6039
1908 2043
1909 3424
1913 5311
1914 5971
1915 1920
1915 2256
1916 5248
1918 5912
1919 3967
1920 4368
1921 2777
1922 4348
1923 4170
1924 4008
1924 5910
1925 4089
1927 3404
1928 2807
1928 5118
1929 5883
1930 2211
1931 3720
1932 2887
1932 4905
1933 2820
1934 2549
1934 2706
1935 6207
1936 2837
1937 4374
1938 6131
1938 6183
1938 6188
1939 5802
1940 3636
1940 4210
1942 3292
1942 4921
1943 2303
1943 5884
1944 5285
1945 6013
1946 3460
1947 2057
1948 2264
1948 2892
1949 2637
1950 3363
1950 4249
1950 4512
1950 5550
1951 2168
1951 4584
1952 3662
1952 5271
1953 5661
1954 3121
1955 2850
1955 4155
1955 5823
1955 6185
1956 2132
1956 4165
1957 4114
1957 4968
1957 5839
1958 2473
1958 4874
1960 2158
1961 2018
1963 2194
1963 5107
1964 2556
1964 6117
1965 2231
1966 6208
1967 2290
1968 3984
1968 5563
1968 5656
1969 2157
1969 2589
1969 4462
1970 5097
1972 5230
1973 2811
1974 4387
1974 5377
1975 3248
1977 4090
1978 2782
1978 3422
1978 3699
1978 5072
1979 3552
1980 4411
1981 4006
1983 2931
1983 3963
1983 4046
1983 4719
1984 5409
1984 6089
1985 2703
1985 3552
1985 4345
1987 3607
1987 5130
1987 6076
1990 3686
1990 3746
1992 3089
1994 4053
1994 4369
1994 5468
1995 5018
1995 5573
1995 6031
1996 3349
1997 2275
1998 2160
1999 3242
2000 5977
2001 4239
2002 3702
2002 4946
2003 3723
2004 2960
2005 5414
2006 5855
2007 5405
2008 4607
2008 4663
2008 5749
2009 5093
2009 5400
2010 5611
2013 3703
2014 3338
2014 3708
2014 5235
2015 4163
2016 2581
2016 5196
2017 2207
2017 4150
2017 5675
2019 5196
2020 2052
2020 2315
2022 4867
2022 4999
2022 5497
2023 5520
2024 2363
2025 2273
2025 5736
2026 2690
2026 4463
2027 2590
2027 4807
2027 5844
2029 2727
2029 3699
2031 4339
2033 3856
2034 3685
2035 4847
2036 2531
2036 4083
2037 5604
2038 4666
2039 3712
2039 4001
2039 5220
2039 5985
2040 4975
2041 3300
2042 2257
2042 5081
2042 5344
2043 5448
2043 5941
2044 3261
2045 5132
2045 5564
2046 5040
2046 5179
2047 3956
2048 5968
2049 5132
2049 5367
2049 5420
2049 6082
2050 2771
2051 5694
2053 2805
2055 6030
2057 5227
2058 3951
2058 4693
2059 2446
2060 5645
2061 5913
2062 2493
2062 5964
2063 3666
2063 4169
2064 2426
2064 2571
2064 2791
2064 3033
2064 3787
2065 4817
2065 5819
2065 5924
2066 3701
2066 3747
2066 3956
2067 3019
2068 2073
2069 2620
2069 6202
2070 5646
2071 3818
2071 4378
2071 5503
2072 2394
2072 2404
2073 3204
2074 4965
2074 6116
2076 3056
2077 5586
2078 2517
2078 6157
2079 3199
2079 3777
2080 4113
2080 5852
2081 5032
2082 4312
2082 6120
2083 4908
2084 3524
2085 5013
2085 5433
2086 5505
2087 3362
2088 2597
2088 4359
2090 5313
2092 2916
2092 5135
2094 3700
2094 3804
2095 2853
2096 2730
2096 5049
2097 2514
2097 5991
2099 3611
2099 5132
2099 5991
2100 5304
2102 4367
2102 6127
2103 3669
2105 3400
2106 3844
2107 2377
2108 4395
2108 5600
2109 3041
2110 2254
2110 5976
2111 5866
2112 2223
2112 3507
2113 5640
2113 5738
2114 2579
2115 3120
2115 3404
2115 4718
2117 4261
2118 2224
2118 3021
2119 4115
2120 3187
2121 3498
2122 4680
2123 2452
2123 4706
2123 5352
2124 3359
2125 5764
2126 3132
2128 5249
2129 4703
2129 5192
2131 3577
2132 2643
2132 4639
2132 5957
2133 6187
2134 4022
2134 5286
2135 2328
2135 3283
2136 2636
2137 5969
2138 5921
2139 4164
2140 4007
2140 4326
2141 5158
2142 3489
2143 3713
2145 5777
2146 2467
2146 4006
2147 2243
2147 3521
2148 2214
2149 4894
2150 2206
2150 2299
2151 4925
2152 2285
2152 6147
2153 2964
2154 3655
2154 3858
2154 6243
2155 4605
2155 5297
2157 2869
2158 2684
2159 4675
2160 5350
2161 5542
2162 3811
2162 4628
2163 3257
2164 5137
2165 3014
2166 2798
2166 3176
2167 2344
2167 3714
2168 4210
2169 5831
2169 6214
2170 3146
2171 2764
2171 5119
2172 2441
2173 4480
2174 4929
2175 3314
2176 5633
2178 3149
2178 4087
2179 3029
2179 5766
2180 2340
2180 5861
2181 2558
2182 5810
2183 3170
2184 4113
2185 2516
2186 2236
2186 3138
2186 3481
2186 3575
2187 3111
2187 3239
2189 3559
2191 4169
2192 5093
2192 6130
2193 4928
2194 4018
2195 2856
2196 2668
2196 6114
2199 6098
2200 4656
2201 5920
2202 2909
2202 5970
2204 3403
2204 5552
2204 5585
2205 4775
2206 3740
2207 2837
2208 3783
2209 4823
2210 3696
2211 4474
2212 4724
2214 2315
2215 2327
2216 2632
2216 4215
2217 5137
2218 4990
2219 4794
2219 4855
2220 4688
2220 4849
2220 5813
2222 4228
2222 6198
2223 3222
2224 4156
2224 4445
2225 2793
2225 4514
2226 3214
2227 2369
2227 3371
2227 3983
2228 5594
2230 5056
2231 4569
2231 5712
2231 6155
2233 3060
2233 5971
2234 4264
2235 5851
2236 3619
2237 4173
2238 3890
2239 3532
2240 3813
2240 5533
2241 5557
2241 5761
2242 2504
2242 3486
2243 4135
2243 4444
2244 3891
2244 4167
2244 4321
2244 5259
2245 3859
2246 5150
2246 5831
2247 2728
2248 2578
2250 4486
2251 5715
2252 3928
2253 4824
2255 2704
2255 2843
2256 4140
2259 2630
2259 2805
2260 4637
2260 4837
2261 4945
2262 4395
2263 2589
2264 3452
2266 3599
2267 3140
2267 5112
2268 4619
2268 6035
2269 3522
2269 4201
2270 3749
2270 4019
2270 5909
2271 3130
2273 3976
2273 4460
2274 2726
2274 6148
2275 5050
2275 5916
2276 3181
2277 5718
2277 5801
2278 3991
2278 5286
2279 5100
2280 3003
2280 3288
2280 3577
2281 5081
2282 4449
2284 3476
2286 3378
2287 2358
2287 3671
2287 5283
2288 5182
2289 4709
2291 5826
2292 3003
2293 2434
2293 3926
2294 4538
2294 6012
2295 4065
2295 4400
2296 4767
2296 6242
2298 4256
2299 3581
2299 4457
2300 4040
2301 3420
2301 3494
2305 5793
2306 4573
2306 4729
2309 4221
2309 6205
2310 2740
2310 3958
2310 5119
2311 2877
2312 3058
2314 3563
2317 5301
2318 4248
2319 4166
2320 3102
2322 2564
2322 3898
2322 5529
2322 5691
2323 3271
2323 5415
2323 6051
2324 4045
2324 5703
2325 6016
2326 4897
2327 2676
2327 4235
2327 5756
2331 4277
2332 5535
2333 4273
2335 5914
2336 5343
2337 4193
2337 4323
2338 6167
2339 2678
2340 4226
2341 2714
2341 5422
2343 4139
2343 4438
2344 2858
2344 5368
2345 2447
2345 3640
2346 4923
2347 3317
2347 4172
2348 2693
2348 4105
2348 6190
2349 3782
2350 2646
2350 3572
2351 3380
2352 4947
2353 2581
2353 4559
2355 5939
2356 5680
2357 4341
2358 3037
2358 5571
2360 3080
2360 3491
2361 4142
2361 6191
2362 3473
2362 4600
2362 6196
2363 2768
2363 6098
2365 6220
2366 2956
2366 3614
2367 4036
2368 2605
2370 5055
2371 6149
2372 4152
2373 5113
2374 3549
2374 4746
2374 6169
2375 3760
2375 4026
2375 4038
2376 4647
2376 5636
2377 6002
2378 5280
2380 3158
2381 2420
2382 3103
2382 5775
2383 5907
2384 3811
2386 5511
2387 3793
2387 6152
2388 5160
2390 5964
2391 5401
2392 5604
2393 2431
2393 3696
2394 4981
2395 5817
2395 6070
2396 5838
2396 6066
2397 6066
2399 3026
2399 3495
2399 3556
2399 4700
2400 2933
2402 2937
2407 4964
2407 5903
2408 3853
2409 4900
2409 6001
2410 4860
2411 4720
2412 2690
2414 2722
2414 4526
2415 5445
2416 2786
2416 3468
2417 2506
2418 4503
2419 3039
2420 2709
2421 4034
2422 3231
2422 3280
2422 4531
2423 3055
2423 3942
2425 4994
2426 5255
2427 3636
2427 4701
2428 2986
2428 5226
2429 5589
2429 5642
2430 5733
2430 6031
2432 3537
2432 4420
2433 5133
2433 5317
2434 2897
2434 3592
2434 3826
2434 5389
2436 4188
2437 4490
2438 5545
2438 5580
2439 5772
2440 5155
2441 4247
2442 3293
2443 3294
2443 4071
2443 5703
2444 3671
2448 3786
2448 4052
2448 4765
2450 5896
2451 3484
2452 5714
2453 5916
2454 2930
2454 3818
2454 5193
2456 5921
2458 3865
2459 4020
2459 6211
2460 3594
2461 5008
2461 5800
2462 5215
2462 5526
2463 3245
2464 4252
2464 5443
2466 3062
2466 5767
2467 4394
2468 3019
2469 5794
2474 3784
2474 5692
2475 2650
2476 5636
2480 3887
2481 4331
2481 4355
2482 4029
2482 4297
2484 5553
2485 4370
2485 4839
2485 6246
2486 4746
2487 2970
2487 4903
2489 3483
2489 5002
2490 3355
2492 3886
2492 4025
2493 6153
2494 2633
2497 6140
2498 4710
2499 5101
2500 4059
2501 3245
2501 6123
2502 3678
2502 4864
2504 4882
2507 3296
2507 5224
2508 4261
2509 2880
2511 6017
2512 2825
2514 5657
2514 6122
2515 5320
2515 5615
2519 4113
2520 3259
2521 4550
2521 5298
2521 6212
2522 4269
2523 5276
2523 5494
2524 3882
2524 5868
2526 4631
2526 6241
2528 5047
2528 5940
2529 3769
2530 5107
2530 5611
2530 6147
2532 5810
2533 3632
2533 6223
2534 5057
2535 4136
2535 4845
2536 4561
2536 5152
2536 6174
2540 2637
2541 4525
2543 3494
2543 4578
2544 2798
2544 3307
2544 4102
2544 5373
2545 2867
2546 6127
2547 5655
2547 6024
2548 3734
2548 5780
2550 3106
2550 3513
2550 4565
2551 3523
2554 3330
2555 2844
2555 2949
2555 4825
2556 4894
2557 3478
2558 5510
2559 2608
2560 2675
2560 5067
2561 2611
2561 6240
2562 4514
2563 4924
2563 5411
2563 6193
2566 5073
2566 5230
2567 5175
2568 3419
2568 4698
2569 4908
2570 3477
2570 5639
2572 5628
2574 3238
2574 5767
2575 3493
2576 4553
2576 5568
2577 2665
2577 5083
2577 6211
2578 3366
2578 5619
2578 5870
2579 3602
2579 5464
2582 3558
2582 5645
2583 2930
2584 3710
2585 4759
2586 3584
2586 4008
2586 5859
2589 5979
2590 4716
2594 3057
2595 3619
2596 3110
2596 4305
2596 6225
2598 4008
2599 3881
2600 5556
2601 5013
2601 5653
2602 5749
2603 3910
2603 4288
2603 4852
2603 5320
2604 2996
2604 3383
2604 3405
2605 2830
2605 4579
2607 4890
2607 5678
2608 5464
2609 2898
2610 3212
2610 3875
2611 4272
2612 2717
2612 2794
2613 2969
2615 4768
2616 4514
2618 5916
2620 5211
2620 5940
2621 3473
2623 4908
2624 3544
2627 3864
2627 3989
2629 2932
2629 4791
2631 4079
2633 3647
2633 3860
2633 4242
2634 5471
2636 5605
2637 4179
2637 4487
2638 2983
2638 5418
2638 5633
2639 5358
2641 4136
2642 5234
2642 6186
2644 3785
2645 3838
2646 3390
2646 6164
2647 4861
2648 5000
2649 4025
2649 4110
2650 3499
2650 3673
2652 5456
2652 5618
2652 5889
2653 4933
2654 3685
2654 5740
2655 3823
2656 2846
2656 3291
2656 3471
2657 3970
2657 4244
2657 4945
2659 4666
2660 3565
2660 5251
2660 5586
2662 5741
2663 5962
2664 3783
2664 4582
2665 4169
2666 3827
2667 4654
2668 3096
2668 4300
2669 5754
2670 2783
2670 5950
2671 3905
2671 6136
2675 2873
2675 5270
2679 2734
2679 3090
2680 3992
2681 3484
2682 5614
2683 4182
2684 2742
2684 4727
2686 2991
2687 4935
2687 5067
2687 5794
2688 3127
2688 6098
2688 6158
2691 3589
2692 3226
2692 3353
2693 2768
2693 4015
2694 5610
2695 4795
2698 4235
2698 5609
2699 2919
2699 3305
2699 5360
2700 5948
2703 6175
2704 4237
2704 5120
2705 4977
2705 5215
2706 3831
2707 3722
2707 5065
2708 3631
2708 4044
2708 4386
2709 3337
2709 3642
2709 4518
2710 2991
2711 3873
2712 3015
2712 5860
2713 5615
2715 5408
2716 2793
2716 2840
2717 4928
2719 4915
2720 3536
2721 4633
2721 5501
2723 4338
2723 5383
2724 2818
2724 3346
2729 2780
2729 4594
2730 3160
2730 4253
2731 4114
2736 3684
2737 3739
2737 5622
2737 6037
2737 6105
2738 5645
2739 3167
2739 6041
2741 4868
2741 5238
2742 2747
2743 5085
2744 4965
2744 5702
2745 5143
2748 3458
2748 6052
2749 6000
2750 5268
2751 3373
2751 6085
2752 4482
2752 6129
2753 3210
2754 3218
2754 4730
2754 5325
2755 2765
2755 5042
2755 5585
2757 2816
2757 3018
2758 5355
2760 3255
2760 4551
2761 4386
2762 5280
2764 3098
2764 3725
2764 4814
2766 4405
2767 3720
2767 4306
2769 4461
2770 5625
2771 2939
2773 3888
2774 2871
2774 5351
2775 4916
2776 4732
2777 5804
2778 4627
2783 2820
2783 4862
2783 5213
2784 3233
2785 3797
2788 3428
2789 5670
2790 3487
2791 4356
2792 4071
2797 5244
2797 6079
2798 3356
2799 4052
2799 4777
2800 5511
2801 3839
2805 5891
2807 4167
2808 4778
2809 3625
2810 3941
2810 5256
2811 4380
2812 3559
2813 4375
2814 3369
2815 3357
2816 3488
2816 3824
2817 6145
2818 2929
2819 3650
2819 6021
2820 3539
2820 4085
2822 4798
2822 5114
2822 5844
2824 4346
2824 4820
2826 3688
2827 2890
2827 4555
2828 3143
2831 6165
2832 5137
2833 4545
2836 5488
2839 4160
2840 3810
2841 3402
2842 3728
2844 3778
2846 4232
2847 4327
2849 4257
2849 5016
2850 4017
2850 4623
2851 5280
2853 4488
2853 5396
2853 6161
2854 4338
2855 5080
2855 5133
2856 4872
2856 5177
2857 2969
2858 5330
2859 3242
2860 5605
2861 4577
2861 5543
2862 5769
2863 6170
2864 3231
2865 4829
2865 5350
2866 5266
2866 5319
2867 5136
2870 3316
2870 3365
2872 4722
2872 5114
2873 4888
2874 4468
2875 3098
2875 4518
2877 5291
2878 3547
2881 2961
2881 4343
2882 4346
2883 4255
2883 4676
2884 3091
2885 5198
2886 4117
2886 4869
2887 3284
2887 4759
2888 3528
2889 4312
2890 6019
2890 6183
2894 3027
2895 5194
2895 5236
2899 4822
2899 5342
2900 3316
2900 5891
2903 3773
2903 4235
2905 3441
2905 4231
2905 4476
2905 4480
2906 5097
2907 6036
2908 4129
2908 4188
2911 2977
2911 4847
2912 2950
2912 4347
2913 3347
2913 5467
2915 4361
2917 5197
2917 5783
2918 4785
2920 6196
2921 5250
2922 4016
2923 5642
2924 5293
2927 4215
2927 4598
2928 5028
2931 3865
2935 3546
2937 4681
2937 5323
2938 3705
2939 4410
2940 3607
2941 4485
2941 5221
2941 6135
2942 4381
2943 4286
2944 4076
2945 3181
2948 3449
2948 4173
2948 4815
2950 5260
2951 3810
2951 4428
2952 5124
2953 5400
2954 3789
2954 4984
2958 4779
2959 5678
2960 6087
2961 3471
2961 4829
2962 4163
2963 3656
2963 3880
2965 6027
2966 5764
2967 5838
2968 4377
2968 4713
2969 2993
2971 4056
2972 4340
2972 4955
2973 3334
2974 4049
2974 4951
2975 5898
2977 3171
2978 3365
2979 5972
2980 5976
2981 3971
2981 5027
2981 5944
2982 5899
2984 3049
2984 3335
2984 3989
2984 4734
2984 4757
2984 5632
2984 6133
2985 3208
2985 5615
2987 3012
2988 3381
2988 4953
2989 4297
2989 4620
2990 4519
2991 3588
2991 4918
2992 3104
2993 5990
2996 3684
2997 3096
2998 3620
2998 4328
2999 3055
2999 4816
3000 6005
3001 4042
3003 4076
3005 5891
3006 4986
3006 5566
3007 5435
3008 3703
3009 4225
3013 6148
3014 4797
3014 5334
3014 5603
3016 3244
3016 4432
3016 4863
3017 4921
3020 3907
3020 4056
3021 5960
3022 4032
3022 5151
3023 6084
3024 3481
3025 3040
3025 4979
3026 3087
3026 3713
3026 4989
3028 3456
3028 3835
3028 5551
3029 3125
3030 5790
3031 3412
3031 4597
3032 3553
3033 5699
3034 5984
3034 6182
3035 4380
3036 4848
3038 3775
3039 4966
3041 3496
3041 5719
3042 5413
3044 3806
3045 3354
3045 5077
3045 5450
3046 3272
3046 3423
3047 3965
3048 3954
3050 4871
3051 3760
3052 5929
3053 3210
3053 5421
3053 5981
3054 3421
3056 3888
3057 4934
3059 4821
3059 5997
3060 3408
3060 3989
3061 3628
3061 5573
3062 3142
3063 3812
3064 4099
3064 4847
3067 3590
3067 5442
3068 3504
3070 3776
3070 4048
3071 3545
3071 3831
3072 3312
3074 4303
3076 5569
3079 4782
3079 5680
3080 3180
3081 3264
3081 5033
3082 5964
3084 3893
3085 3267
3085 3398
3086 3153
3086 3540
3086 5150
3088 4238
3089 4876
3090 3471
3090 4856
3091 5728
3091 5756
3093 3353
3094 6020
3096 4415
3097 4036
3099 3425
3100 5298
3101 5142
3103 5978
3104 4965
3105 4627
3108 5532
3109 3352
3112 3462
3113 3692
3113 4870
3114 3911
3114 4072
3115 5178
3116 5089
3116 5616
3117 4135
3121 4038
3122 4502
3123 3311
3123 3350
3124 4821
3125 4312
3128 4186
3129 4403
3130 4877
3130 6016
3131 3637
3131 4192
3131 5930
3132 6077
3133 5533
3134 5989
3135 3642
3137 5290
3139 4518
3139 4957
3141 3635
3141 3825
3143 3152
3144 4510
3144 5991
3145 4314
3146 6118
3149 6072
3151 5840
3152 5037
3153 4929
3154 4422
3154 4980
3155 4103
3155 5688
3156 4985
3158 3361
3159 3175
3159 3804
3159 4229
3160 3608
3161 4156
3161 4695
3162 5215
3163 4219
3164 4554
3165 5185
3166 4162
3166 5317
3167 5246
3167 5721
3169 5011
3172 5522
3172 6052
3173 5105
3173 5428
3174 5059
3177 5346
3178 3461
3178 5531
3179 6185
3180 4625
3181 3664
3182 4382
3183 4614
3184 4466
3184 5951
3186 4646
3188 5674
3189 5970
3191 3304
3192 4510
3194 3837
3194 5378
3195 4909
3196 5649
3197 5130
3197 5534
3198 4657
3198 5990
3199 4811
3200 6027
3201 4777
3202 4953
3203 5838
3205 4672
3206 3737
3206 4742
3207 3853
3209 3876
3209 5776
3211 4123
3212 4709
3213 4237
3214 5112
3214 5398
3215 4727
3216 3377
3217 5416
3219 3687
3223 3233
3224 3231
3224 5257
3224 5496
3226 4275
3227 4346
3230 5741
3232 4405
3232 6170
3233 3916
3235 3513
3236 3847
3236 4592
3238 4828
3238 5445
3239 6037
3240 5772
3243 4362
3243 4717
3244 4299
3245 3551
3246 4014
3247 4397
3247 4913
3248 4058
3249 5943
3250 5131
3250 5778
3251 5411
3251 6223
3252 3434
3254 3662
3254 5370
3255 4983
3255 5625
3256 5558
3257 5336
3259 4829
3260 5168
3262 5511
3263 3463
3263 3478
3264 3982
3264 5316
3266 4584
3267 3367
3267 5129
3268 4104
3268 4421
3269 5934
3271 3302
3271 4017
3271 5051
3273 3604
3274 5912
3275 4055
3279 3950
3281 3452
3282 5561
3285 3473
3285 4817
3287 4194
3287 5762
3289 4809
3290 4086
3291 4944
3291 5865
3292 3767
3292 5542
3293 4992
3295 3466
3295 3803
3295 4000
3295 4068
3296 5310
3301 5268
3303 5352
3303 5672
3307 3733
3310 3394
3310 4204
3311 5880
3313 6100
3314 4896
3314 6090
3315 5543
3316 5965
3321 5429
3323 4122
3323 5351
3324 5428
3325 4545
3325 4657
3326 3437
3327 4269
3327 5062
3328 4674
3330 3834
3330 5251
3330 5458
3331 4988
3332 5007
3332 6058
3333 3511
3333 3636
3334 5058
3335 3763
3338 3469
3339 3796
3339 5923
3340 4447
3340 4767
3340 5060
3342 3757
3342 4996
3342 5167
3345 4767
3347 4382
3348 4465
3348 4914
3351 3988
3352 6022
3353 4319
3360 3959
3364 3613
3366 4745
3366 4902
3368 4615
3368 5539
3371 5504
3372 3473
3374 5198
3375 5018
3376 6219
3377 5289
3379 5364
3380 3796
3382 4562
3382 5869
3383 3791
3384 4042
3385 4599
3386 3504
3386 4942
3387 3560
3387 5472
3388 6117
3389 4888
3390 4205
3391 4175
3392 4740
3395 3576
3395 5867
3399 4535
3400 3966
3401 5860
3405 3484
3407 5141
3408 4836
3408 4976
3410 4164
3410 5117
3410 5724
3411 4171
3412 4805
3413 5377
3414 4312
3414 5090
3415 3888
3415 5015
3416 4549
3417 4097
3417 4948
3417 5019
3418 4087
3421 4891
3422 5116
3423 4774
3424 4635
3426 4150
3426 5424
3427 5934
3428 4361
3429 4467
3430 3502
3431 5994
3432 5089
3433 4383
3433 5486
3434 5945
3436 5794
3437 5028
3439 6055
3440 5876
3441 3961
3442 3683
3444 3843
3444 4715
3445 3764
3445 5744
3446 4595
3446 4824
3446 5335
3446 5723
3449 4958
3450 3864
3452 4054
3452 6192
3453 4545
3453 4739
3457 5971
3459 3750
3461 4145
3461 4827
3463 6047
3464 4487
3464 4543
3467 5261
3469 5592
3474 5146
3475 3994
3475 4613
3476 4423
3477 5932
3478 3794
3478 6219
3479 5264
3479 6231
3479 6232
3481 5300
3482 5734
3483 4461
3483 4832
3483 4961
3483 5363
3485 5839
3490 5274
3491 5959
3492 4764
3492 4876
3495 5545
3496 3885
3498 5095
3500 5444
3501 4045
3502 3829
3502 6001
3503 5761
3504 3788
3505 4348
3506 4622
3506 5438
3507 3897
3508 4104
3510 4478
3511 3820
3512 4144
3512 5978
3513 5190
3513 5279
3514 6133
3515 5176
3516 4648
3516 5092
3517 5886
3519 4977
3520 6088
3521 4227
3522 4479
3523 3660
3523 4620
3523 5384
3525 5436
3525 6030
3527 5336
3528 4490
3529 6106
3530 3726
3531 3966
3531 4112
3533 4267
3534 4691
3534 5324
3535 4895
3536 4945
3538 4019
3540 4585
3540 5365
3541 5085
3542 4501
3543 4474
3543 5892
3544 6090
3545 3775
3545 4126
3546 3779
3546 5122
3546 5608
3546 5796
3550 5675
3551 5866
3552 3649
3553 4692
3556 5515
3557 6109
3560 3983
3561 4480
3562 4414
3563 4513
3564 4506
3566 3641
3566 4143
3567 4052
3569 3598
3569 4748
3569 5487
3571 6137
3573 4396
3574 4007
3574 5272
3578 3998
3578 4009
3578 5452
3579 3903
3582 5616
3583 4670
3588 4634
3589 3869
3589 5260
3590 3603
3590 5961
3591 4054
3593 3630
3593 5089
3595 5110
3595 5257
3596 4194
3597 3965
3599 4681
3601 5187
3604 5880
3606 3648
3606 4468
3608 4689
3609 5381
3610 4546
3612 4527
3613 4478
3613 5880
3614 5661
3615 6079
3616 4129
3616 5232
3621 5196
3624 5541
3625 3641
3626 4099
3627 3717
3629 4623
3631 5045
3632 5195
3633 5162
3634 4091
3634 6166
3635 5364
3638 5664
3639 5392
3641 4620
3643 4315
3644 4438
3645 4412
3645 5518
3645 5928
3647 4132
3648 4298
3649 3710
3649 4372
3650 4095
3651 4270
3653 6151
3654 3722
3654 5160
3656 5005
3656 5082
3657 4532
3657 5853
3658 4459
3659 4080
3665 5053
3666 4791
3666 5792
3667 5667
3668 5048
3668 5474
3669 4546
3670 6230
3672 3872
3673 5245
3675 5190
3676 4654
3676 4809
3676 5691
3678 4950
3678 6228
3680 3688
3680 4235
3681 4347
3682 3992
3682 4328
3684 5698
3685 4702
3687 3996
3687 4048
3689 5117
3690 3772
3691 5395
3694 3950
3695 5563
3695 6002
3696 6113
3697 5940
3698 3940
3699 5949
3700 5412
3701 4704
3703 5299
3705 5155
3706 4970
3706 5375
3706 6178
3707 5239
3707 5967
3708 5190
3709 5074
3711 4020
3714 5562
3715 6156
3717 3956
3718 5749
3720 5902
3721 3843
3722 5935
3723 6149
3725 4151
3726 5467
3727 5158
3729 3970
3730 3806
3731 4744
3733 4197
3733 4889
3734 4887
3734 5128
3734 6138
3735 3888
3735 4210
3735 5581
3735 5741
3736 4334
3736 4649
3736 5474
3737 4993
3738 3938
3742 5291
3743 5274
3744 4655
3745 3768
3745 4441
3748 4650
3750 5035
3751 3993
3751 5069
3752 4388
3755 4278
3755 4858
3756 4789
3758 4339
3758 4543
3758 4854
3759 5990
3761 5402
3762 5443
3762 5672
3763 5267
3766 5111
3767 4121
3770 6172
3771 3798
3771 3815
3772 4470
3774 4648
3777 5970
3781 6020
3782 5040
3783 4796
3783 5213
3783 6141
3784 5463
3785 5194
3786 4390
3787 4581
3788 5863
3790 3819
3791 6009
3792 6067
3797 4570
3798 5209
3799 4373
3800 4175
3800 5303
3802 3874
3802 5461
3802 5821
3802 5980
3803 3839
3805 5856
3806 4696
3807 4436
3808 4303
3809 5804
3810 3872
3811 4279
3812 4459
3812 4927
3814 4546
3814 5861
3815 5291
3817 4454
3819 4427
3820 4981
3822 5059
3823 5788
3826 5346
3827 4584
3828 4463
3829 5598
3832 4694
3832 5220
3833 5709
3833 5895
3835 4861
3839 4942
3841 5375
3842 4096
3842 5982
3843 4936
3845 5544
3846 3927
3847 5765
3848 3870
3852 4525
3852 5876
3852 6034
3853 4207
3854 4132
3854 4282
3857 4373
3859 5726
3861 3985
3862 6230
3866 4916
3866 5070
3866 5877
3868 4870
3870 5624
3870 5851
3871 6144
3873 5725
3875 6222
3878 3986
3879 4218
3881 5832
3883 5867
3884 5300
3885 4032
3886 4404
3886 4770
3886 5392
3886 5845
3886 6018
3888 4846
3889 4588
3889 5398
3890 3952
3890 4807
3893 5531
3894 5985
3895 5660
3899 4443
3900 4699
3901 4783
3901 5837
3902 5241
3903 4853
3904 4722
3904 5881
3905 4248
3905 6162
3906 4039
3907 5705
3908 5590
3909 3933
3910 5059
3910 5189
3911 5082
3911 5988
3913 5332
3914 4277
3915 5247
3915 5991
3916 4653
3916 5461
3917 4174
3917 4762
3917 5779
3918 4432
3918 4712
3919 3942
3919 5454
3923 5115
3924 5417
3925 4189
3927 5688
3927 5771
3928 4672
3928 4728
3929 5372
3932 6248
3933 5475
3933 6194
3934 4384
3934 5560
3935 4799
3936 4717
3936 5793
3937 5199
3937 5508
3940 5046
3941 4135
3943 5527
3944 5406
3946 4430
3947 5323
3948 4571
3949 5911
3950 5538
3952 5471
3952 6148
3953 5144
3953 6087
3957 4414
3959 5445
3959 6025
3960 5348
3961 5681
3961 5718
3963 5099
3964 5484
3964 5631
3966 4740
3966 5567
3967 5424
3969 5798
3971 4465
3972 4295
3972 4389
3974 4777
3974 5311
3975 4440
3976 4203
3976 5520
3976 5627
3977 4141
3977 6042
3978 4898
3979 5344
3983 4793
3983 5447
3986 3993
3986 4113
3986 4424
3990 5701
3990 6181
3993 5185
3995 5039
3995 6248
4000 4224
4001 5369
4005 4792
4009 5720
4010 6000
4012 5538
4014 5556
4016 5989
4021 5951
4023 4157
4023 4348
4023 4351
4027 4319
4027 5229
4027 6237
4030 5809
4031 5097
4033 4821
4034 4329
4035 5288
4037 5080
4038 4268
4040 5026
4040 5041
4040 5763
4047 4595
4048 4412
4048 5331
4050 4160
4051 4143
4054 4850
4055 5308
4057 5850
4059 4127
4061 5089
4062 4970
4063 4997
4066 5558
4066 6193
4067 4320
4068 5716
4071 4633
4072 4838
4072 5157
4074 5983
4075 4716
4077 5457
4078 5351
4079 4303
4080 5746
4081 5970
4082 5006
4089 5673
4090 5200
4091 5108
4091 6203
4092 5646
4093 5223
4093 6221
4095 4566
4095 5784
4096 4794
4098 4646
4100 4902
4104 5204
4104 6013
4108 4968
4109 5987
4111 5656
4113 4522
4113 4878
4114 5514
4117 4460
4118 4597
4118 4826
4123 5630
4124 5600
4126 4949
4128 4260
4130 4796
4131 5680
4133 5477
4134 5996
4137 5090
4138 5841
4140 4307
4141 4663
4141 5635
4142 5004
4145 4333
4145 4743
4147 5309
4148 5411
4149 6224
4150 5153
4151 4528
4152 4856
4156 4486
4156 6003
4157 4673
4158 6099
4163 4603
4168 4489
4168 4830
4172 5304
4173 5182
4174 5871
4175 4267
4176 5797
4177 4274
4177 6065
4178 5288
4180 4301
4181 4319
4182 4965
4183 4905
4186 5126
4186 6129
4189 5725
4189 5981
4191 4879
4191 5750
4192 5990
4196 5214
4197 4583
4197 6057
4198 6070
4200 5939
4202 5146
4203 4614
4203 5423
4205 4361
4206 6156
4209 5684
4210 5559
4212 5856
4214 4891
4215 5218
4216 4612
4217 4336
4217 5883
4219 5599
4221 5252
4222 4525
4223 4376
4224 5872
4225 4502
4229 6247
4230 5159
4232 5003
4232 5808
4234 5757
4235 5913
4236 5849
4240 4874
4240 6212
4241 4519
4241 5339
4242 4624
4243 4688
4244 4752
4246 5246
4246 5647
4251 4256
4252 6167
4254 5514
4256 5237
4256 5717
4257 4686
4258 5891
4259 4843
4262 4708
4262 5387
4263 5734
4264 5915
4266 4323
4267 5042
4269 5325
4270 5900
4271 4699
4274 5654
4276 5789
4277 5094
4279 5802
4281 4865
4283 4906
4284 5381
4285 4749
4288 4680
4288 4690
4289 5647
4292 4873
4293 5712
4294 5646
4295 4833
4296 4394
4298 5644
4299 4322
4304 4856
4307 5132
4307 6072
4310 4690
4310 5596
4312 6106
4313 4970
4316 5187
4317 5953
4318 6216
4320 6033
4321 4682
4321 4973
4325 6010
4327 5642
4330 5903
4331 4947
4332 5465
4333 5261
4335 5288
4337 5252
4337 5844
4341 4804
4342 4888
4344 6100
4349 5088
4349 5156
4350 5159
4351 5975
4352 6099
4354 4417
4354 4754
4356 5466
4358 5946
4360 4699
4362 5759
4363 5905
4364 4832
4365 4632
4365 4840
4367 5287
4372 5735
4374 6187
4375 4893
4375 5257
4377 4899
4377 4940
4380 5327
4381 5455
4385 4841
4388 4737
4388 5709
4389 6021
4391 6041
4393 6243
4394 4468
4398 4640
4398 4971
4398 5294
4399 5226
4401 5897
4402 6105
4403 6114
4406 4725
4408 4639
4408 5896
4408 5933
4409 5836
4409 5841
4409 6061
4411 4997
4413 5881
4414 6079
4416 4564
4417 4859
4417 5206
4419 4743
4420 5241
4423 4589
4423 4773
4425 4661
4426 5774
4427 4915
4430 4492
4430 5673
4435 4793
4437 4580
4438 5191
4440 4852
4442 5594
4443 5081
4443 6196
4445 4673
4445 6249
4446 4853
4447 5536
4451 5999
4454 5521
4454 5888
4455 4540
4456 5221
4463 4610
4464 4784
4467 4689
4468 5543
4470 6147
4473 4983
4473 5487
4475 4492
4475 5584
4477 5197
4481 5136
4481 6055
4484 5279
4487 5747
4488 6007
4489 5217
4491 5629
4493 5887
4495 4560
4497 5269
4497 5912
4499 4959
4500 5292
4503 5362
4504 5283
4506 5937
4508 6102
4510 4998
4514 5071
4516 5830
4518 5216
4519 5774
4521 6238
4522 5079
4523 6025
4526 5328
4527 4812
4528 6052
4529 5043
4529 5943
4530 5756
4533 6049
4534 5178
4536 6240
4542 5431
4545 4736
4545 5349
4545 5858
4546 5942
4548 5424
4548 5479
4550 5031
4555 4699
4556 5859
4560 5264
4562 5902
4563 5282
4563 5843
4565 6236
4569 5407
4574 5384
4574 5519
4577 4937
4577 5209
4580 4980
4584 4655
4586 5718
4589 5506
4595 4665
4595 5446
4596 6228
4599 5264
4600 5488
4602 5738
4603 5538
4606 5477
4606 5588
4606 5757
4608 5399
4609 5456
4610 5464
4611 5813
4613 6233
4615 5498
4616 4933
4617 5053
4618 4791
4619 6236
4621 5647
4623 5170
4625 5531
4627 5864
4630 6084
4632 5926
4633 5649
4635 5888
4636 6029
4641 4889
4642 5687
4643 6098
4644 4864
4645 6212
4646 5011
4648 4707
4651 5964
4652 5413
4654 5098
4655 5973
4656 5577
4658 5462
4658 6167
4659 5287
4660 6195
4663 5509
4668 6223
4671 5124
4674 4929
4679 4876
4681 4768
4681 4885
4683 5795
4683 6008
4684 5784
4685 5637
4686 5783
4694 5515
4697 5524
4701 5191
4704 4904
4704 5292
4705 5175
4710 5820
4710 6109
4711 5958
4711 6125
4713 4938
4718 5948
4720 5749
4721 5902
4723 4917
4728 5027
4730 6094
4731 4810
4733 6067
4735 4742
4735 4953
4735 5798
4738 5224
4740 6199
4741 5243
4741 5489
4743 6189
4744 5546
4750 5259
4752 6124
4753 5094
4753 6213
4757 5623
4757 6010
4758 5308
4758 5707
4761 4772
4766 5732
4768 5868
4773 5732
4776 5481
4776 5631
4777 4889
4779 4783
4779 6185
4780 5370
4781 5964
4783 5523
4784 5480
4788 5221
4791 5866
4792 5225
4794 5249
4797 4966
4798 4901
4798 6056
4799 5592
4800 5326
4801 5867
4801 6056
4802 5993
4807 6006
4814 5824
4831 5915
4833 5373
4834 4991
4834 5624
4835 4898
4844 4877
4844 6249
4853 6005
4864 5743
4866 5357
4868 5207
4870 5055
4873 5263
4875 4904
4878 5744
4879 4972
4880 4935
4882 6047
4885 4933
4886 5273
4886 5440
4886 5475
4888 5790
4889 6101
4890 5338
4891 5481
4892 5591
4892 5849
4892 6089
4893 4925
4895 5281
4896 5001
4897 5787
4897 6094
4898 6218
4900 5679
4900 6206
4902 6004
4903 5885
4903 6026
4906 5602
4906 5747
4908 5893
4910 5481
4912 5618
4919 5096
4919 5102
4920 5943
4922 5618
4926 5268
4930 5669
4931 6004
4936 5291
4941 6092
4943 5744
4944 6140
4951 5517
4951 5697
4953 5565
4956 5691
4960 6135
4964 5099
4965 5666
4969 5336
4972 5944
4978 5754
4984 4993
4986 5721
4990 5430
4992 5934
4994 6079
4997 5690
5000 5809
5001 5045
5001 6191
5003 5055
5003 5773
5009 5298
5010 5157
5010 5857
5012 5210
5020 5597
5021 5508
5022 6104
5028 5738
5029 6020
5030 5128
5036 5657
5038 6040
5039 6015
5043 5663
5044 5951
5050 5685
5056 5543
5057 5742
5060 5418
5062 5248
5062 5707
5063 6145
5068 5452
5071 5302
5075 6197
5077 5534
5084 6087
5085 5421
5086 5358
5086 5689
5091 5456
5092 6187
5093 5110
5093 5381
5093 5889
5100 5718
5102 6094
5103 5168
5108 5917
5109 5679
5111 5974
5114 6229
5121 5953
5123 6223
5124 5600
5125 6080
5134 5539
5139 6066
5148 5292
5153 5388
5155 5463
5155 6048
5158 5472
5162 5433
5163 5607
5164 5377
5166 5899
5167 5628
5170 5807
5173 5621
5174 5490
5175 5803
5176 5600
5177 5198
5182 5818
5182 5828
5186 5813
5192 5390
5201 6169
5202 5312
5202 6102
5203 5708
5203 5925
5205 5237
5206 6128
5208 6240
5210 5575
5210 5727
5212 5518
5212 5835
5219 5750
5221 5263
5228 6130
5230 5425
5230 5559
5231 5446
5232 5392
5232 5899
5239 6054
5250 6127
5255 5514
5256 6142
5258 5260
5260 5557
5265 6090
5277 6027
5282 5880
5284 5672
5286 5468
5288 6134
5289 5491
5295 5309
5300 5416
5313 6224
5314 5374
5317 6144
5321 6041
5326 5489
5333 6166
5338 5854
5343 5886
5347 5502
5352 5540
5353 5354
5356 6107
5358 5873
5359 5667
5362 5789
5362 5897
5363 6033
5365 5937
5389 5583
5389 6029
5391 5841
5395 6226
5399 6056
5404 5437
5404 6179
5405 5593
5406 6130
5407 5738
5416 5966
5418 6063
5422 6218
5424 5564
5426 6042
5427 5808
5428 5469
5429 6075
5430 5478
5431 5441
5432 5774
5433 5611
5448 6153
5449 5809
5453 6032
5458 5732
5465 5561
5470 6174
5482 5579
5494 5782
5495 5537
5498 5822
5500 5993
5512 5788
5516 5564
5517 5683
5521 5848
5522 5885
5522 6200
5523 5806
5524 5897
5529 6075
5530 6226
5533 5925
5535 6209
5539 5629
5552 5778
5554 5995
5562 5842
5585 5845
5587 6065
5594 5695
5599 6097
5606 5987
5610 5919
5613 6008
5617 5824
5621 5889
5624 5904
5626 6229
5628 5931
5630 6093
5631 5986
5632 6085
5638 5708
5639 5948
5641 6109
5648 5731
5654 5823
5671 5781
5680 5927
5680 5955
5682 5697
5686 5795
5694 6209
5701 6041
5708 5857
5727 6232
5739 6111
5744 5847
5752 6102
5766 6244
5769 5774
5769 6170
5775 5969
5791 6000
5796 6151
5799 6108
5811 5946
5825 5877
5848 5945
5851 6152
5853 6096
5858 6110
5869 5922
5870 6173
5883 6216
5884 6083
5889 5986
5894 5895
5896 6151
5904 6036
5939 6169
5941 6121
5962 6132
5968 6111
5984 5992
5988 6108
5993 6067
5998 6190
6007 6105
6011 6071
6028 6079
6045 6158
6055 6193
6059 6064
6078 6104
6089 6162
6094 6168
6126 6180
6159 6244
6160 6239