390
0 255
0 320
1 167
1 226
1 265
1 335
2 225
2 266
2 302
2 303
3 162
3 182
4 34
5 211
5 256
5 313
6 81
7 298
8 200
8 336
9 100
9 154
10 106
10 227
11 273
12 264
12 382
13 214
13 296
14 19
15 205
15 340
16 182
17 254
18 22
18 352
19 44
19 91
19 177
19 267
20 141
20 349
21 255
22 124
23 47
23 65
23 308
24 138
24 235
25 216
25 327
25 384
26 385
27 45
27 61
27 345
28 142
29 259
30 232
31 135
31 273
31 331
32 295
33 50
34 184
34 193
34 199
35 210
35 219
36 85
36 351
37 172
38 99
38 149
39 45
39 238
40 277
41 104
41 255
42 258
43 221
43 242
46 59
46 88
46 346
47 144
47 178
47 198
48 180
49 118
49 274
49 354
50 248
51 98
51 240
51 283
52 129
53 107
53 148
53 151
54 201
54 270
55 308
56 101
56 345
57 128
57 376
58 164
59 165
59 316
60 97
60 161
61 344
62 309
63 242
64 69
64 70
66 220
66 368
67 236
68 87
68 320
69 246
69 277
70 86
71 237
71 317
71 327
71 341
72 351
72 364
73 115
73 300
74 78
74 248
74 361
75 261
76 227
76 246
76 322
76 355
77 304
78 312
79 259
79 363
80 335
81 152
81 237
82 152
82 208
83 383
84 257
84 262
84 272
86 103
86 274
86 383
87 337
88 275
89 162
89 284
90 155
90 243
90 252
91 118
91 305
91 339
92 153
93 116
94 257
95 204
95 234
96 102
99 204
100 298
100 328
101 215
101 356
102 349
104 146
104 204
105 379
108 133
109 114
109 223
109 270
110 381
111 123
112 325
113 321
114 222
115 122
116 200
116 379
117 151
117 249
118 131
118 316
119 226
119 277
119 290
120 279
121 152
121 238
121 331
123 306
123 362
124 346
125 128
126 272
127 349
128 310
128 340
129 214
130 291
132 384
133 366
134 183
134 322
134 332
135 169
135 311
136 173
136 377
137 143
137 310
138 231
139 241
140 150
142 276
142 305
144 369
145 376
146 151
147 235
147 307
147 341
148 252
149 244
149 381
150 283
153 292
153 385
154 342
155 341
156 178
156 321
157 250
158 268
159 346
160 345
161 294
162 170
163 219
164 197
164 282
165 325
166 245
166 295
166 377
167 214
168 197
168 209
168 212
168 240
168 357
169 191
169 293
171 233
171 252
172 193
172 247
172 287
174 338
175 355
176 261
179 320
180 304
180 340
181 263
181 329
181 380
182 258
182 291
184 240
184 285
185 247
186 313
187 278
187 358
188 368
189 340
190 269
192 240
192 349
193 262
194 280
195 207
196 260
196 358
197 218
197 319
200 217
202 313
203 221
203 306
205 368
206 226
206 370
207 376
209 343
209 350
212 288
212 360
213 294
214 250
214 330
217 372
219 326
223 236
223 328
224 263
225 363
226 353
228 353
229 378
230 297
230 363
231 366
232 280
232 389
234 283
236 310
237 338
239 322
241 292
243 280
247 251
249 254
250 261
250 324
252 369
253 296
256 377
258 355
259 281
260 298
260 385
262 264
265 266
267 379
268 272
269 366
271 296
273 315
275 361
276 374
279 282
286 323
286 347
287 388
289 311
289 367
290 359
292 299
294 328
298 318
300 309
300 364
301 310
305 365
306 359
307 386
314 380
314 385
315 351
320 326
327 348
333 365
334 347
334 361
335 340
338 387
341 377
342 382
350 371
354 375
370 373
377 378