97
0 41
0 79
1 71
2 12
2 48
2 78
3 67
3 92
4 16
4 66
5 18
5 66
6 9
6 14
7 14
7 20
7 22
8 57
9 31
9 91
10 62
10 79
11 76
12 30
12 53
12 77
13 25
13 48
13 84
15 43
15 96
16 27
16 80
17 73
18 58
19 34
20 69
20 93
21 27
22 44
22 49
23 26
23 63
23 92
24 40
24 75
26 50
26 95
27 55
27 73
28 69
28 81
29 95
32 33
32 38
32 56
32 89
33 95
34 63
35 71
36 42
37 87
37 94
39 81
40 83
40 85
42 72
42 78
44 60
44 68
45 50
46 50
47 81
48 90
50 68
51 63
52 53
54 79
54 86
55 87
56 62
57 87
58 95
59 67
60 85
61 96
64 70
64 74
64 78
65 73
66 96
67 84
69 88
71 89
76 82
82 93