97
0 25
1 72
2 12
2 44
3 8
3 14
3 66
3 82
4 12
5 23
5 34
6 22
6 58
6 78
7 65
7 91
8 26
8 63
8 79
8 93
9 74
9 83
10 51
11 17
11 54
12 67
13 40
13 49
13 53
13 86
14 46
15 47
16 25
16 39
16 53
17 63
17 64
18 80
18 84
19 39
20 36
21 59
22 70
24 78
26 92
27 69
27 86
28 35
29 41
30 31
30 65
31 61
32 42
32 76
32 84
33 50
34 49
34 51
35 64
35 68
36 40
37 59
37 91
38 52
39 77
41 51
42 48
43 57
43 73
45 91
47 64
48 62
49 57
50 90
52 54
52 58
55 60
55 68
55 74
56 82
57 71
57 82
59 94
62 89
67 90
71 91
72 91
73 84
75 89
75 95
75 96
81 83
85 86
85 90
87 92
88 96