390
0 113
0 168
0 340
1 61
1 68
1 262
1 274
2 42
2 222
3 164
4 109
4 327
5 7
5 234
5 318
6 289
7 157
8 110
8 164
9 181
10 52
10 137
10 345
11 136
11 195
11 345
12 87
12 273
12 350
13 92
14 93
14 196
14 246
15 165
16 33
16 161
17 280
17 320
17 352
18 291
19 170
19 191
19 233
20 180
21 231
22 180
22 307
23 332
23 381
24 348
24 358
25 284
26 192
27 106
27 143
28 66
29 213
30 31
30 70
31 183
32 194
32 206
34 145
34 205
35 305
36 99
36 108
36 152
36 201
37 58
37 246
38 129
38 327
38 331
39 76
40 135
40 308
41 59
41 97
41 291
43 62
43 254
44 223
44 384
45 118
45 176
45 264
46 204
47 216
48 203
48 217
48 328
49 117
49 222
50 111
50 228
51 67
51 138
52 215
53 248
54 110
54 221
55 165
55 310
55 346
56 206
56 258
57 86
59 145
60 108
60 266
63 80
63 92
64 166
64 300
64 348
65 153
66 384
67 181
69 104
70 144
70 170
70 292
71 100
71 131
72 176
73 86
74 266
74 286
75 240
75 313
75 334
76 318
77 131
77 146
77 321
78 220
78 309
79 179
79 252
81 352
82 200
82 380
83 284
84 133
84 247
84 248
85 107
86 97
86 251
87 141
88 185
88 260
88 268
89 282
89 364
89 389
90 299
91 349
92 296
93 298
94 302
95 123
95 172
96 389
97 247
97 379
98 113
98 210
98 361
101 173
101 190
101 262
101 339
102 113
102 335
103 353
104 211
105 202
105 222
106 315
107 317
108 188
108 236
108 245
110 342
111 292
112 184
112 198
112 302
113 291
114 149
115 207
115 237
116 248
118 336
119 376
120 251
120 317
121 250
122 225
122 252
123 148
123 186
124 141
124 182
125 151
126 220
126 367
127 289
127 366
128 141
128 376
130 183
130 216
130 299
130 333
131 256
131 308
131 343
132 224
132 269
132 330
133 177
134 271
134 275
134 304
134 311
134 344
134 357
134 366
136 250
136 286
137 347
139 157
139 204
139 216
139 261
140 328
141 158
142 280
143 295
143 388
145 159
147 322
147 378
148 164
149 290
150 177
150 351
151 294
153 201
154 358
155 287
156 241
157 180
160 176
161 319
162 176
162 211
162 313
163 253
163 287
164 199
165 326
166 285
167 187
168 287
169 374
171 187
171 349
172 372
174 358
175 255
175 257
178 187
179 375
181 232
181 364
183 364
184 225
185 315
187 309
189 344
190 368
191 329
192 197
192 239
192 342
193 371
194 338
195 365
196 281
199 257
199 323
202 204
202 336
202 382
203 308
204 230
207 374
208 280
208 323
209 214
209 373
211 353
212 325
213 232
215 346
216 341
218 226
218 227
218 242
219 296
219 386
220 303
220 339
225 250
225 296
228 283
229 330
230 354
231 263
231 350
234 242
234 326
235 294
235 348
237 268
237 305
238 265
238 314
238 324
241 277
243 371
244 327
245 315
246 284
246 325
249 253
251 324
254 286
259 296
259 337
260 288
260 306
261 371
262 370
267 292
269 315
270 348
270 355
272 381
274 293
276 371
277 301
277 378
278 338
279 312
279 336
280 293
281 365
290 299
293 369
294 308
294 317
296 358
297 311
297 373
298 322
299 356
303 380
305 327
305 376
309 363
316 359
316 373
319 335
322 373
323 338
327 383
330 387
335 369
336 377
343 381
347 384
360 367
362 375
362 385