781
0 225
1 456
1 693
2 434
2 470
3 269
3 683
4 299
4 401
4 541
4 729
4 756
5 352
6 316
6 493
6 770
7 257
7 311
8 193
8 628
9 687
10 124
10 299
10 371
10 595
11 37
11 728
12 103
12 522
13 673
14 226
14 505
15 550
16 466
16 767
17 32
17 141
17 578
17 627
18 165
18 430
19 103
20 496
21 717
22 709
22 717
22 727
23 602
24 71
24 500
25 121
25 656
26 119
26 433
27 352
27 552
28 614
29 530
30 125
30 245
31 229
31 420
31 523
32 353
33 404
33 760
34 45
34 506
35 454
36 676
37 259
38 43
38 117
38 439
39 70
39 498
40 106
40 490
41 114
41 382
42 178
42 216
42 722
44 345
45 607
46 649
47 177
48 708
49 212
49 308
49 648
49 766
50 578
50 625
51 256
51 733
52 87
53 356
54 345
54 564
54 591
54 601
55 360
56 305
56 365
57 672
57 773
58 484
59 82
59 590
60 345
60 691
61 80
61 486
62 616
62 664
63 166
63 372
64 81
64 191
64 310
64 500
65 313
65 571
66 489
66 699
67 82
67 102
67 478
67 556
67 659
68 237
68 645
68 681
69 561
69 590
70 349
70 451
71 653
72 456
73 374
73 562
73 725
74 699
74 736
75 466
75 631
76 233
76 705
77 476
77 670
78 309
79 397
79 421
79 457
80 140
81 518
82 199
82 377
83 291
83 338
84 507
84 533
85 240
85 701
85 702
86 150
86 247
86 568
86 733
87 406
87 671
88 226
88 252
88 395
88 695
89 468
89 763
90 131
90 334
90 562
91 193
92 142
93 311
94 543
94 578
95 490
96 130
97 380
97 560
98 460
99 250
100 184
100 214
100 727
101 123
101 405
103 251
103 540
103 668
104 123
104 623
105 764
106 704
107 514
108 245
108 719
108 778
109 221
109 403
109 477
109 743
110 300
111 276
111 287
111 624
112 170
113 209
113 464
114 169
115 650
116 368
117 508
118 194
118 669
119 210
119 296
119 357
120 271
120 566
120 617
121 307
122 773
123 135
123 431
125 551
126 131
126 512
127 160
127 448
127 457
128 744
129 549
129 732
130 211
130 505
132 546
133 173
133 334
133 409
134 368
135 425
136 188
136 254
136 261
137 167
137 663
137 747
138 174
138 578
138 777
139 549
141 143
142 293
142 493
142 509
144 526
145 234
145 429
146 284
146 404
147 344
147 472
148 537
148 742
149 385
151 154
152 412
153 267
153 327
154 344
155 178
155 702
156 186
156 238
157 709
158 373
158 381
158 550
158 558
159 376
161 754
162 353
163 544
164 480
166 263
167 658
168 250
168 257
168 679
169 376
169 391
170 286
170 319
170 415
171 736
172 321
173 207
175 613
175 650
176 463
177 243
177 452
179 266
179 619
180 271
180 634
181 223
182 417
183 218
183 521
183 730
184 706
185 407
185 767
186 445
186 616
187 347
188 237
188 610
189 432
189 569
190 387
190 393
190 497
191 332
191 427
191 743
192 417
192 630
192 682
193 650
194 447
195 347
195 682
196 418
196 517
197 598
198 680
199 640
200 254
200 383
201 210
202 344
202 572
203 737
204 422
204 718
205 283
206 507
206 580
206 587
206 742
207 338
208 434
208 676
211 672
213 263
213 677
213 711
214 757
215 533
216 301
217 229
217 636
218 753
219 529
220 642
221 331
222 379
222 441
222 456
223 375
224 352
224 367
224 380
225 687
225 724
226 562
227 235
227 623
228 279
228 597
229 628
230 317
230 473
231 700
232 447
233 606
234 460
235 479
235 626
236 514
236 749
238 707
239 554
240 316
241 415
242 279
242 604
243 246
244 695
246 752
246 779
247 709
248 453
248 765
249 449
250 375
250 429
250 511
250 722
251 290
251 750
251 751
252 577
253 688
254 510
255 726
255 740
257 698
258 447
258 503
258 527
259 503
260 448
260 637
262 325
263 463
263 619
263 725
264 382
265 443
265 555
267 400
267 733
268 306
268 475
270 314
270 605
271 502
272 281
272 487
272 753
273 478
273 549
274 743
274 747
275 321
277 482
277 510
277 643
278 765
280 765
282 322
282 598
283 505
285 295
288 459
289 416
292 440
293 350
293 660
294 621
294 635
295 684
297 464
298 399
298 770
300 687
301 539
302 322
302 645
303 418
303 549
303 582
303 714
304 532
304 618
305 747
306 341
306 505
307 526
307 676
309 437
309 592
311 454
312 417
312 429
314 563
315 735
315 771
318 396
318 596
318 700
320 499
320 728
321 542
321 730
323 741
324 325
324 358
326 741
328 743
329 717
330 689
330 780
331 339
331 719
333 517
335 476
335 571
336 393
337 496
338 447
338 705
339 420
340 469
341 435
341 649
342 355
342 703
343 486
343 558
343 708
346 484
346 595
348 456
349 510
349 684
351 366
352 534
354 397
354 746
356 476
356 514
357 452
357 515
358 610
359 411
359 438
360 728
361 464
362 634
362 651
362 667
363 388
363 591
364 557
364 685
366 494
366 546
368 469
368 641
369 695
370 768
377 496
378 573
379 530
379 712
379 718
379 731
380 459
381 646
381 648
382 472
384 491
384 513
385 495
385 630
386 484
386 504
389 412
389 716
389 774
390 601
390 674
392 445
392 525
392 662
394 459
394 762
396 680
396 729
398 678
398 743
402 583
403 411
404 723
406 718
407 544
408 439
409 544
409 547
410 761
413 763
414 707
414 709
415 507
416 684
419 508
422 638
423 640
424 753
425 646
426 486
426 488
428 597
430 617
430 769
433 536
433 654
435 543
435 690
436 711
437 530
438 745
439 776
440 529
440 680
441 469
442 636
444 583
444 717
445 548
446 625
448 665
449 497
450 516
450 595
451 467
451 567
453 759
454 652
455 589
455 697
455 758
457 608
458 704
460 651
461 468
462 535
462 599
462 678
464 652
465 632
465 778
468 710
468 768
469 655
470 613
471 689
472 721
473 661
473 756
474 535
476 494
476 686
478 498
480 682
481 604
482 739
483 761
484 563
485 624
485 691
487 556
492 565
494 595
494 692
497 667
497 764
499 658
501 559
501 590
507 771
510 595
512 550
512 754
513 725
519 609
519 730
520 741
522 584
524 666
524 737
525 576
528 730
529 715
530 538
531 602
532 642
536 686
537 764
540 772
544 555
544 694
545 549
548 581
552 600
553 573
554 603
554 776
559 564
559 744
561 604
565 591
566 603
566 620
569 607
570 578
570 720
573 637
573 724
574 766
575 735
577 593
577 633
579 632
580 588
580 611
580 637
581 714
584 688
585 710
586 727
589 630
591 718
594 772
595 615
602 644
606 612
607 776
612 635
614 711
615 629
622 726
628 768
629 644
635 639
636 737
638 673
642 703
647 671
648 742
651 774
654 676
656 721
657 663
659 683
660 738
662 723
663 761
674 713
675 778
684 685
689 769
693 734
695 726
696 773
697 741
699 759
701 750
703 722
704 707
708 755
736 764
741 748
749 762
753 775