3125
0 658
0 1006
0 1081
0 1862
0 2465
1 279
1 503
1 1940
2 299
3 1066
3 1363
3 2850
4 542
5 337
5 812
6 2660
7 512
7 1831
7 3065
8 1398
8 2549
9 1157
10 1606
10 2107
11 1924
12 905
12 2658
13 2718
14 926
15 1998
16 218
17 633
17 2455
18 2391
19 2360
20 2260
21 172
21 517
21 587
21 1340
21 1487
22 156
22 1052
23 2405
24 775
24 2299
24 2923
24 2970
25 928
25 1392
26 592
26 1994
26 2347
27 2359
28 2205
29 1583
29 2350
29 3043
30 564
31 2244
32 1374
32 1790
33 2865
34 1744
34 2671
35 2735
36 2010
37 734
37 821
37 1585
37 3081
38 2951
39 671
39 1818
39 1930
40 2615
41 444
41 1309
41 1524
42 1396
43 760
43 1166
44 2387
45 1240
45 2840
46 335
47 554
47 764
47 1052
48 1394
48 2354
49 2507
49 2518
50 2998
51 640
51 1263
52 992
52 1926
53 1192
53 1345
53 1760
54 1375
54 1407
55 1767
55 1938
55 2362
55 2731
56 1335
57 2418
58 1121
59 218
59 2125
60 370
60 2888
61 511
61 1074
62 138
62 424
62 1104
63 1669
63 2326
63 2708
64 197
64 675
64 2718
65 1954
66 1903
66 2989
67 1791
68 787
68 1494
69 2167
69 2460
70 99
71 1471
71 2343
72 1124
72 1909
72 2107
73 354
73 1240
73 2394
74 858
74 2095
75 215
76 281
76 1170
76 2256
77 393
78 353
78 1008
79 1841
79 2031
79 2721
80 368
80 1374
81 628
81 680
81 1403
81 2283
81 2854
81 3015
82 189
82 2145
82 2635
83 1728
83 2204
83 2912
84 1959
85 1250
85 2502
86 2769
86 2842
87 686
87 2287
88 1438
88 2723
89 854
89 2985
89 3030
90 1387
91 594
91 619
91 1293
92 2434
93 1105
94 317
95 851
95 1341
95 2696
95 2759
96 811
96 1443
96 1516
96 1546
96 2441
97 212
97 2459
98 635
99 1098
99 1661
99 1828
100 1607
101 1469
101 2774
102 1155
103 470
104 778
104 1540
104 1901
105 2631
105 3067
106 1671
106 1849
106 2964
107 266
107 1464
108 1388
108 2097
109 502
110 2712
111 2771
112 674
113 553
114 2222
115 2207
116 606
117 727
117 1500
117 1918
118 2080
118 2947
119 1668
119 2392
120 2728
121 530
121 1272
122 359
122 2776
123 1450
123 1669
124 129
125 976
125 1104
125 1846
126 233
126 2236
126 2870
127 1886
127 3119
128 1190
129 1101
130 420
130 1946
131 881
131 1334
131 1781
131 2160
131 2726
132 1889
133 686
134 1601
134 2297
134 2568
135 2791
136 1759
136 1954
137 1213
137 1592
137 2780
138 2558
139 226
139 2942
140 1370
140 2687
141 1436
141 2308
142 485
142 614
143 196
143 2366
143 2589
144 468
144 2769
145 3044
146 1250
147 2682
148 2414
149 1021
149 1268
150 2382
151 1414
151 1732
152 2185
152 2373
153 529
153 2174
154 453
155 749
157 1271
157 1729
157 2053
158 1348
159 1145
159 2151
160 869
161 563
161 2050
162 537
162 1681
162 1923
162 2055
162 2210
163 619
163 1399
163 2997
163 3122
164 298
164 745
165 166
165 1633
165 2791
166 2294
167 330
167 1979
167 2723
168 834
168 2933
169 2355
169 2422
170 1145
170 2881
170 3046
171 914
171 1430
171 2152
173 396
173 542
173 3049
174 1135
174 1720
175 953
175 1222
175 1574
175 1881
176 228
177 504
177 1595
178 738
179 316
179 719
179 1465
180 272
180 1415
181 430
181 1228
182 2135
182 2693
183 377
183 436
183 649
183 1223
184 597
184 1954
184 2599
184 2777
185 232
185 431
185 1129
186 1504
187 431
188 973
189 409
190 371
191 2190
192 934
192 2451
193 237
193 728
193 806
194 1758
195 2892
197 920
197 1950
198 1493
199 936
199 951
200 1306
200 2833
201 2524
202 2667
203 2097
204 1381
205 650
205 1344
206 991
206 1997
207 418
207 1499
208 2866
209 724
209 1594
210 3124
211 1426
212 1079
212 1577
213 1409
213 2634
214 692
214 1243
214 3123
215 1304
215 2499
216 2249
217 1457
218 1495
218 2625
219 2436
220 518
220 575
220 741
220 1149
220 2159
220 2542
221 317
221 1366
221 1812
222 236
222 840
223 1651
223 2165
224 1830
224 2048
225 2612
225 3014
226 1297
226 1471
227 2142
228 240
228 2959
229 640
229 1652
229 1794
230 388
230 1401
230 1935
231 659
231 1455
231 2521
232 1300
232 1694
233 2066
234 2623
235 915
235 2971
236 966
236 2235
236 2711
237 748
237 1316
238 3049
239 1259
239 1870
241 896
242 1584
243 2252
243 2619
243 3069
244 353
245 1686
246 2331
246 2743
246 3094
247 1471
247 2008
248 736
248 964
248 2007
249 615
249 3033
250 584
250 1537
251 752
251 2387
252 1420
252 2401
252 2541
253 1892
253 2404
253 2498
254 2875
255 258
256 1422
256 3066
257 543
257 1882
258 851
259 1971
259 2291
260 2843
261 1468
261 1960
262 615
262 1843
262 2639
263 323
264 1853
264 3024
265 874
265 1194
265 1733
265 2010
267 839
267 1850
267 2794
267 2905
268 944
268 1455
269 1422
269 2924
270 1323
271 633
272 490
273 1616
273 2571
273 2779
274 2750
275 340
275 1301
276 1636
277 2070
277 2295
278 2023
278 2852
279 289
279 852
279 956
279 2663
280 869
280 1810
282 2017
283 479
283 3105
283 3113
284 1467
285 1540
286 1111
286 1158
287 949
287 1303
287 1763
288 980
288 2517
288 2684
289 531
290 1384
290 1470
291 691
291 1461
291 2825
292 1966
292 1996
293 2091
294 1467
295 3004
296 626
296 929
297 1321
297 2934
298 1599
298 1706
298 2859
299 693
299 1230
299 1722
300 1908
301 823
302 1700
303 680
304 2649
305 1444
305 1693
306 2355
307 439
307 2739
308 2348
308 2562
309 1058
309 2390
310 358
310 1142
310 1322
310 1848
311 935
311 1342
311 1786
312 2292
313 798
313 830
314 342
314 1867
314 2584
314 2629
315 1403
315 2379
315 2518
316 2385
317 1871
318 2446
318 2572
318 2723
319 2609
320 3111
321 1184
321 1720
322 857
322 2690
323 762
323 824
324 2209
324 2915
325 873
325 2303
326 1658
326 2188
326 2341
327 785
328 2754
329 1551
331 2391
331 2483
332 2092
332 2929
333 525
333 1282
334 2082
334 2313
334 2544
335 1655
335 2831
336 1503
337 1126
338 3116
339 650
341 2287
342 1775
343 2771
344 408
344 1556
345 1351
345 2014
346 959
346 2723
347 1092
347 1329
348 1014
348 2257
348 2423
349 1859
350 3034
351 1190
352 722
352 1548
353 1982
354 1921
355 772
355 2522
356 741
357 1011
357 1800
358 1473
359 1949
360 1573
360 1907
361 652
361 1112
361 1855
362 1427
362 2186
363 1630
363 2268
364 2156
365 410
365 645
366 2437
366 2523
366 2714
367 3096
369 2447
370 396
370 449
370 1676
371 1200
371 2178
372 1316
373 1696
373 2914
374 2041
375 1945
376 814
376 1376
376 2475
376 3100
377 1044
378 3051
379 921
379 1479
379 2300
380 812
380 2432
381 2291
381 2494
382 1117
382 2321
382 2504
383 785
383 3007
384 2086
384 2444
384 3005
384 3014
385 801
385 2000
386 1258
387 1769
387 2085
388 1412
389 2786
390 3018
391 614
391 917
392 557
393 911
393 1856
394 2999
395 696
395 1791
397 2539
398 2520
398 2972
399 1589
399 1751
399 3003
400 3027
401 2278
402 2333
402 2508
403 739
403 1048
403 2223
404 665
404 1433
404 1764
405 2431
406 1389
407 997
407 2003
409 1460
410 816
410 1174
410 1586
411 906
412 1663
413 1467
413 1472
414 1631
415 3062
416 931
416 1769
417 1678
417 2278
418 786
418 3075
419 1915
419 3050
421 1395
421 2132
421 3037
422 2133
422 2392
423 561
423 1548
424 1385
425 1481
425 2866
426 585
427 1511
428 2913
428 2992
429 624
429 2201
429 2233
430 1172
430 1608
431 1185
432 778
433 2324
433 2932
434 2636
435 992
435 2317
436 1319
437 977
438 896
438 1863
440 1330
441 589
441 1052
442 2472
442 3096
443 1646
444 2776
445 2439
446 2672
447 638
447 737
448 1203
448 1293
448 1858
448 2298
448 2697
449 1611
450 466
450 1441
451 1829
452 525
452 2913
453 823
453 2529
454 1262
454 3081
455 623
456 1346
456 1618
456 2837
457 1005
457 1278
457 2170
458 1726
459 1896
459 1915
460 1969
461 771
461 2823
462 702
463 923
463 1325
463 2069
463 2216
464 2109
464 2402
465 1219
467 890
467 2301
468 1929
469 1482
469 1508
470 2044
470 2148
470 2260
471 2649
472 2977
473 1370
474 3050
475 1373
476 1281
476 2029
477 1532
478 1144
479 802
479 1065
479 3072
480 1805
481 1241
481 1922
482 760
482 1428
483 1353
483 2524
483 2929
484 1177
485 1291
485 1708
486 1911
487 996
488 2845
489 2223
490 848
491 529
492 666
492 2959
493 2889
494 667
494 2619
495 1725
496 2544
497 1162
498 883
498 1237
499 1260
499 2059
499 2411
499 2773
500 979
500 1256
501 2429
501 2643
502 2726
503 1219
503 2481
504 2469
505 644
505 2906
506 1154
506 1359
507 2103
508 1029
508 2631
509 1504
509 2157
510 1184
511 2121
511 2207
512 968
512 1536
512 2396
512 2850
513 2357
514 1875
514 2081
514 2103
515 1365
515 1459
515 2957
516 2195
516 2988
517 1617
518 1910
518 2178
519 1090
519 2102
520 1879
521 1476
522 852
523 2057
524 793
524 1373
524 1593
525 696
525 2110
525 2376
526 696
526 2839
527 2095
527 2863
528 1492
528 1804
529 853
529 1533
530 2850
531 2379
532 904
532 1408
532 2633
533 2979
534 1845
534 1864
535 1649
536 2389
536 2835
538 1868
539 629
539 1344
539 2568
540 574
540 822
540 967
541 962
541 2550
542 1191
542 3052
544 1594
544 1644
544 2983
545 2245
546 800
546 1248
546 1397
547 661
547 1119
548 1136
548 1225
548 2497
548 2577
549 815
549 1736
550 1215
550 1784
551 1110
551 1284
551 1980
552 1942
552 2137
553 2290
553 2794
554 990
554 1547
555 2730
556 2336
557 1503
558 1121
558 1654
559 775
559 2735
560 804
560 1946
561 1244
561 1872
561 2642
562 2586
563 661
563 1642
564 712
564 808
565 833
565 2903
566 1597
566 2403
567 791
567 2295
568 1334
569 636
569 901
569 3085
570 1641
570 2371
570 2899
571 1903
572 688
572 1880
572 2563
573 665
573 3090
576 3080
577 782
578 1054
579 1261
580 1360
580 2495
581 1114
581 1382
582 1713
582 2998
583 2282
583 2385
584 1141
585 2991
585 3116
586 2454
586 2500
588 1043
588 1522
588 2871
590 2615
591 1260
591 2635
593 1272
594 2306
594 2828
595 2659
595 2796
596 1938
598 875
598 2220
599 1777
599 1800
599 2236
599 3025
600 1700
601 1062
601 1212
601 2717
602 3010
603 880
603 1713
604 747
604 1346
604 1386
604 2802
605 1834
605 2798
606 2389
606 2487
607 1700
607 3050
608 2375
608 2709
609 1306
609 2229
609 2393
610 2757
611 840
612 949
613 674
613 766
613 1964
613 2348
613 2527
613 2539
614 1752
614 2415
615 1753
616 1791
617 1000
617 2169
617 2427
617 2575
617 2792
618 2677
620 2833
621 1400
621 2044
622 2326
623 1205
623 2161
623 2943
624 1550
624 1676
624 2933
625 1072
625 1429
625 2019
626 2655
627 1083
629 637
629 2512
629 2967
630 814
630 1617
631 2940
632 1050
633 1139
634 2042
635 1824
635 2076
637 1267
637 1545
638 2644
639 1579
640 662
640 815
640 2234
640 2628
641 3017
642 860
642 2181
643 2240
644 3082
645 1940
645 2353
646 1336
646 2166
646 3099
647 2580
648 1647
649 1101
649 1529
651 2693
653 2170
654 1400
655 815
656 811
657 2090
658 2490
658 2861
659 1246
660 2202
661 2999
662 1525
662 1732
662 2594
663 1016
664 698
664 718
665 1017
665 1540
667 1911
667 2303
667 2514
668 898
668 1076
669 2176
670 1159
671 1255
671 1310
672 1621
672 1833
672 2603
673 1029
674 2896
676 1194
677 1162
677 1721
677 1856
678 775
678 946
679 1656
679 1989
679 2227
679 2979
681 1188
682 1431
683 1031
683 1071
683 2878
684 1140
685 1068
685 1307
687 2637
688 1438
689 1819
690 761
690 1444
690 1724
690 3105
691 717
692 1522
692 3024
693 848
694 1826
694 2434
695 1645
695 2680
695 3038
696 2793
697 1039
697 1143
697 2474
698 982
698 1837
698 1938
699 1252
699 2301
700 1107
700 1749
700 1817
701 1773
701 2920
702 1369
702 2284
703 769
703 1395
703 1928
704 851
704 2226
704 3074
705 1058
705 2116
706 1723
706 2108
707 1634
707 1780
708 1460
709 2314
710 2637
710 2963
711 3063
712 1047
712 1731
712 2907
712 3051
713 2104
713 2155
714 2455
715 2880
716 765
716 2981
717 2261
718 1055
719 1041
720 1861
720 2412
721 940
721 1607
722 1447
723 2875
724 2932
725 1264
725 2890
726 2947
729 1620
730 1423
730 1505
730 1526
731 1495
731 2189
732 1276
732 1279
733 977
733 1937
734 2855
735 1459
735 3117
736 2424
737 1165
738 1953
738 2442
739 851
740 2612
740 2737
741 1407
742 1832
742 2827
743 2658
744 2369
744 2405
746 2577
749 1828
749 2747
750 1819
750 2074
751 1581
751 1602
752 886
752 1118
752 2072
753 1359
753 1486
754 2191
754 2701
755 1645
756 2630
757 884
757 1204
757 1617
758 2364
759 887
759 1612
760 1112
760 2782
762 1591
762 2397
763 1560
764 2891
765 800
765 882
765 1265
765 2714
767 1002
767 2119
767 2254
768 1555
768 2630
769 2211
770 1366
770 1603
770 1897
771 2467
772 2355
773 805
773 1417
774 1991
774 2817
776 1075
777 808
777 1521
778 2410
778 3115
779 2102
779 2280
780 899
780 1552
780 1917
780 1966
780 2425
781 2184
781 3071
782 788
782 2266
782 2553
783 1858
784 1328
785 1209
787 901
787 1085
787 1986
789 897
789 2267
789 2732
790 874
790 2445
792 2163
793 2177
794 973
794 2081
794 2276
795 2042
796 2584
796 2781
797 1510
797 2161
798 873
799 1721
799 2939
803 1113
803 2569
805 1332
805 2109
806 2544
806 2679
807 1884
807 2392
809 1601
809 1865
810 1667
811 846
813 2942
814 2819
815 1704
815 2140
817 928
817 1847
817 3086
818 1209
818 1746
819 1098
820 1948
823 1004
823 1885
823 2939
824 1079
825 2343
826 1655
827 1655
828 2462
829 1192
830 1217
830 1689
830 2415
830 2971
831 1180
831 1691
832 2548
833 1070
834 1274
834 2071
835 3040
836 1250
836 2164
836 2652
836 2966
837 2142
838 2080
841 3087
842 1014
843 1768
843 1809
844 1623
844 2918
845 1232
845 1671
845 1753
845 2122
846 971
846 2996
847 2327
848 2430
849 1847
850 1688
851 2990
853 2614
854 2581
854 2877
855 1846
856 1157
857 2699
859 1105
859 1974
860 1381
861 1873
861 2422
862 869
862 1600
862 2263
863 2239
864 1541
864 2005
865 1624
865 2836
866 1304
866 1664
867 2712
867 2935
868 1095
869 1313
869 2540
870 1698
870 2749
870 3010
871 888
871 1238
871 2839
871 2954
872 2112
873 1814
874 2149
876 2947
877 2248
878 1763
879 1094
879 1389
879 2562
879 2655
880 2667
881 2190
882 975
883 2894
884 930
885 2398
889 2270
889 2694
891 2415
892 1839
892 2099
892 2741
893 2058
893 2335
893 2433
894 2828
895 1672
896 1424
896 2535
897 3044
898 2808
900 921
900 2770
900 2799
902 1220
902 2482
903 1139
903 1602
903 2398
905 3061
906 1465
907 1780
908 1710
908 2619
909 1441
909 2533
909 2693
910 3028
910 3038
912 1974
913 1443
913 1655
913 1973
914 1877
914 2040
916 1057
916 1468
916 1797
917 2098
918 1017
919 1318
919 1577
920 2458
922 1063
922 2568
922 2760
923 924
923 2713
924 1844
925 1421
925 2334
926 2096
926 2168
926 2482
927 2709
928 2714
929 1181
929 2987
930 2545
931 2230
932 1834
933 1639
933 2983
934 2064
934 2203
934 2233
934 2894
936 1944
937 1411
938 1079
938 3017
939 1187
940 1047
940 2005
940 2054
941 2668
941 2739
941 3103
942 2357
942 2705
943 2928
943 3013
945 1056
946 1748
947 1189
948 2046
949 1739
950 2131
951 2386
951 2921
952 1028
953 1328
954 2773
955 1379
955 1774
955 1969
956 1878
957 2991
958 997
958 1228
959 2927
959 3034
960 1470
960 2640
961 1039
961 2984
961 3077
962 2757
963 2579
964 1137
964 1549
964 1559
964 2274
964 2505
965 2008
967 1121
967 2505
967 2765
968 1571
968 2292
969 1678
969 2682
970 2035
970 2287
972 1138
972 2323
972 2608
973 2126
973 2443
974 2150
974 2193
975 2370
976 2197
978 1422
979 1788
980 2680
981 1528
983 1648
983 2052
984 1165
984 1208
985 1179
986 1003
986 1324
987 1713
987 2871
988 1455
989 2359
989 2423
991 2919
993 1743
994 1223
995 1963
995 2270
996 1687
998 1537
999 1757
999 2137
1000 2201
1001 2893
1003 1072
1003 2801
1005 2479
1006 2093
1007 1834
1007 2588
1008 2839
1009 1266
1009 2868
1009 3108
1010 3112
1011 2941
1012 2639
1013 2558
1015 2364
1015 2463
1016 1895
1017 2556
1018 1257
1018 1320
1018 1826
1018 2194
1019 1502
1019 2898
1020 2281
1020 2574
1022 1936
1022 2891
1022 3039
1023 1061
1023 2319
1024 1539
1024 2609
1025 1581
1025 2601
1026 1368
1027 2132
1028 1518
1028 2499
1028 2818
1030 2931
1031 2710
1032 1102
1033 2699
1034 1059
1035 1083
1035 2460
1036 2843
1036 3009
1037 1520
1037 2027
1038 1335
1039 2417
1040 2626
1041 2450
1041 2865
1042 2101
1042 2630
1044 1323
1045 2587
1046 1922
1046 2187
1049 2529
1049 2938
1050 1805
1050 3100
1051 2614
1052 2730
1053 1753
1054 2781
1055 1627
1055 1784
1055 2163
1056 1060
1056 1186
1058 2123
1059 1247
1059 1840
1059 2001
1060 2632
1060 2768
1060 3006
1062 1349
1064 3014
1066 1799
1067 2104
1067 2707
1067 2916
1069 1695
1069 2634
1070 2511
1073 1873
1074 2729
1075 1403
1076 1744
1077 1833
1078 1225
1078 1686
1079 1568
1080 1575
1081 1865
1081 2026
1082 1919
1082 3078
1084 1636
1085 2058
1086 1188
1086 1208
1086 2752
1087 1277
1087 2664
1088 1520
1088 2603
1089 1534
1089 2417
1090 2766
1091 2904
1092 2459
1093 2129
1093 2299
1094 2625
1095 1214
1095 1317
1095 1769
1096 1894
1097 1268
1098 1146
1098 1903
1099 2824
1100 1439
1100 2205
1101 2269
1101 2476
1102 2023
1103 1809
1106 1266
1108 1584
1108 2694
1109 1715
1110 2175
1110 2717
1111 2151
1112 1141
1113 2867
1114 1653
1114 2830
1115 1767
1115 3055
1116 1202
1116 1922
1117 2121
1118 1669
1119 2464
1120 1666
1122 3046
1123 2327
1123 2395
1125 2170
1126 2541
1127 2509
1128 2453
1128 2947
1129 1561
1129 2807
1130 2083
1130 2346
1131 1366
1131 2604
1132 2968
1133 2282
1134 1597
1135 1314
1135 2501
1135 2509
1135 2856
1135 2920
1136 2910
1137 1539
1140 1157
1142 1576
1142 2206
1142 2557
1142 2657
1143 1419
1144 2801
1146 1492
1147 2676
1147 2800
1148 1156
1148 2428
1148 3031
1150 1264
1150 1503
1150 1570
1151 2466
1151 2949
1152 2717
1153 2268
1154 1588
1155 2468
1157 1946
1157 2655
1157 2801
1158 2876
1159 2996
1160 1170
1160 1445
1160 1579
1160 2493
1161 1493
1161 1824
1161 2457
1161 2909
1163 1196
1163 1908
1164 2889
1165 2295
1165 2708
1167 1918
1168 2094
1169 1364
1169 1481
1169 2520
1169 2720
1171 2381
1171 2448
1171 2649
1172 2098
1173 1983
1173 2638
1174 1852
1175 1902
1176 1338
1176 2279
1176 2596
1177 2240
1178 2739
1179 2385
1180 2356
1182 1821
1183 1663
1183 2494
1185 1517
1186 1839
1187 1944
1189 1469
1189 2305
1189 2704
1190 1924
1190 2063
1190 2727
1192 1740
1193 1921
1194 1253
1194 1580
1194 1962
1194 2915
1195 1464
1195 2014
1197 2689
1198 2885
1199 1561
1199 2151
1199 2883
1200 1867
1200 3097
1201 1293
1201 3026
1202 1527
1205 2701
1206 1254
1206 2849
1207 1871
1207 3119
1208 2643
1209 1334
1209 2421
1209 2665
1210 1216
1211 2398
1216 2039
1216 2361
1218 1271
1218 2626
1219 1808
1219 2589
1220 2672
1221 1610
1221 1976
1222 1310
1223 1563
1224 2285
1224 2487
1224 2961
1225 1934
1225 2238
1225 2796
1226 2688
1227 1754
1227 2341
1227 2759
1229 1702
1229 1726
1229 2457
1229 2862
1231 2070
1231 2243
1232 1500
1233 1884
1233 3055
1234 2430
1235 1927
1235 3080
1236 1430
1238 2327
1239 1462
1239 1616
1240 1301
1241 1817
1242 2270
1242 2892
1244 1629
1245 2013
1245 2039
1246 1490
1246 2495
1246 2968
1247 1984
1247 2214
1247 2567
1247 2650
1249 2246
1250 1333
1250 2229
1251 2643
1253 3045
1254 1450
1256 1540
1256 2638
1258 2402
1259 1699
1259 2212
1259 2487
1260 1665
1261 1696
1261 2178
1263 2982
1264 1457
1266 1345
1266 1497
1266 2874
1268 1376
1269 2197
1270 1444
1272 1458
1273 1343
1273 2391
1275 3001
1277 2607
1278 1695
1278 2874
1279 2084
1279 2212
1280 2330
1281 3114
1283 2571
1284 1507
1285 2497
1286 1447
1286 2388
1286 2803
1286 2898
1287 2451
1288 2078
1288 2337
1289 2189
1289 2258
1290 1442
1290 2209
1290 2956
1292 2752
1294 2255
1294 2354
1294 2903
1295 1387
1295 1488
1295 2176
1296 1401
1298 2576
1298 2598
1298 3033
1299 1961
1299 2155
1300 1307
1301 2647
1301 2940
1302 3088
1305 2133
1306 1437
1306 3039
1307 2946
1308 2446
1309 1836
1310 1356
1310 2659
1310 2734
1311 2039
1311 2130
1311 2167
1312 1665
1313 3083
1315 2272
1317 2776
1319 2339
1319 2510
1320 2961
1321 1976
1325 2674
1326 3048
1327 2677
1328 2113
1329 2380
1329 2400
1329 3009
1330 1404
1331 2616
1332 1560
1332 3057
1333 1755
1333 1786
1333 2024
1334 2438
1335 1968
1335 2784
1337 1714
1337 1719
1337 3041
1338 1928
1339 2529
1341 1599
1341 2457
1343 2550
1344 1891
1345 2679
1345 2867
1347 1739
1348 2366
1349 1745
1349 2873
1349 2965
1350 2848
1350 2899
1352 1583
1352 3000
1354 2570
1354 2734
1355 2725
1356 1371
1356 2617
1356 2951
1357 1866
1357 2950
1358 1974
1358 2443
1358 2698
1358 2936
1360 2724
1361 1681
1362 2371
1363 1912
1365 2143
1366 2742
1366 2771
1367 1653
1368 2693
1369 2213
1369 2356
1369 2780
1370 3012
1370 3093
1372 1731
1374 1551
1374 2610
1375 2004
1377 2003
1378 2937
1379 2476
1379 3086
1380 2844
1381 2252
1382 1415
1383 2267
1390 2162
1390 3085
1391 2898
1392 2806
1393 2795
1394 2042
1395 1687
1395 2413
1396 2851
1396 3057
1397 2089
1397 2485
1397 2496
1399 2670
1400 2338
1402 3069
1404 1553
1404 2487
1405 1634
1405 1869
1405 2700
1405 3056
1406 1668
1408 1615
1408 2171
1410 2829
1411 1600
1412 2724
1413 1586
1415 2359
1415 2414
1415 2814
1416 1992
1418 1726
1418 2566
1420 3084
1421 1485
1423 3071
1424 1614
1425 1630
1425 2520
1426 2064
1427 2751
1430 2202
1430 2804
1431 1890
1431 1978
1432 1929
1432 2590
1433 1682
1433 2675
1434 1769
1435 1873
1435 1903
1438 2244
1439 2062
1440 1673
1443 2745
1446 1455
1446 1760
1448 1748
1449 2300
1449 3011
1451 1736
1451 2888
1452 2745
1453 1541
1453 2046
1454 2898
1456 1955
1456 2812
1457 2251
1457 2315
1458 2406
1459 2264
1459 2698
1461 2850
1463 2153
1464 2222
1466 2962
1467 2447
1468 2127
1472 1621
1473 1673
1474 2169
1474 2353
1475 2573
1476 1718
1476 2340
1476 2919
1476 3022
1477 2744
1478 2034
1479 2945
1480 1527
1481 1860
1482 2588
1483 2917
1484 1633
1485 2506
1488 2727
1489 1692
1489 1799
1490 1780
1491 1938
1493 3087
1496 2423
1498 1844
1499 2661
1500 2484
1500 2810
1501 1785
1501 2112
1501 2501
1503 1787
1504 2846
1506 1596
1506 2061
1507 1630
1507 2218
1509 2984
1511 2182
1511 2822
1512 3062
1513 2589
1513 2678
1514 2242
1514 2441
1515 2245
1515 2951
1519 2416
1519 3009
1520 1806
1520 2298
1520 3035
1522 2250
1523 1659
1523 2225
1523 2788
1527 3095
1528 1943
1528 2982
1530 1754
1530 3111
1531 1542
1531 1942
1532 1800
1532 2333
1533 3120
1534 2022
1535 1799
1535 2073
1538 1943
1540 2848
1542 3021
1543 2775
1543 2863
1544 3038
1546 2786
1548 3034
1549 2578
1549 2858
1551 2322
1552 2495
1552 2758
1552 2837
1554 2310
1554 2744
1556 1575
1556 2270
1557 1814
1558 2301
1559 2452
1560 2637
1561 2141
1561 2240
1562 2458
1562 2937
1563 1725
1564 2847
1565 2737
1566 1641
1567 2315
1567 2354
1569 2768
1569 2955
1570 2430
1572 2331
1572 2808
1572 3013
1573 1612
1573 1662
1574 2925
1578 2450
1579 1933
1579 2640
1582 2311
1585 2248
1587 1735
1587 1879
1588 1647
1588 2642
1590 2530
1590 2602
1590 2701
1591 2811
1592 2257
1595 1916
1595 2388
1596 2632
1597 1795
1597 2766
1597 2962
1598 1838
1598 2902
1600 2357
1600 2975
1602 3008
1603 1735
1604 1860
1605 2895
1605 3104
1607 2897
1609 1865
1609 2564
1613 1942
1615 2691
1616 2599
1618 2289
1619 1627
1620 2049
1620 2677
1620 2911
1622 1974
1623 2417
1624 2229
1624 2312
1625 3099
1626 1734
1626 2756
1628 2174
1628 2198
1628 3068
1631 2052
1631 2541
1632 2157
1633 2109
1634 1662
1635 2495
1636 2635
1637 2286
1638 2471
1640 1794
1641 1819
1642 3047
1643 1811
1644 2503
1646 2224
1646 2973
1649 2920
1650 1725
1651 3085
1652 2378
1652 2600
1654 2672
1656 2394
1657 2032
1657 2394
1658 2060
1659 1774
1660 2166
1661 2728
1662 2789
1664 2361
1665 2893
1666 3044
1667 2492
1667 2976
1668 2036
1668 3042
1670 1743
1670 3017
1672 2288
1673 2037
1673 2063
1674 1738
1674 2237
1674 2674
1675 1868
1677 1778
1677 2845
1678 1933
1679 2957
1680 1801
1680 2171
1681 2676
1683 2705
1684 2284
1685 2486
1687 1959
1687 2025
1688 1897
1689 1939
1690 2817
1690 2921
1697 2237
1700 2499
1701 2478
1702 1807
1703 2475
1705 2548
1706 1741
1707 1951
1708 2959
1709 2703
1710 2568
1711 1794
1712 1879
1712 2435
1715 1790
1716 1859
1716 3056
1717 2746
1720 2156
1721 2419
1722 2238
1724 2580
1726 2483
1727 2992
1728 2439
1730 2805
1732 2067
1735 2198
1737 2339
1738 2503
1739 2037
1740 2870
1742 2486
1742 3000
1744 2666
1745 3058
1746 1802
1747 2460
1747 2692
1747 3060
1749 2887
1750 2592
1752 2383
1756 2633
1758 2699
1759 2224
1759 2960
1761 2525
1762 2950
1763 1825
1764 1835
1764 2876
1765 2765
1766 3016
1769 3071
1770 2824
1771 2131
1772 1859
1773 2386
1775 2360
1775 2625
1776 2117
1779 1937
1779 2266
1779 2631
1780 2658
1781 2824
1782 3048
1783 2536
1783 2776
1787 1993
1789 1831
1789 1981
1789 2088
1790 2046
1790 2336
1792 2102
1793 2605
1796 2711
1797 2492
1798 2372
1798 2619
1802 2826
1803 3065
1805 3108
1809 2354
1809 2525
1809 2564
1811 2687
1811 2756
1811 2896
1813 1958
1813 2199
1815 1946
1815 2120
1816 2175
1817 2199
1817 2538
1820 2046
1820 3054
1821 2939
1822 2677
1823 2144
1823 2431
1824 3073
1826 1919
1827 2521
1829 2544
1829 2662
1829 2761
1831 2824
1832 2705
1833 1905
1834 2051
1834 2241
1835 2750
1838 2045
1839 2543
1842 2540
1844 2767
1846 2200
1846 2993
1848 2816
1849 2408
1851 2111
1851 3054
1853 2974
1854 2164
1857 2172
1857 2787
1861 2662
1862 2794
1862 3019
1863 2178
1864 2283
1864 2841
1864 2930
1865 2131
1866 1976
1867 2620
1868 2418
1869 2448
1872 2855
1873 2038
1874 2298
1874 2558
1876 2378
1877 2058
1877 2559
1882 1905
1883 2054
1885 1971
1885 1976
1887 2953
1888 1896
1888 2147
1889 2175
1889 2739
1892 2173
1893 2707
1893 2928
1894 2380
1895 2572
1896 1967
1897 3118
1898 2979
1899 2106
1900 2286
1900 2555
1901 2747
1902 2092
1904 2619
1905 2293
1906 2266
1908 2269
1909 2450
1910 2014
1910 2365
1910 2829
1911 2651
1913 2465
1914 2623
1914 2893
1914 3103
1915 2621
1915 3015
1918 2426
1918 2664
1919 2123
1919 2559
1920 1960
1924 3005
1925 3068
1926 1975
1926 2020
1927 1973
1927 2785
1928 2900
1929 2475
1931 3105
1932 2844
1935 2055
1941 2752
1942 1997
1945 2275
1947 1978
1947 2398
1948 2616
1948 2892
1949 3030
1950 2005
1951 2395
1951 2926
1952 2861
1953 2098
1956 3030
1957 2225
1957 2470
1957 2509
1963 2844
1963 3045
1965 2397
1966 2772
1968 2410
1968 2820
1969 2239
1970 2047
1970 2434
1972 2725
1972 2933
1974 2569
1975 2521
1977 2950
1979 2534
1981 2349
1982 2334
1984 2318
1985 2017
1985 2375
1987 2611
1987 2976
1988 2724
1990 2993
1992 2166
1994 2161
1994 2361
1995 2140
1997 2384
1997 2755
1998 2839
1998 2948
1999 2342
2000 2179
2000 2201
2002 2129
2005 2100
2006 2819
2007 2087
2008 3107
2009 2360
2009 2878
2010 2809
2011 2085
2012 2754
2015 2505
2016 2315
2017 2025
2018 2074
2021 2507
2023 2079
2023 2969
2024 2618
2028 2067
2030 3107
2032 2883
2033 2712
2034 2118
2034 2306
2037 2041
2037 2626
2040 2301
2043 2783
2044 2681
2044 2726
2048 2052
2049 2234
2056 2358
2057 2937
2060 2329
2061 3077
2062 2472
2065 2105
2067 2995
2068 2614
2070 2740
2072 2192
2075 2248
2077 2151
2077 2762
2078 2793
2079 2438
2081 2706
2083 2395
2084 2924
2087 2646
2087 2949
2088 3106
2090 2367
2091 2102
2093 2344
2094 2293
2096 2217
2097 2159
2098 2272
2105 2475
2106 3001
2106 3062
2108 3028
2109 2783
2110 2277
2112 2409
2114 2353
2115 2135
2116 3036
2117 2417
2117 2551
2118 2574
2119 2239
2119 2309
2119 2677
2121 2821
2124 2330
2124 2381
2125 2246
2127 2786
2128 2369
2128 2440
2132 2528
2134 2882
2135 2592
2136 2436
2136 2460
2138 2905
2139 2956
2142 2179
2142 2331
2143 2606
2144 2870
2145 2615
2145 3003
2146 2887
2147 2377
2150 2281
2152 3124
2153 2297
2154 2493
2155 2728
2157 2467
2157 2731
2158 2521
2159 2622
2162 2205
2162 2718
2162 3112
2166 2581
2166 2923
2170 2180
2171 3085
2172 2634
2175 2944
2177 2182
2178 2715
2180 2624
2181 2908
2182 2921
2183 2747
2184 2428
2184 2516
2185 2576
2186 2272
2187 2782
2188 2344
2190 2561
2194 2587
2195 2721
2196 2313
2196 2746
2197 2489
2201 2546
2203 2231
2204 2559
2207 2636
2208 2287
2208 2533
2211 3063
2214 2939
2214 3102
2215 2996
2217 3047
2219 2473
2219 2823
2220 2421
2220 2756
2221 2897
2222 2549
2225 2491
2227 2884
2228 2415
2231 2526
2232 2755
2237 2537
2239 2869
2246 2370
2247 2313
2248 2641
2249 2281
2253 2372
2253 2706
2259 2735
2260 3020
2261 3048
2262 2677
2262 3089
2263 2314
2263 2614
2265 2434
2266 2417
2271 2638
2273 2906
2275 2525
2275 2790
2276 2345
2277 3041
2278 2822
2282 2548
2283 2547
2286 2952
2288 2340
2289 2454
2292 3091
2293 2404
2295 2565
2296 2886
2296 2957
2302 3022
2303 2778
2304 2813
2306 2374
2307 2853
2307 3029
2308 2952
2308 3113
2309 2513
2310 2699
2310 2719
2311 2326
2311 2922
2316 3074
2319 2344
2320 2732
2320 2815
2320 2902
2323 2436
2325 3050
2328 3003
2332 2832
2332 3099
2340 2462
2342 2730
2342 3060
2343 2526
2346 2408
2346 3101
2351 2661
2352 2827
2353 2548
2354 2449
2357 2882
2358 2617
2360 2428
2361 2573
2361 2702
2363 2475
2364 2683
2366 2405
2366 2857
2367 2964
2368 2722
2368 2818
2382 2837
2384 2514
2387 2446
2388 2688
2390 2797
2390 2917
2393 3072
2394 3016
2397 2494
2399 3015
2402 2834
2403 2744
2404 2918
2404 3002
2407 2770
2407 2931
2407 3109
2408 2771
2411 2619
2418 2970
2420 2877
2421 2552
2424 2779
2429 2704
2441 3027
2444 2581
2449 3040
2454 2684
2455 2748
2456 2498
2460 3088
2461 2858
2463 2700
2464 2885
2465 2613
2467 2693
2468 2489
2471 3104
2473 2538
2477 2492
2478 2757
2480 2719
2481 2963
2486 3058
2488 2884
2491 3104
2497 2736
2497 3079
2498 2872
2502 2630
2503 2570
2503 2660
2504 3042
2504 3110
2515 3031
2515 3076
2517 2712
2519 2634
2524 2579
2524 2838
2529 3055
2531 2813
2532 2569
2535 2631
2536 3121
2539 3123
2540 3008
2541 2877
2542 2853
2554 2665
2558 2689
2560 2959
2575 2753
2581 2732
2582 2954
2583 2878
2585 2854
2586 2951
2588 2591
2589 2860
2590 2988
2593 2709
2594 2669
2595 2647
2597 2878
2599 2697
2604 2875
2605 3087
2614 2783
2614 3098
2616 3109
2617 2738
2624 2654
2627 2790
2632 3102
2641 2813
2643 2980
2645 2706
2648 3072
2653 3086
2655 2956
2656 2947
2656 3124
2657 2936
2661 3111
2664 2838
2673 2765
2675 3053
2683 2986
2685 2903
2686 2946
2695 2825
2698 3116
2699 2827
2703 2876
2709 3094
2711 2779
2716 2754
2720 2901
2733 2961
2744 2994
2754 2867
2763 2788
2764 3024
2789 2795
2798 3063
2805 2951
2812 3034
2817 3064
2818 2958
2845 3085
2847 2862
2852 3062
2857 3032
2863 3001
2864 2944
2869 3023
2872 3059
2879 3020
2880 2899
2887 2898
2889 3047
2892 3070
2896 2977
2904 3092
2908 2976
2952 2978
2953 3068
3004 3044
3010 3036
3018 3053
3041 3054
3060 3092
3082 3123
3108 3114