3125
0 1708
0 2780
1 1762
2 1465
2 2212
3 627
4 369
4 1706
5 1952
6 1904
7 30
7 1470
8 120
8 946
8 1017
8 3076
9 157
9 1959
9 2350
9 2769
9 3012
9 3097
10 606
11 1888
11 2864
12 2257
13 347
13 676
14 405
14 1632
14 2426
15 186
15 2095
16 1554
16 1674
17 822
17 1102
17 1767
18 2185
19 2526
20 2713
21 655
21 957
21 3102
22 1697
22 1762
22 2058
22 3110
23 1267
23 1896
23 2636
24 547
24 2581
24 3004
25 828
26 525
27 203
27 3015
28 407
28 1606
28 2517
28 2709
29 315
29 408
29 1828
29 1916
31 2804
32 337
32 661
32 2415
32 2549
32 2886
33 434
33 2099
34 443
34 495
34 1198
35 43
35 808
35 878
35 2334
36 763
36 851
36 1387
37 2384
38 1754
39 994
39 2958
40 2067
40 2220
41 1648
41 3010
42 1732
43 2810
44 1572
44 2233
45 2291
46 587
46 1596
47 147
48 758
48 1056
49 78
50 1563
51 109
51 2408
51 2975
52 2166
53 1518
54 2177
55 760
55 1825
55 2502
56 1051
56 1209
57 1196
57 1636
57 3014
58 2669
58 2839
59 1173
59 2753
60 1906
61 2202
62 120
62 462
62 3080
63 1127
64 3037
65 428
66 2977
67 3082
68 745
69 1169
69 1262
69 1491
69 2522
69 2559
70 741
70 1395
70 2381
71 748
71 1802
71 1890
71 2960
72 1078
72 1839
72 2405
73 1564
73 1596
73 2303
74 2946
75 772
76 1242
76 2932
77 616
78 2522
79 1092
79 2390
80 270
80 391
80 1200
80 2885
81 2405
82 1914
82 2757
83 664
83 2699
84 3056
85 816
86 2118
86 2177
87 197
87 1128
87 2284
88 167
88 1202
88 2551
89 509
89 2197
90 2052
91 2243
92 1414
92 1465
92 1622
92 2135
93 596
93 947
94 1469
95 1559
96 459
96 1049
97 2471
98 2979
99 1992
100 1903
100 2794
101 698
101 1960
101 2317
102 803
103 1735
103 2869
104 1230
104 2745
105 1118
105 2039
105 2683
106 296
106 2440
107 2430
107 2558
108 2274
109 785
109 1131
110 2257
110 2821
110 3005
111 2710
112 755
112 955
112 2808
113 271
113 2052
114 584
115 174
116 349
117 878
118 1086
119 2711
120 1133
121 956
121 1914
121 2221
122 655
123 964
123 1495
123 1506
124 2105
125 1053
125 1115
126 1208
126 2857
127 1191
127 1216
127 2063
128 987
128 3116
129 1924
130 2170
131 543
131 586
132 2370
133 1231
133 1746
134 1277
134 1339
134 1812
135 2972
136 1377
136 2420
137 2078
137 2910
138 1045
138 1052
138 1452
138 1643
138 2229
138 2503
139 482
139 3105
140 1268
140 1410
141 734
141 773
142 550
142 695
143 246
143 356
143 923
143 2190
144 1011
144 1895
144 2359
145 3064
146 3091
147 2466
147 2692
147 3095
148 2476
148 2749
149 692
149 1385
149 2416
150 1080
150 2759
151 840
151 2957
152 1460
153 171
154 1532
155 1495
156 1751
158 1217
159 564
159 3087
160 272
160 1108
160 1490
161 659
161 1549
161 2452
162 1570
163 717
163 1704
164 2558
164 2687
165 2109
166 2376
166 2377
167 700
168 596
168 1497
169 907
169 1183
169 1512
169 1833
170 348
171 1209
171 2146
171 2604
171 2942
172 1590
172 2087
172 2529
173 245
173 2612
173 2729
174 1803
174 2075
175 1004
175 1396
176 999
176 2021
177 368
177 1885
178 477
178 1060
178 1079
178 2572
179 3055
180 2276
181 233
181 489
182 1174
182 1244
182 1328
182 3029
183 1919
184 484
184 904
185 805
185 2020
185 2235
186 736
186 1824
187 614
187 1353
188 280
188 890
189 1207
189 1422
189 2224
189 2790
190 2692
191 2741
191 3037
191 3079
192 2484
192 2993
193 294
193 2316
193 2962
194 1714
194 2356
195 2502
196 1153
197 779
198 255
198 964
198 1225
199 2194
200 2488
201 999
201 2702
202 1890
202 1918
204 1592
204 1835
205 558
205 1872
206 613
206 1662
207 2217
208 2660
209 2408
209 2565
209 3035
210 3073
211 1612
212 3014
213 576
213 1534
214 2499
215 698
216 1401
217 1524
217 2614
218 451
218 939
218 3123
219 936
219 1851
219 2789
220 463
220 1830
221 255
221 426
222 2495
223 1816
223 2828
224 838
224 2024
225 750
225 2705
226 1005
227 385
227 545
227 2765
228 514
228 1408
228 2110
229 1471
230 1415
231 2018
231 2952
232 3055
233 2093
234 444
234 1821
235 1768
235 2713
236 1109
236 2137
237 1019
237 1704
237 2067
237 2166
237 2889
237 3017
238 2045
239 571
239 580
239 1999
239 2446
240 1280
240 2277
241 2504
242 856
243 930
243 2129
244 2352
245 949
245 1030
247 367
247 2825
247 2920
248 806
249 1845
249 2227
249 2490
250 2291
250 2857
251 606
251 1892
251 2336
251 2429
252 699
253 297
253 2436
254 1381
254 1600
255 977
256 945
257 689
258 1132
258 2077
258 2694
259 485
259 1080
259 2733
260 1146
261 1357
262 1242
262 1291
262 2189
263 751
264 2513
265 1851
266 2823
267 3083
268 1232
268 1660
268 1960
269 1893
270 1093
270 1163
270 2594
271 346
271 1950
271 2524
271 2775
271 2827
272 2398
272 2474
273 951
273 1557
274 861
274 1822
275 1322
276 1440
276 1694
277 793
277 1351
277 1740
277 2733
278 1088
279 2728
280 2628
281 3009
282 752
282 2294
282 2576
282 3066
283 1636
283 2610
284 2108
284 2332
285 1758
286 1668
286 1692
286 2716
287 2106
287 2783
288 339
288 742
288 2137
289 1193
290 2863
291 334
291 428
291 1249
291 1826
291 2688
291 2773
292 2168
293 2040
294 2584
295 896
295 2660
296 827
297 540
298 544
299 504
299 916
299 2354
300 1338
300 2799
301 2580
302 1268
302 3048
303 2159
303 2264
304 551
305 466
305 1920
306 1607
306 2030
307 793
307 3022
308 749
309 2636
310 2511
311 1168
311 1791
312 1695
312 2956
313 982
313 2613
314 526
314 3068
316 2019
316 2681
317 610
317 1128
318 1449
318 1482
319 932
320 995
321 936
321 2218
322 1991
323 2088
323 2179
324 792
324 1771
324 3111
325 1629
325 2352
326 632
326 1818
327 2640
327 3099
328 2413
328 2476
329 405
330 777
331 356
332 552
332 1592
333 2172
334 1018
334 1497
334 1776
334 2921
335 2608
336 556
336 1322
336 1744
336 1827
336 1996
336 2109
336 2281
337 2107
337 2850
338 1180
339 1910
340 798
341 2380
341 3113
342 639
342 1324
343 1297
344 806
345 2444
345 2547
347 1860
348 1217
349 1599
350 2608
351 1770
352 2819
353 1397
353 1593
354 1089
355 1290
356 2321
356 2735
357 987
358 1822
358 2256
358 2634
359 1041
359 2431
360 1123
361 1229
361 2672
362 2746
362 3015
363 1122
364 1230
365 3051
366 770
366 886
367 738
367 2007
367 2079
367 2449
367 2774
369 2260
370 574
370 641
371 566
371 719
371 3112
372 508
372 1199
372 1275
372 2201
373 2818
374 2360
374 2742
375 430
375 1445
376 1002
376 2702
376 2929
377 807
377 2170
378 667
378 2984
378 3119
379 629
379 1220
379 1400
380 2289
381 1715
381 2861
382 2174
383 994
384 2197
385 909
385 1061
386 552
387 3021
388 676
388 1214
389 1334
389 1717
389 1730
390 1514
391 1738
392 1817
393 930
393 2120
394 954
394 1135
394 2175
394 3075
395 1246
395 2188
396 1303
396 2715
396 2822
397 1406
397 2708
398 2563
399 1881
400 727
400 1403
400 1741
400 2893
401 443
401 797
401 918
402 1384
402 1601
403 434
404 2536
404 2965
405 2310
406 570
406 2409
406 2823
407 1148
407 3056
408 1124
408 2303
409 1221
409 3084
410 1849
411 1543
411 2320
411 2870
412 760
413 841
413 1773
413 2297
414 1368
415 2105
415 2471
416 1679
417 1532
417 1788
417 2758
418 713
418 1970
419 1994
420 1702
421 1069
421 1504
422 3048
423 924
423 1339
423 1368
423 1727
423 2264
424 561
424 914
424 1981
425 720
425 2043
425 2482
426 897
426 1248
427 3055
428 1263
429 1324
431 602
431 2026
432 478
432 497
432 567
433 480
433 2170
434 632
434 1829
434 1985
434 2339
435 1004
435 1158
435 1391
435 1869
436 2011
436 2736
437 746
438 1924
438 2558
439 2461
439 3018
440 510
441 1044
441 1456
442 885
442 988
442 2095
443 1489
445 546
445 743
445 1790
446 2342
447 899
448 1648
448 1670
448 2900
449 1449
450 2084
452 921
452 2424
452 2697
453 1296
453 1930
453 2879
454 2687
455 1738
456 457
456 2820
457 524
457 1169
458 472
458 1335
459 2764
460 1800
460 1920
461 542
461 723
461 2187
461 3106
462 555
462 781
462 913
462 1008
463 1225
463 1316
464 2199
464 2279
465 782
466 2578
467 903
467 2319
468 956
468 1188
468 1382
469 970
469 2304
470 3047
471 1078
471 1266
471 2339
472 1285
472 2787
473 2778
474 705
474 2858
475 2965
476 1328
476 2596
477 1039
477 2584
478 621
479 718
480 1492
481 1555
481 1597
481 2353
482 772
482 1580
483 2749
484 934
486 1955
487 2906
488 1150
490 1086
490 1415
490 1728
491 1144
491 1393
491 2988
492 1575
492 2369
492 2899
493 1352
493 1949
493 2053
494 670
494 1653
494 2616
496 802
496 1152
497 2186
498 1094
498 1454
499 520
500 1525
500 1720
501 2800
501 3112
502 665
503 1097
503 1187
505 1607
506 1808
506 2326
507 1626
508 667
509 1304
509 3043
510 732
511 2922
512 1089
513 1978
514 528
514 2353
515 641
516 1197
517 841
517 2125
517 2535
518 575
518 837
518 2228
519 775
519 1784
520 1192
521 990
522 693
522 1008
523 1450
523 2175
523 3050
524 807
524 1054
525 2361
526 1433
527 1331
527 3073
528 1427
528 2548
529 999
530 1102
530 2650
531 1048
532 2376
533 2204
533 2846
533 2873
534 1997
534 2137
535 2336
535 2961
536 851
536 2219
537 2154
538 606
539 1134
539 2129
540 1281
540 1813
541 2402
541 2642
541 2933
542 925
542 1271
542 1374
542 2476
542 2554
543 1261
543 1754
543 3060
544 778
544 1261
544 2327
545 1312
547 2987
548 1321
548 1747
549 577
549 2359
549 2906
549 2922
550 598
551 2417
552 760
553 1772
553 2098
553 2533
554 2469
554 2663
555 2796
556 1716
557 3100
558 1383
558 2586
558 2736
559 1058
560 1224
560 2305
561 2475
562 1855
563 2001
563 2826
564 2192
564 2635
565 2025
565 3111
568 962
568 1137
569 761
569 2382
571 1360
572 1484
573 940
573 3106
574 1880
574 2685
576 2426
576 3070
578 1671
579 2300
579 2670
580 2101
581 797
581 2398
582 779
582 2172
583 2421
584 1775
584 1987
584 3105
585 2013
585 2147
586 2967
588 1147
588 2073
589 1094
589 1682
590 1905
591 734
592 2537
593 1033
593 1989
594 2395
594 2425
595 1446
595 1704
596 802
597 631
597 1599
598 743
599 1411
599 1677
599 3094
600 1165
600 2979
601 738
603 3098
604 1140
604 2462
604 3108
605 2018
605 2896
606 2125
606 2487
607 2247
607 2308
608 1357
609 1047
609 1853
611 1585
611 2939
612 2120
612 2603
613 677
613 1668
613 1866
614 1961
615 1472
615 1787
615 2892
616 2143
616 2480
617 2292
618 815
618 2196
619 918
620 1216
620 1503
620 2031
620 2488
620 2725
620 2912
621 654
621 1406
622 762
622 1695
622 2080
622 2304
623 2433
623 2633
624 1920
625 1290
626 2504
627 684
627 3001
628 1902
628 2754
629 1733
629 1916
630 1445
630 1921
631 2911
632 1397
633 643
633 2202
633 2423
634 785
634 879
635 1170
635 1792
635 2977
636 2607
637 981
638 853
638 2389
638 2630
639 2182
640 641
641 2072
642 2005
642 2188
643 987
644 1424
645 2088
645 2853
646 931
647 905
647 1327
647 2783
648 915
649 1249
649 2063
650 2508
651 1262
652 1677
653 3116
656 1240
657 1782
657 2950
658 1012
660 980
660 3004
661 1083
661 2674
662 2150
662 2543
663 757
663 1245
663 2318
665 937
665 2803
666 1397
668 2556
669 848
669 967
669 1801
669 2356
669 2520
671 1618
671 2846
672 2001
673 1734
674 1405
674 1783
674 1866
675 2472
675 2569
676 2958
677 2867
678 1973
678 2278
678 2537
679 2766
679 3070
680 1821
681 1771
681 2015
681 2096
682 1125
683 2144
683 2705
684 1801
684 1984
685 2000
685 3012
686 816
686 3047
687 988
688 968
688 1887
689 1161
690 888
690 1306
690 1544
690 2061
690 2318
691 1308
691 2549
692 931
693 735
694 841
694 2265
695 2805
696 964
697 1650
697 2547
697 2864
699 1711
699 2937
700 754
701 2824
701 2866
702 1845
703 1582
703 2814
704 1159
704 1699
705 721
706 2534
707 2191
708 1111
708 2247
708 2718
708 2876
709 2608
710 1763
710 2228
711 2556
711 2830
712 1333
712 2447
713 2009
713 3083
714 1674
714 2962
715 977
715 1545
716 1163
718 1709
718 2215
719 1854
719 2262
720 2882
721 2861
722 2583
723 1029
724 1176
724 1371
724 1748
724 1753
725 2021
726 1646
726 2187
727 2205
728 1438
728 1807
729 1719
730 1475
731 2546
732 1187
732 2324
733 1299
735 2122
737 765
737 2691
738 1672
739 1264
739 2539
740 2184
741 1671
744 2156
745 1076
745 1340
746 1572
747 822
749 1532
750 1509
751 1076
751 1160
751 1834
751 1970
752 3042
753 1761
755 2794
756 1698
756 2031
757 1346
757 1558
759 1280
762 858
763 1428
764 3108
765 1060
765 1726
766 847
767 1688
767 1778
767 2339
768 2435
768 2972
769 1119
769 1568
769 2827
770 773
770 2869
771 1489
772 910
774 870
774 917
774 3016
775 1052
775 1698
775 1995
776 1055
776 1855
777 891
777 2119
780 1156
780 1423
781 1050
782 1475
782 1843
782 2622
783 1952
783 2207
784 1831
784 1939
785 2637
785 2798
786 1580
787 1491
787 2776
788 2651
789 1963
790 1050
791 1255
791 1789
791 2486
792 1717
792 2114
792 2801
794 1595
795 1036
795 1315
796 3026
797 2490
797 2810
798 1212
798 1588
798 2920
799 1991
799 2700
800 2648
800 3067
801 919
801 2049
802 1943
803 3034
804 1995
806 1178
807 2183
808 1033
808 2831
809 1544
809 2882
809 3105
810 2895
811 1718
811 2377
812 950
812 1616
813 815
813 2094
814 1012
815 958
815 1319
816 3124
817 1171
817 1793
818 1273
819 1477
819 3007
820 857
820 938
821 2234
822 1295
823 1444
824 1675
824 2661
825 944
825 1237
826 1567
826 2545
826 2555
828 1707
828 2291
828 2340
829 1152
829 1153
830 840
830 887
830 1886
830 2534
831 1529
831 2140
832 1582
833 1023
833 1206
833 2272
834 1529
834 2550
835 853
835 1066
835 1375
835 2562
835 2658
835 2810
836 2952
837 1326
837 1617
838 1770
838 1985
838 2483
839 3112
842 1027
842 1594
843 2303
844 958
844 2792
845 2140
846 2194
846 2901
847 2802
848 1487
848 1939
849 1258
849 1974
850 2003
851 1468
851 2746
851 2946
852 1426
852 3007
854 1905
854 2835
854 3062
855 2077
856 1338
857 2947
859 1199
860 1753
861 1309
862 1321
863 1516
864 3106
865 2610
866 868
866 2879
867 1009
867 2293
867 2749
868 1226
868 1361
868 2968
869 1472
869 1605
870 1102
871 899
871 961
872 1668
872 2618
873 1441
873 2286
874 2738
875 3104
876 2671
877 1075
877 2851
880 1925
880 2341
881 1562
882 1154
882 3093
883 1492
883 2005
883 2556
884 1859
885 1134
887 970
887 1128
888 3036
889 2293
890 1256
890 2527
891 1522
892 1919
892 2013
893 1038
893 2630
894 2278
895 1651
895 1796
896 1356
896 1410
896 2472
897 2181
898 1212
898 1551
898 2484
900 1346
901 1641
901 2781
902 1031
902 2209
902 2953
905 2232
906 1368
908 2062
908 2329
909 1783
910 973
910 3101
911 2143
912 2172
914 969
914 1493
915 1868
915 2563
915 2850
919 1897
919 2485
920 2623
921 2399
921 2595
922 1429
925 1616
926 1584
926 2353
927 2033
928 1830
929 2983
930 1540
931 2780
932 2033
932 2293
933 1810
934 1258
935 2584
937 943
938 1233
938 1380
938 2790
940 2400
941 1782
941 2186
942 2140
944 1235
944 2250
944 2923
945 2115
945 3021
946 1462
947 976
948 1424
949 1924
951 2059
952 1561
952 1762
952 2016
953 2253
956 2160
957 2182
958 2667
959 2756
960 1472
961 3015
962 984
962 2683
963 1192
963 2376
964 1537
965 1665
965 2059
966 2638
966 3123
968 1384
968 2287
969 1480
969 2500
969 3011
970 1657
971 1089
971 1870
971 2649
972 2067
974 1185
974 2285
975 2123
976 2129
977 1143
977 2724
977 3040
978 2858
979 1033
979 1090
979 3064
980 1155
980 1509
981 1630
981 2626
982 1669
983 2590
984 1516
985 2240
986 2934
986 3063
987 1547
989 1732
989 2146
990 1515
991 2356
992 2156
993 2117
994 1354
994 1858
994 2459
995 1244
995 1661
996 2980
997 1284
997 1712
998 1500
998 2961
999 1876
1000 1772
1001 1457
1001 2707
1002 1484
1002 2526
1002 2856
1003 1332
1003 1522
1003 2305
1003 2580
1004 2473
1005 1544
1006 1064
1006 1334
1007 1413
1008 2905
1010 1765
1012 1654
1012 2518
1013 1650
1013 2296
1014 1664
1014 1996
1014 2784
1014 2807
1015 1225
1015 3123
1016 1710
1016 1826
1016 3050
1017 2639
1019 1315
1020 1859
1021 1399
1022 2841
1024 1943
1025 3088
1026 2656
1027 1977
1028 1268
1028 2410
1030 1610
1031 2164
1031 2972
1032 1873
1032 2289
1034 2793
1034 2817
1035 1417
1035 2396
1036 1297
1037 1748
1038 2217
1040 2522
1042 2030
1042 2903
1043 1120
1044 1419
1045 2875
1046 1486
1048 1248
1048 2298
1049 1659
1049 2917
1050 2265
1051 2641
1052 2628
1053 1439
1053 2571
1054 1478
1056 2448
1056 2859
1057 1932
1057 1945
1058 1907
1059 1113
1059 2211
1059 2438
1061 2525
1062 2301
1063 1310
1063 2723
1063 2798
1065 1573
1065 2081
1066 1486
1067 2387
1068 1983
1068 2843
1070 1354
1070 1721
1071 1759
1072 1919
1073 1413
1074 1879
1075 2465
1077 1281
1077 1550
1077 2185
1078 2397
1080 2954
1081 1179
1081 2035
1081 2271
1082 1852
1082 3071
1084 1335
1085 1307
1086 1771
1087 2930
1088 1347
1088 2071
1089 1936
1089 2231
1090 2112
1091 2272
1092 2599
1094 1378
1094 1549
1094 1861
1095 2015
1096 2057
1098 2779
1099 1522
1099 2615
1100 1923
1100 2077
1100 2860
1101 1188
1101 1553
1102 1324
1103 2065
1104 1683
1104 2768
1105 2452
1106 2684
1107 2768
1110 2521
1111 1429
1111 3089
1112 1559
1112 1805
1112 1836
1112 1857
1113 1797
1113 1955
1114 1919
1116 1278
1117 1241
1117 1926
1118 1187
1118 2573
1119 2909
1120 3119
1121 2299
1121 2668
1122 3035
1123 2410
1124 1935
1125 2226
1126 2604
1127 3029
1128 1211
1129 1296
1130 1722
1130 3070
1131 2758
1133 1150
1133 1320
1133 2800
1136 1203
1136 1336
1136 2995
1137 1239
1137 2295
1137 2834
1138 2300
1139 1412
1140 1693
1141 1694
1141 3109
1142 2240
1142 2347
1145 1715
1145 2238
1146 1525
1146 2536
1148 2343
1148 2813
1148 2986
1149 1779
1149 2986
1150 2442
1151 2812
1153 1666
1154 1426
1155 2457
1156 2139
1157 2342
1157 2836
1158 1578
1161 2665
1162 2495
1162 2607
1163 2331
1164 1425
1164 2990
1166 2675
1167 1521
1168 1425
1169 1624
1170 1507
1170 2989
1172 3027
1174 1251
1175 2799
1176 2755
1177 1610
1177 2819
1178 1665
1178 2207
1179 2138
1180 2105
1180 2375
1180 2378
1181 2655
1182 1506
1184 2855
1184 2994
1185 1664
1186 2505
1187 2323
1189 2180
1189 2246
1189 2821
1190 1861
1190 2862
1193 1667
1194 1520
1195 1304
1197 1421
1197 1504
1197 1790
1197 1979
1199 1411
1199 1541
1199 2086
1201 1435
1201 1491
1203 2872
1204 1273
1204 1901
1204 1933
1205 1459
1209 1998
1210 2075
1211 2550
1211 2743
1211 2829
1211 2959
1211 2971
1213 1582
1213 1864
1214 1481
1215 1531
1215 1985
1215 2844
1217 1951
1218 1734
1218 1924
1219 1431
1222 1498
1222 2935
1223 2552
1225 2259
1226 1669
1227 1354
1227 2167
1227 2196
1228 1386
1228 2272
1229 1264
1230 2690
1230 2866
1231 2453
1233 1890
1234 2373
1235 1460
1235 2852
1236 1409
1236 2340
1238 1424
1238 1540
1240 1757
1240 2156
1240 2457
1241 2443
1241 2597
1243 1807
1243 2683
1244 2758
1245 2583
1247 2799
1248 1985
1248 3098
1250 2906
1252 1309
1253 1432
1254 2062
1255 2230
1257 1277
1257 1611
1257 1994
1258 1649
1259 1752
1259 2531
1260 2726
1260 3003
1262 1597
1264 1355
1264 1511
1265 1743
1265 2627
1267 2894
1269 3037
1270 2494
1270 2969
1272 1922
1273 1535
1274 1305
1274 2538
1276 1951
1276 2061
1276 2874
1277 2089
1278 1912
1279 3012
1280 1461
1281 3043
1282 1458
1282 2778
1283 2955
1285 2494
1286 2935
1287 3029
1288 1849
1288 2342
1289 1967
1289 2715
1290 2872
1291 1631
1291 1838
1292 1596
1293 1306
1294 1592
1294 2763
1297 2804
1298 1856
1298 2079
1299 1566
1299 1698
1300 2517
1301 2664
1302 2214
1304 2344
1305 2478
1307 2125
1309 1365
1309 1482
1311 2372
1312 2299
1313 1802
1314 2865
1314 3088
1316 1407
1317 2150
1317 2456
1318 2106
1320 2431
1321 1646
1322 2237
1322 2456
1323 2211
1323 3030
1325 1404
1326 1545
1326 2279
1327 2544
1328 2684
1329 1583
1329 2679
1330 1699
1330 2224
1331 1643
1331 2447
1333 1466
1337 1940
1337 2784
1338 2140
1339 2624
1339 3084
1340 1679
1340 1758
1341 2767
1342 2275
1343 2084
1344 1979
1345 2629
1346 1875
1347 2626
1348 1715
1348 3069
1349 1627
1350 2558
1352 1837
1354 1760
1356 1723
1357 1857
1357 2591
1357 2721
1358 3116
1359 2029
1361 3046
1362 1696
1363 2957
1364 2177
1364 2617
1364 3009
1365 1609
1366 3043
1367 2026
1367 2464
1367 2775
1368 2213
1369 1433
1370 1728
1371 3019
1371 3104
1372 1931
1372 2781
1373 1857
1374 2494
1375 3003
1376 2639
1377 1611
1377 2226
1379 1734
1380 2182
1381 2074
1381 2824
1382 1479
1382 1844
1383 1658
1383 2479
1386 2787
1387 2539
1388 3081
1389 1456
1390 2640
1392 1969
1392 2860
1393 1571
1393 1967
1394 1709
1394 2091
1395 2644
1397 2540
1398 2171
1398 2394
1399 2330
1399 2927
1399 2982
1400 2163
1401 3039
1402 2100
1402 2700
1404 1864
1404 2847
1405 2312
1406 2728
1408 1884
1409 1651
1409 2682
1410 2926
1412 2542
1413 1447
1413 1521
1415 2092
1416 2082
1416 2750
1418 2532
1419 2542
1419 3059
1420 1810
1420 2711
1423 2157
1427 2401
1430 2030
1431 2602
1431 3011
1432 1552
1432 1787
1432 1964
1433 1965
1433 2598
1434 2255
1434 2354
1434 2902
1436 2798
1437 3093
1439 2682
1441 1941
1442 1461
1442 2360
1443 1908
1443 2999
1444 1833
1444 2991
1445 1864
1446 2427
1447 1496
1447 2933
1448 1671
1448 1686
1449 2737
1451 2695
1453 1920
1454 2236
1455 1484
1455 2075
1456 2803
1457 2869
1458 2643
1459 2485
1459 2989
1463 2226
1464 1664
1465 2561
1467 2022
1469 2827
1470 2299
1471 2821
1473 1913
1474 2516
1474 2892
1475 2221
1476 1687
1476 2406
1478 1780
1479 2695
1480 2275
1483 1649
1483 1840
1485 2621
1485 2982
1486 1774
1486 2998
1487 2017
1488 2537
1488 2890
1488 2997
1489 2245
1489 3008
1490 1880
1491 1641
1494 1934
1496 3068
1497 2017
1499 2176
1499 2594
1501 2093
1501 2632
1501 2964
1502 2581
1503 2066
1505 1907
1507 1993
1508 1863
1510 2721
1512 2309
1512 2679
1512 2823
1513 2321
1513 2364
1514 1698
1514 2411
1515 1929
1515 2512
1517 2089
1518 3048
1519 2925
1520 3056
1522 1877
1522 2670
1523 1834
1523 2374
1525 2203
1525 2504
1526 2013
1527 2474
1528 2358
1530 2232
1532 1786
1532 2504
1533 3066
1535 1829
1535 2311
1536 1925
1538 2300
1539 1691
1539 2041
1539 2592
1540 1625
1542 1678
1542 2230
1542 2602
1544 2495
1545 2815
1546 3015
1548 1663
1549 3023
1552 2913
1554 2970
1556 1766
1556 2437
1556 2696
1556 3026
1557 1690
1557 2085
1557 2855
1560 2028
1561 2865
1562 2152
1563 2337
1563 2532
1565 2243
1568 1838
1568 2460
1568 2785
1569 2270
1570 2088
1572 3113
1573 1759
1574 2151
1575 1749
1575 1764
1576 1947
1577 1616
1578 1581
1579 2526
1581 1626
1583 2133
1584 2561
1586 2917
1587 2921
1588 2881
1589 2278
1590 1945
1591 2317
1594 1992
1595 2385
1598 2219
1599 2649
1599 2692
1599 3016
1600 1702
1602 1673
1602 2210
1602 2590
1603 2653
1603 2870
1603 3004
1604 1628
1604 1832
1606 2296
1606 2711
1607 2012
1608 2527
1609 1660
1609 2146
1612 2615
1613 2880
1614 2238
1614 2567
1615 2243
1615 2604
1616 2710
1618 2389
1619 2314
1620 2456
1620 3056
1621 1944
1621 2932
1623 2915
1624 2361
1627 2455
1629 2282
1629 3100
1630 2064
1632 1870
1632 2396
1633 1981
1634 1859
1635 1821
1635 2645
1636 1990
1637 1928
1637 2423
1637 2664
1638 2360
1639 2422
1639 2734
1640 1965
1640 2004
1641 1765
1642 2984
1644 1904
1644 1993
1644 2651
1645 2171
1645 2522
1645 2990
1646 2232
1646 3051
1647 1900
1647 2283
1652 2016
1652 2659
1653 1693
1653 2689
1654 2134
1655 2688
1656 2037
1656 3086
1660 2764
1660 2852
1661 1822
1661 3061
1662 1922
1663 2457
1663 2828
1667 2060
1668 2084
1669 2473
1670 2088
1671 1978
1672 2584
1673 2905
1673 2919
1673 3024
1676 2914
1677 2142
1679 2430
1680 2675
1680 2700
1681 2780
1682 2008
1684 2044
1684 2938
1685 1765
1686 2865
1689 1699
1689 3090
1692 2306
1692 2676
1696 2280
1697 2471
1700 1915
1700 2503
1700 2531
1701 3045
1702 1893
1702 2240
1703 1735
1703 2141
1704 1705
1707 1977
1707 3079
1708 1890
1708 2238
1709 2289
1710 2661
1711 2117
1712 2039
1713 2920
1718 3057
1719 1977
1720 2985
1721 2593
1722 3052
1723 2885
1724 2071
1725 2618
1726 2496
1729 1831
1729 1881
1729 3082
1730 2477
1731 3030
1734 2151
1734 2671
1735 1761
1735 1972
1736 2714
1737 2113
1739 3094
1742 2804
1745 1921
1745 2835
1745 2883
1748 3100
1749 2438
1750 2665
1751 2191
1751 2672
1755 2797
1756 1819
1757 2940
1759 1896
1759 2003
1762 2416
1762 2704
1765 1842
1765 1846
1767 3020
1769 2235
1769 3025
1770 2112
1771 2738
1772 2602
1776 2036
1776 2907
1777 2618
1779 1937
1780 1853
1781 2118
1781 2128
1783 2271
1783 2579
1785 2897
1793 2744
1794 2663
1795 2483
1796 2057
1797 2719
1798 2869
1799 2701
1800 2443
1804 2180
1805 2858
1806 2511
1806 2809
1807 1913
1808 1837
1809 2067
1809 2383
1810 1986
1811 2614
1811 2632
1814 2069
1814 2790
1815 1923
1815 2450
1815 2631
1816 2392
1817 2629
1817 2889
1818 2149
1819 3097
1820 2127
1820 2445
1821 1965
1823 1898
1824 2677
1826 2467
1827 2496
1829 2082
1830 2665
1831 2953
1832 2375
1834 2575
1835 1958
1835 2523
1839 2564
1840 2041
1841 1905
1841 1947
1844 3093
1845 1954
1845 2862
1845 2895
1847 2360
1847 2502
1848 1967
1849 2957
1850 2929
1851 1891
1854 2090
1855 2093
1856 2233
1857 2097
1858 2666
1859 2116
1859 2194
1860 2067
1860 2788
1860 2915
1861 2754
1862 2264
1863 2309
1865 2059
1866 1907
1867 2059
1869 2818
1871 2344
1871 2619
1871 2923
1872 2033
1874 1980
1877 2314
1878 1905
1878 2002
1879 2743
1880 2060
1880 3039
1882 2929
1883 2346
1883 2605
1885 2669
1886 2044
1887 2327
1889 2995
1892 2762
1893 3058
1894 3008
1895 2941
1896 2200
1897 2043
1898 2205
1899 2188
1899 2492
1900 2364
1902 2713
1903 2067
1903 3096
1905 2756
1906 2406
1908 2158
1909 2784
1910 2387
1911 2925
1912 2050
1913 2918
1914 2951
1915 3091
1916 2222
1917 1985
1917 2797
1920 2782
1921 2760
1923 2137
1925 2476
1927 2346
1927 2496
1928 2671
1928 2693
1932 2926
1933 2560
1934 2338
1934 2872
1935 2939
1936 3124
1938 2362
1941 2053
1942 2507
1943 1969
1943 2777
1943 3054
1944 2333
1944 2515
1946 1974
1948 2017
1948 2675
1949 2807
1950 2332
1951 2530
1953 2589
1954 2251
1955 2698
1956 2571
1956 3121
1957 2261
1959 2031
1959 2620
1959 2699
1961 2739
1962 1974
1962 2390
1962 2878
1963 1964
1963 2265
1963 2795
1966 2305
1967 2995
1968 2079
1969 3081
1969 3117
1971 2471
1972 2346
1973 2511
1973 2633
1974 2267
1975 2244
1975 2652
1976 2059
1979 2587
1980 3083
1982 2907
1983 2156
1985 2432
1988 2174
1988 2528
1988 2775
1992 2521
1994 2028
1997 2195
1997 2307
2000 2418
2002 2206
2003 2662
2005 2491
2006 2484
2009 2266
2010 2292
2010 2601
2011 2470
2013 2345
2014 2403
2018 2461
2018 2508
2019 2605
2020 2128
2022 2290
2022 2892
2023 2624
2026 2803
2027 2362
2029 2238
2030 2840
2032 2541
2032 2588
2033 3034
2034 3053
2034 3055
2035 2931
2038 3014
2040 2440
2040 2748
2041 2124
2042 3081
2043 2946
2044 2768
2045 2572
2045 3077
2046 2234
2046 2553
2047 2214
2048 2257
2050 2252
2051 2148
2051 2862
2052 2892
2054 2736
2055 2292
2055 2812
2055 3049
2056 2121
2056 3074
2057 2273
2058 3041
2059 2647
2059 2806
2060 2184
2061 2981
2065 2648
2068 2147
2070 2642
2071 2319
2071 2522
2073 2153
2073 2830
2075 2448
2076 2341
2077 2791
2077 2880
2078 2188
2083 2404
2089 2779
2091 2916
2091 3094
2092 2382
2102 2672
2103 2508
2104 2869
2106 2154
2111 2219
2113 2745
2114 2632
2115 2465
2117 2463
2117 2735
2123 2356
2123 2752
2126 2689
2127 2551
2128 2168
2129 2706
2130 2280
2131 2790
2132 2921
2133 2298
2134 2973
2135 3074
2136 2243
2136 2500
2139 2241
2139 2744
2139 2994
2144 3086
2145 2304
2147 2773
2152 2193
2152 2716
2155 2163
2155 2608
2155 2958
2159 2817
2161 2438
2162 2206
2163 2391
2163 2480
2163 2838
2165 2567
2166 3055
2167 2618
2168 2563
2169 2459
2169 2610
2170 2223
2173 2796
2178 2223
2179 2325
2179 2597
2180 2198
2180 2998
2184 2507
2184 2585
2189 3072
2190 2462
2191 2643
2193 2499
2198 2260
2199 2453
2200 2679
2201 2533
2202 2244
2208 2243
2208 2763
2210 2279
2214 2928
2214 3007
2216 2596
2220 2545
2222 2354
2225 2400
2228 2856
2233 2386
2233 2501
2234 2385
2234 2729
2236 2740
2239 2591
2242 2365
2246 2718
2248 2993
2249 3093
2252 2671
2253 2672
2254 2908
2254 2934
2255 3118
2256 2722
2257 2478
2258 2749
2261 2272
2261 3031
2263 2740
2264 2384
2268 3115
2269 2274
2270 2499
2271 2288
2271 2789
2274 2712
2275 2936
2276 2484
2277 2805
2279 2832
2280 3000
2289 2714
2291 2841
2291 3028
2292 2543
2293 2372
2296 2871
2300 2368
2301 2572
2302 2379
2302 2540
2308 2914
2310 2901
2311 3026
2313 3077
2315 3124
2317 2589
2322 2612
2323 2473
2326 2574
2327 2573
2328 2701
2329 2447
2330 2362
2330 2822
2334 2813
2335 2647
2335 2952
2336 2348
2336 2349
2336 2552
2339 2428
2339 2654
2345 2941
2345 3078
2349 3010
2351 3029
2355 2369
2355 3020
2357 2751
2358 2654
2363 2922
2365 2424
2366 3012
2367 3061
2370 3000
2371 2811
2371 2998
2373 2708
2373 2807
2376 2949
2377 2571
2379 2833
2382 2570
2382 2663
2384 2772
2387 2425
2387 3067
2388 2569
2389 2465
2389 2468
2390 3019
2391 2660
2393 2849
2395 2519
2396 2791
2399 2477
2400 2421
2403 2717
2403 2952
2404 2470
2404 2891
2406 2977
2407 2544
2408 2893
2412 2603
2413 3065
2414 2933
2417 3001
2419 2879
2420 2669
2421 2850
2422 3062
2423 2489
2431 2591
2433 3006
2434 2674
2435 2655
2435 2771
2437 3115
2439 3018
2440 2816
2441 2651
2441 2703
2446 2733
2451 2861
2454 2920
2455 2966
2458 2708
2460 2954
2463 2497
2463 2898
2469 2888
2481 3113
2485 2963
2492 2872
2492 2966
2492 2979
2493 3094
2496 2568
2497 2582
2497 2908
2498 2668
2502 2802
2505 2626
2506 2704
2509 2603
2510 3028
2512 2738
2513 2843
2514 2847
2515 2598
2524 2551
2525 2935
2532 2852
2536 2624
2540 2741
2542 3002
2544 2683
2544 3114
2546 2868
2548 2767
2552 2973
2557 2719
2558 2955
2559 3092
2566 2799
2570 2609
2573 2577
2576 2976
2577 2739
2581 3082
2586 2731
2588 3123
2600 2816
2602 2656
2606 2749
2611 2979
2612 3066
2618 2701
2619 3107
2622 2720
2623 2984
2625 2909
2627 2898
2635 2786
2639 2715
2641 3085
2646 2958
2648 2680
2653 2756
2656 2996
2657 2767
2668 2944
2670 2918
2671 2877
2673 2939
2675 2952
2678 2706
2686 2943
2692 3122
2693 3107
2698 2837
2701 2983
2703 2816
2703 2863
2705 2945
2712 2770
2712 2850
2712 3056
2718 2753
2725 2924
2725 2983
2726 2868
2727 2935
2730 3058
2732 2853
2738 2943
2738 3013
2745 3107
2747 2850
2751 3062
2761 3025
2776 2842
2778 2829
2786 2809
2815 2826
2819 3032
2825 2904
2827 3013
2838 2917
2843 3071
2844 2974
2845 2904
2847 3044
2847 3109
2848 2983
2849 2905
2854 2863
2854 3099
2856 3120
2860 2897
2861 3104
2883 2992
2884 2934
2887 2946
2896 3033
2903 2981
2905 2925
2906 3000
2910 2930
2932 3103
2937 2938
2948 3082
2951 2979
2957 2978
2973 2999
2980 3073
3009 3038
3023 3027
3036 3062
3045 3095
3076 3087