97
0 2
0 60
1 3
1 18
2 52
4 20
4 40
5 30
6 30
6 37
7 33
8 66
8 91
9 56
10 17
11 25
11 48
12 67
12 90
13 49
14 58
14 60
14 80
14 93
15 66
16 43
16 51
16 88
17 76
17 88
18 79
18 91
19 52
20 59
20 90
21 83
21 87
22 27
22 31
22 66
22 70
23 28
23 61
24 49
24 56
24 96
25 84
26 52
27 61
28 68
29 51
29 80
30 82
31 47
31 78
32 38
32 85
33 35
34 64
34 83
35 36
35 48
35 50
35 63
38 92
38 94
39 45
41 62
42 57
43 62
44 74
44 75
45 80
46 50
49 77
50 57
50 77
53 90
54 91
55 69
55 72
56 71
57 73
58 65
58 72
59 87
61 86
62 82
70 82
70 84
71 85
74 82
78 95
79 81
79 89
80 83