6250
0 5542
0 5595
0 6230
1 431
1 2651
1 2840
1 3138
1 3355
2 336
3 3980
4 1448
4 2123
4 3875
4 5749
4 5917
5 5229
5 5459
6 980
6 989
6 5531
6 5951
7 5138
8 922
8 3845
9 1960
10 1454
10 5477
11 110
11 2568
11 4096
12 688
12 4867
12 5356
13 2103
14 2494
14 2661
14 5564
15 2542
15 5083
16 3482
17 4388
18 6058
19 3037
20 560
20 3511
21 4044
22 324
22 5740
23 3002
23 3096
23 4266
24 2303
24 3968
24 4119
24 5121
25 654
25 1510
26 653
27 1884
27 2669
27 3630
28 2852
28 3268
29 1568
29 3040
30 1572
30 2939
30 4548
31 1297
31 1570
31 4350
31 4411
32 946
32 3643
33 478
33 5036
34 5609
35 2996
36 429
36 4758
36 4949
37 6180
38 487
39 344
39 4886
40 5566
40 5934
41 1660
42 1754
42 6172
43 5780
44 1211
44 1977
45 1339
45 2320
46 2903
47 993
47 1866
48 946
49 1844
50 316
50 1065
51 5404
51 5761
52 1399
52 3966
53 847
54 319
54 5071
54 6021
55 1865
55 4231
56 92
56 1935
57 2919
58 2817
59 870
59 4653
60 4390
60 5160
60 6150
61 4466
61 4964
62 1967
63 642
63 2258
64 4535
65 457
65 5608
66 906
67 2284
67 2745
67 3089
68 2949
69 491
70 4619
71 768
71 1076
71 3189
72 489
72 2296
72 3929
72 4382
72 5515
73 1014
73 2386
73 3689
74 1928
74 4768
75 3549
75 5335
76 3706
76 5240
76 5468
76 5485
77 1425
77 4727
78 2515
78 4574
79 447
79 3749
80 1645
80 6048
81 4827
81 5142
81 5226
82 2677
82 5741
82 6221
83 4609
84 4170
84 4891
84 5153
85 1309
85 1628
85 3295
86 318
86 5722
87 4572
87 5884
88 3388
89 1593
89 1680
89 2452
89 2901
90 1724
90 1965
90 3989
90 4713
91 1293
93 2851
94 2153
95 3110
96 1284
97 2883
98 950
98 1038
98 2295
99 4246
99 4793
100 1515
100 3989
100 5386
100 5510
101 803
102 1913
102 3975
102 5452
103 2624
104 5635
105 2588
105 5063
106 2354
106 2365
107 2685
107 5488
108 4327
108 5483
109 2099
110 2141
110 2279
111 1086
111 5972
112 5004
113 4109
114 255
114 650
114 1656
115 1735
115 2702
115 3735
115 4346
116 405
116 2460
116 4946
117 613
117 3176
117 6168
118 208
118 2182
119 1321
120 404
120 1039
120 1426
120 2135
120 6106
121 5547
122 3325
122 3464
123 4802
123 5028
124 2777
124 5829
125 1252
125 1975
126 1956
127 271
127 1494
128 549
128 2793
129 5956
130 957
130 5016
131 4547
131 5499
132 5751
133 2112
134 5079
135 2136
135 4600
136 5624
136 6071
137 3576
137 3728
138 2692
138 4882
139 2275
139 5283
140 1482
140 1553
140 4871
140 4946
141 970
142 6111
143 3408
143 6035
144 780
144 1102
144 3473
144 4765
145 206
146 2511
146 2774
147 381
147 2696
147 6152
148 358
149 5284
150 2571
151 1164
151 1235
152 5601
153 2595
153 5966
154 4483
154 4666
155 387
155 5937
156 4271
156 4657
157 2989
157 3070
158 2836
158 4887
159 1370
160 1561
160 4767
160 4980
160 5075
160 5352
161 352
161 1517
162 2891
162 4796
163 2277
164 2384
164 3955
165 3786
165 5447
166 479
167 1854
167 2334
167 5234
168 2761
169 2489
169 5382
169 5967
170 3389
170 5285
171 3284
172 1375
173 827
173 1184
174 3673
174 4259
175 287
175 3961
175 4782
176 1207
176 5135
177 1864
177 5472
177 5667
178 6041
179 567
180 856
181 1374
182 3537
182 5125
183 251
183 5134
183 5347
184 3787
185 270
186 4235
186 4733
187 3733
188 1103
188 2659
188 6040
189 2733
189 4800
190 2762
190 3513
190 4103
191 1587
191 3916
192 4075
193 1456
193 2971
193 5089
194 6005
195 3283
196 3313
196 4286
196 4798
197 3679
198 517
198 3755
198 4204
199 1222
199 4037
200 1616
200 4001
201 4465
202 2645
203 1304
203 4632
203 4741
204 4436
205 883
205 2355
206 264
206 5584
207 2252
207 5921
208 1050
209 1760
209 2277
210 3384
210 4616
211 983
211 1712
211 2047
212 1207
213 4038
213 5670
214 741
214 1415
214 2318
214 3284
214 3487
214 5482
215 1623
215 5413
216 4102
217 4052
218 4625
218 5072
219 4705
220 1912
221 2041
221 5028
222 5398
223 1283
223 3081
224 1824
225 6015
226 5286
227 1597
228 1760
229 1595
230 1069
230 1885
231 3981
231 5111
232 4753
233 648
233 5512
233 5592
234 412
234 4237
235 2988
235 5428
236 1098
236 1234
236 3193
236 3313
237 2700
237 3398
238 912
238 4781
239 404
239 3264
240 4486
240 5182
241 1044
242 2084
242 4270
243 1508
243 1626
243 1821
243 2755
243 5888
244 1570
244 4981
244 6027
245 1312
246 850
246 2313
247 883
247 2105
247 4693
248 1930
248 5364
249 2830
249 3567
250 1871
250 5040
250 6174
252 2940
252 3645
253 1252
253 1995
253 6003
254 2565
254 5771
254 5794
255 3239
255 4373
256 5718
257 5481
258 902
258 3207
259 4313
260 343
260 1292
260 3515
261 2176
261 6184
262 1355
263 677
263 3822
263 5104
264 3859
264 6007
265 2360
266 3066
267 3402
267 3527
268 938
269 3084
269 5428
269 5445
270 2902
271 272
271 3086
273 5234
274 309
275 1097
276 2351
276 3442
277 4255
277 5299
278 4681
279 3585
279 3704
279 3994
280 377
281 5973
282 1105
282 1792
283 1563
283 2965
283 4908
284 1360
284 4957
285 4047
286 438
286 749
286 4851
287 326
287 423
288 2500
288 5322
289 2363
290 2235
291 3250
292 2422
293 3269
293 6200
293 6224
294 1369
294 2433
294 3562
295 2613
295 6139
296 2626
297 1938
298 543
298 566
298 3953
298 4200
299 4934
299 6127
300 2033
300 2847
301 2113
302 4419
303 3992
303 5543
303 6077
304 426
304 5618
305 4186
306 956
306 1663
307 6122
308 1529
309 1193
310 4135
310 6102
310 6184
311 4712
311 5423
312 2667
312 3661
313 5172
314 2212
314 2509
315 4323
315 4749
316 5626
317 1172
317 3317
319 4106
319 5881
320 2336
321 1612
321 2065
322 1289
322 4116
323 2170
325 5004
326 3407
326 4278
327 2535
327 3257
327 4492
328 1918
329 1439
329 5836
330 2963
331 2828
331 2958
331 3028
332 1667
333 2788
333 5920
334 1901
335 4984
335 5815
336 3237
336 3282
337 4108
338 676
338 4487
338 5319
339 5008
339 5651
339 5703
340 1765
341 504
341 4904
342 5430
342 6181
343 2959
344 638
345 1196
345 6024
346 943
347 1229
348 5081
348 5295
349 2261
349 2755
349 5567
350 5004
350 5187
351 3461
351 3677
351 4181
351 4812
352 549
352 2890
352 5045
353 2524
353 3043
353 5191
354 1066
354 5957
355 4013
355 4613
355 5280
356 1802
356 2007
356 3058
356 3164
357 740
357 1586
357 4511
358 4939
358 5788
358 5800
359 3001
360 1759
361 2067
361 3159
361 3737
361 5451
362 3182
362 6096
362 6205
363 3941
364 3141
365 1161
365 1525
365 2592
365 2889
365 5156
366 2061
367 3506
368 1608
368 4931
369 1579
369 2327
369 2705
369 5104
369 5839
370 1236
370 1408
370 2809
371 458
371 1734
371 4345
372 3115
372 4611
373 3323
374 5510
375 584
375 1282
375 2083
376 2333
376 5709
377 5974
378 2670
378 4875
379 529
379 5425
380 5729
381 5086
382 728
382 1337
382 2003
383 3005
383 3419
384 2021
385 2071
386 2201
386 3617
387 1161
387 6032
388 825
388 5286
389 5108
390 2750
390 5844
391 1473
392 3850
393 3144
394 1318
394 6229
395 1446
395 1962
396 4185
397 4879
398 1174
399 1511
400 3533
400 4568
401 660
402 470
402 2856
402 4067
403 2107
404 2143
404 4706
405 615
405 1470
406 889
407 5809
408 1639
409 5049
410 5869
411 3281
412 1840
412 5168
413 1696
413 4378
413 4929
414 2177
414 2955
414 4483
415 2036
415 3993
415 5043
416 3405
416 5726
417 3887
417 5927
418 4296
419 2417
420 2872
420 4540
421 4821
422 4804
424 3490
425 894
425 1232
425 5730
426 1228
427 1356
427 5614
428 1420
428 2005
428 4383
429 1454
429 1974
430 3134
430 4225
431 3699
432 1869
432 2802
433 2021
433 2898
433 3393
433 3789
433 6147
434 618
434 1691
434 4971
435 1060
435 4257
436 1919
437 886
438 4481
438 5658
438 5966
438 6247
439 5956
440 2291
441 1775
441 2243
442 1705
442 2836
442 4328
442 5005
443 4687
443 5834
443 6020
444 928
444 4646
444 5213
445 1964
445 5411
446 2863
446 4372
448 2696
449 2694
450 1215
450 1370
450 1747
451 3866
451 4045
451 4086
451 5600
452 1392
453 563
453 5278
453 6210
454 2056
454 3221
454 5591
455 2318
455 2411
455 3918
455 4362
455 5379
456 2753
456 4861
457 1909
457 4653
459 3230
459 6008
460 5106
461 1568
462 771
462 2792
462 3265
462 4185
463 6248
464 2107
464 3068
465 2753
465 4220
465 5729
466 595
466 1140
466 4530
467 1578
467 6171
467 6177
468 701
468 1162
468 1566
468 4326
469 3523
471 3273
472 2980
472 3891
473 2631
474 2114
475 496
475 1882
475 3683
476 5757
477 1317
477 2274
477 2370
478 1676
478 3619
478 4677
479 1205
480 2987
481 4040
482 3611
482 4687
483 3897
483 5054
483 5526
483 6242
484 852
484 4739
485 1967
485 2059
485 2490
485 3422
486 2641
486 4927
487 5912
488 5411
489 2797
490 785
490 4381
490 4603
491 1743
491 5436
491 5644
492 4553
493 1265
493 3575
494 2735
494 4228
494 4692
494 6214
495 6007
496 1028
497 3775
497 5298
498 1896
498 1932
498 2444
498 5049
499 4412
500 4850
501 1939
501 5212
502 5564
502 6203
503 3188
505 2420
506 3813
506 6088
507 2419
508 1844
508 2411
509 1612
509 2095
510 1183
510 1651
510 2004
511 2026
512 4454
512 4983
513 1599
513 5310
514 5073
514 5179
514 5600
515 1046
516 2829
516 3554
517 1671
517 5009
517 5488
518 1210
518 2826
519 1361
519 1850
520 5414
521 2524
522 1127
522 4481
523 4245
523 5454
524 4734
524 6075
525 4840
526 4995
527 1816
527 4898
528 4285
528 6011
529 1669
529 4474
530 3011
530 4887
531 5531
532 1639
533 1138
534 758
534 4358
534 5134
535 2222
535 3173
535 4412
536 2629
536 3140
536 3179
537 1838
537 4535
538 1194
538 2866
538 5060
538 5980
539 4014
540 1260
540 2799
541 1451
541 3916
541 4562
542 5782
544 5933
545 1922
545 6009
546 722
546 2978
546 5610
546 6212
547 1864
548 3723
548 4088
549 1876
550 3363
550 4138
550 4351
551 4441
552 1037
552 2175
552 4673
553 5747
554 4380
555 4529
555 4605
555 4893
556 1071
556 1878
556 3672
557 4349
558 3227
558 3946
559 5292
560 1970
560 3387
561 709
561 4422
562 858
562 2400
563 746
564 2087
565 3443
565 3572
565 4270
567 5971
568 5855
569 1414
569 4534
570 1728
570 5825
571 3888
571 3958
572 1938
572 2453
572 5562
572 6146
573 3277
573 5531
573 6136
574 4374
575 1323
575 3361
576 3178
577 1909
577 5745
577 5881
578 3282
578 4899
579 2148
579 5970
580 2698
580 4005
581 3894
582 2736
583 1313
584 2588
585 2008
585 2082
585 4071
586 4259
586 4721
587 5915
588 1895
588 2267
588 2787
588 3550
589 2622
589 3237
589 3711
589 5535
590 1776
590 2834
591 3649
592 3584
592 5127
593 1305
593 1655
593 3137
593 3597
594 2626
594 3049
594 3855
595 3795
595 6100
596 2439
596 2831
597 2289
597 5728
598 4897
599 628
599 3663
600 6235
601 1990
601 2721
601 4658
602 1155
603 3657
603 5211
604 845
605 1973
605 5231
606 5259
607 2206
607 5173
608 4340
608 4814
609 4469
610 4182
610 5369
611 1987
611 4329
612 1955
612 4769
614 2295
614 3279
614 4870
615 1777
616 4264
616 4286
617 5240
618 2934
619 1083
620 1466
620 4870
621 2452
621 2868
622 2220
622 6169
623 2145
624 1179
624 1743
625 1033
625 2952
626 1820
626 3904
627 1822
628 3675
629 2623
630 3305
631 5324
631 5392
632 1057
632 2409
633 1128
633 3302
634 3933
635 2793
636 3112
636 3605
636 4438
637 6242
638 920
638 5700
639 3585
640 3191
640 5712
641 4151
641 5941
643 1373
644 1066
645 1183
646 4368
646 5728
647 1261
649 3223
650 680
650 4832
651 2534
651 4867
652 1311
653 1588
653 5150
654 4875
655 3350
655 5339
656 1098
657 1298
657 2792
658 1546
658 4216
658 6049
659 5882
660 2917
661 935
661 5268
662 2958
662 5073
663 3196
663 5939
664 1136
664 4451
665 5954
666 2813
667 2912
668 3305
669 6128
670 2876
671 2835
672 2056
673 1376
673 1568
673 3218
673 3514
674 2039
675 2273
675 3999
675 5438
676 1442
678 2813
678 4363
678 4418
679 2108
681 860
681 1715
681 2972
682 2109
682 3518
682 5970
683 1024
683 3903
683 4629
684 1009
684 5476
685 3206
685 4743
685 5685
686 1242
686 3180
687 1716
687 2550
688 2388
688 3331
689 3596
689 5201
690 3220
691 5563
691 5930
692 3385
692 3685
692 5566
692 6058
693 4861
693 6195
694 4416
695 716
695 4444
696 2000
697 1500
698 746
699 1269
700 3666
700 4125
702 2536
703 996
703 1293
703 3659
703 4560
703 5453
704 2740
704 5251
705 3757
705 4704
706 4242
706 5964
707 2179
708 762
708 2078
710 2325
710 4571
710 5577
711 3683
712 2992
712 4379
713 3813
714 3768
715 1226
716 1602
717 1001
717 3621
717 4999
718 1440
719 1068
720 2782
720 5169
721 3339
721 3404
721 4399
722 3410
723 1603
724 994
725 3761
726 1901
727 2944
727 5507
728 5311
729 4300
729 4357
730 2221
730 4777
731 1843
731 3551
732 3730
733 5637
734 4306
734 6179
735 2221
736 3018
737 2747
737 5659
738 2878
738 4644
739 2127
740 1716
742 1938
742 4942
743 2587
743 4046
743 5176
744 777
744 3102
745 5166
745 6079
746 2697
746 4609
747 2336
747 3688
747 4439
748 4409
748 5069
748 6135
749 3437
750 4755
751 892
751 5259
752 5140
753 1674
753 2224
753 4581
753 5195
754 2539
755 2777
755 3420
755 5504
755 5523
756 2575
757 3848
757 4635
757 5332
758 2202
758 2650
759 1559
759 5697
760 1779
760 3838
760 4242
761 3743
761 4519
762 1905
763 1360
763 3482
763 5323
764 4260
765 4543
765 5486
766 2663
766 5558
767 1542
767 3631
768 5876
769 1996
769 4557
769 5569
770 2354
770 3174
772 1151
772 3633
773 5357
774 3461
774 5243
775 3351
775 4000
776 3954
776 5948
777 3119
777 3471
778 5632
779 4387
781 1563
781 2015
782 1012
782 4192
783 4733
784 4285
784 4854
784 5723
785 2961
785 4462
785 6208
786 1785
786 2598
786 4666
787 3785
787 4417
788 3630
789 1074
789 5189
790 3065
790 3163
791 3881
791 3960
791 5571
792 4231
793 5000
793 5822
794 1063
795 5092
796 2197
796 5508
796 6085
797 4788
797 5301
798 3644
798 3959
799 1389
800 3110
800 3925
800 5597
801 1529
801 4014
802 2795
802 4211
803 1402
803 2243
804 1283
805 3684
806 2551
807 2133
807 2828
807 3832
807 6219
808 2910
809 5730
809 5860
810 2457
810 5599
811 1469
811 2764
812 1906
812 2760
813 1975
813 2899
814 2789
815 1755
815 4085
816 2206
817 1053
817 2881
817 4587
818 1430
818 3388
819 1244
819 1343
820 3943
821 5445
822 3871
822 5006
823 2012
824 5997
825 2681
826 4630
827 2039
828 5590
829 3151
829 5814
830 1481
830 3847
831 4247
832 1952
832 3052
832 4625
833 5745
834 3825
835 1152
835 2285
836 2212
836 3544
836 5249
836 5480
837 924
838 4701
838 5317
839 2960
840 5731
841 1643
841 2702
841 5541
842 3385
842 4783
843 3012
844 2942
844 5492
845 1818
845 2289
845 3646
845 4610
846 1683
846 4541
847 5339
848 930
849 2866
849 4841
849 5357
850 4157
850 6122
850 6229
851 939
851 1835
851 3682
851 3974
852 4962
853 1718
853 3853
853 4700
853 5805
854 1719
854 5154
854 5604
855 2934
855 4397
856 1133
856 1229
857 1093
857 3597
857 4324
858 1477
858 5495
859 1283
859 2453
861 2024
861 3896
862 2359
862 5238
863 1516
864 1543
864 2338
864 3372
864 3703
864 4765
865 3836
865 4330
865 5142
866 3687
866 4022
866 5649
867 2276
867 3964
867 5490
868 3561
868 4287
868 4967
869 4527
869 4983
870 5183
871 1114
871 1888
871 4415
872 5549
872 6243
873 5454
873 5972
874 1766
874 2345
874 4977
875 5081
876 1942
876 5818
877 891
877 6092
878 3832
879 3411
880 1805
880 5832
881 2052
881 2416
881 3184
882 3151
883 1407
884 1088
884 2338
884 5079
885 1235
885 4243
885 4728
886 4546
887 4953
888 3431
888 4231
888 5646
889 3509
889 5908
890 2401
890 3122
892 3015
893 1380
894 1971
895 983
895 1639
896 1527
896 6209
897 2750
897 5574
898 1174
899 1948
899 4282
900 5197
901 3930
902 4012
903 4315
904 905
904 5358
906 2208
906 2245
906 4669
907 1566
908 4837
909 3640
910 2584
910 4348
910 5904
911 4383
912 957
913 1911
914 4728
914 4849
915 2136
916 2385
916 5786
917 1646
917 3494
918 4953
919 5185
919 5630
920 3068
921 4586
922 1589
922 1952
923 3003
924 1658
924 4134
924 4284
924 5315
925 5466
926 1558
927 2597
928 3039
929 4507
929 4840
930 1923
931 3510
931 4714
932 5361
933 4850
933 5672
933 6023
934 4730
935 4051
936 1021
936 2071
937 1655
937 4775
938 1862
938 5983
939 2864
939 3382
940 1111
940 1664
940 3720
941 2460
941 2540
941 2820
942 3027
942 5852
943 3526
943 4236
943 4951
943 5715
944 2698
944 4149
945 3828
946 1162
946 2020
947 1397
947 2583
947 2973
948 5358
949 3525
950 5426
951 2225
951 5015
952 2599
952 4427
953 4136
954 1190
955 5897
956 5154
957 1573
957 6066
957 6143
958 3019
959 1994
959 5217
960 2382
960 5082
961 3297
961 4100
962 1609
962 2316
962 2890
963 3843
963 6076
964 3377
965 2143
966 2266
966 6045
967 2692
967 2748
967 4799
968 1542
968 2293
969 4796
969 4885
970 5100
971 2277
972 2780
972 3910
972 6114
973 4021
973 5450
974 2390
974 5183
975 1266
975 2356
975 4349
976 4506
976 4943
977 3074
977 4269
978 1522
979 2645
979 4208
981 1048
982 1007
982 3559
982 5384
983 1275
984 3899
985 1097
985 4231
985 5668
986 4363
986 5924
987 2928
988 1107
988 2144
990 4878
991 1493
991 4935
992 2140
992 2744
994 4228
994 4740
995 2190
995 6016
996 4991
997 1669
998 2121
999 3348
1000 1722
1001 3577
1001 5210
1002 4320
1003 1353
1003 2097
1004 5015
1005 3914
1006 1923
1006 5831
1007 6169
1008 2182
1008 3960
1008 4585
1010 3833
1011 2912
1011 5647
1012 2084
1012 4121
1012 4590
1012 4671
1013 1401
1013 3939
1014 4515
1015 3017
1015 4261
1016 5594
1017 1793
1017 5892
1017 6111
1018 2374
1019 2545
1020 3246
1020 3768
1020 5032
1021 3035
1022 1110
1022 2536
1022 2973
1022 5199
1022 5569
1022 5572
1023 1826
1024 4354
1024 6004
1025 3522
1025 4110
1026 1507
1026 5439
1026 5974
1027 5887
1028 3289
1029 1707
1029 2166
1029 2602
1030 2658
1030 4757
1031 2723
1031 3964
1032 1256
1032 5889
1033 2988
1033 5679
1034 4166
1035 1662
1035 2804
1035 4379
1036 1153
1036 3143
1037 4214
1040 2472
1040 4885
1041 4442
1041 5483
1042 1897
1043 3318
1043 4277
1044 3112
1044 3700
1045 2671
1045 2827
1046 1180
1046 2011
1046 3266
1046 3329
1046 6041
1047 3386
1047 4566
1048 5135
1049 2825
1049 4601
1050 2833
1050 5416
1051 4501
1051 5243
1052 1560
1052 2552
1052 3685
1052 3995
1052 5499
1053 4253
1053 4718
1053 6119
1054 4716
1055 1922
1055 2175
1055 4104
1056 2125
1057 4800
1058 5650
1059 3048
1060 5937
1061 4913
1062 1513
1062 1831
1062 4573
1063 1931
1064 1147
1064 4202
1065 6218
1067 6058
1068 5157
1069 5397
1070 1286
1070 5721
1071 4588
1072 2730
1072 4199
1073 2450
1075 1473
1076 1907
1076 4342
1077 4170
1077 4359
1077 6000
1078 1347
1078 2805
1078 3278
1078 4106
1079 1781
1079 4613
1079 5159
1079 5856
1080 2090
1080 4334
1081 3689
1082 2026
1082 2531
1082 3649
1083 1669
1083 5143
1084 4489
1084 5848
1085 2572
1085 4281
1087 2008
1087 4869
1089 3091
1089 3786
1089 4295
1090 3338
1090 4359
1090 5699
1091 4059
1092 3941
1092 6207
1094 1206
1094 5242
1095 2481
1096 3857
1096 4676
1096 6238
1098 2106
1098 6153
1099 4797
1100 1150
1100 3637
1100 4781
1101 2504
1103 1333
1103 1829
1103 4200
1103 4858
1104 4745
1104 5313
1105 2021
1106 1422
1106 1581
1106 3105
1106 4121
1107 3307
1108 2511
1109 1871
1109 4132
1110 5684
1111 4021
1111 4321
1111 4659
1112 4979
1113 2370
1113 4347
1113 4421
1113 5010
1114 6147
1115 4829
1115 4978
1115 5880
1116 5452
1117 2202
1117 3576
1118 1263
1118 1403
1119 4289
1120 2084
1121 1306
1122 2915
1122 3277
1122 6183
1123 3603
1123 3692
1124 1481
1125 2886
1125 3960
1126 1837
1126 4691
1129 1867
1129 3896
1129 5606
1130 1580
1131 2760
1132 1286
1132 1348
1132 3194
1133 3186
1134 1851
1134 4894
1135 3240
1136 2862
1137 2648
1138 5094
1139 2324
1141 4926
1142 3279
1143 3072
1143 3187
1143 4954
1144 3294
1145 4015
1146 3752
1147 3370
1147 5316
1148 1375
1148 3728
1149 2415
1149 3950
1149 5782
1150 3530
1150 4291
1150 6087
1151 5750
1152 3179
1153 2238
1154 3694
1154 5359
1155 3352
1156 2413
1156 2662
1157 3986
1158 3590
1159 3033
1159 5387
1160 5429
1162 3996
1163 4267
1164 2956
1165 2805
1165 5336
1166 1407
1167 1578
1168 4996
1169 1787
1169 2006
1170 5690
1171 4901
1172 3113
1172 5392
1173 1943
1174 1869
1174 5965
1175 3077
1175 4973
1176 2601
1176 3736
1176 5944
1177 2617
1177 3738
1177 4421
1177 5878
1178 4694
1179 3214
1179 5385
1180 1477
1180 4680
1181 1853
1181 3858
1181 3956
1182 1945
1183 3098
1183 3522
1184 3270
1184 6204
1185 1444
1185 3429
1186 1456
1186 1988
1186 2428
1187 4691
1188 5218
1189 4933
1190 3348
1191 1550
1192 3534
1193 2725
1193 3404
1193 3648
1195 2860
1195 6033
1196 2418
1196 2656
1196 3599
1196 4127
1197 6100
1198 5680
1199 1969
1200 1462
1201 4776
1202 3433
1203 2243
1204 3791
1204 5564
1205 1550
1205 4597
1206 2714
1207 2504
1207 2968
1207 6191
1208 1272
1208 4634
1208 4927
1209 4313
1209 5541
1212 1772
1212 3887
1213 5541
1214 5915
1215 1770
1216 2035
1216 2328
1216 4931
1217 1649
1217 3004
1217 6002
1218 4430
1218 4507
1218 5590
1219 2252
1219 2763
1219 5780
1220 3066
1221 2775
1221 5058
1222 4884
1223 1705
1223 4933
1224 2043
1225 5153
1226 3177
1226 3536
1226 3735
1227 4979
1227 5935
1227 6201
1228 2045
1228 4582
1228 5202
1229 1406
1230 4469
1230 4750
1231 3234
1231 4925
1231 6117
1232 1981
1232 5165
1233 1403
1234 2031
1234 4395
1235 3680
1236 2915
1236 5717
1237 2387
1237 3895
1237 5310
1238 1868
1238 2864
1238 5512
1239 5619
1240 3281
1241 4314
1243 4197
1243 5882
1244 2430
1244 4399
1245 1428
1245 3753
1246 3380
1247 5374
1248 2417
1248 5868
1249 5296
1250 2069
1250 5873
1251 1339
1251 2277
1253 4917
1253 6090
1254 1304
1254 2699
1254 3425
1255 3198
1255 3780
1256 6133
1257 4756
1258 2379
1259 1335
1260 2615
1260 4751
1261 3911
1261 6044
1262 3027
1262 3319
1262 5112
1262 5281
1263 4408
1263 5445
1264 3655
1264 4943
1264 5383
1265 3032
1267 4562
1268 5392
1269 5050
1270 1681
1270 4738
1271 4769
1271 6209
1273 2689
1273 5778
1273 5833
1273 5902
1274 2626
1275 3612
1276 5525
1277 2287
1278 1475
1278 3520
1279 2930
1280 1367
1281 1989
1281 5817
1282 2396
1283 2803
1283 4872
1284 2731
1284 4475
1285 5300
1286 1628
1286 4198
1286 4638
1287 4690
1287 5095
1287 5128
1288 5164
1288 5930
1290 5578
1291 2685
1292 2663
1293 2879
1293 5445
1294 2158
1294 6186
1295 4580
1295 6164
1296 1962
1299 2470
1300 4699
1301 2867
1301 3620
1301 3872
1302 4956
1303 1393
1303 1614
1304 3945
1304 5897
1306 2330
1306 2408
1306 5522
1307 4193
1307 5448
1308 1421
1309 3781
1310 4477
1310 5641
1311 2511
1311 2765
1311 4396
1312 2211
1312 6216
1313 5921
1314 2066
1314 5169
1315 6206
1316 3099
1316 4199
1318 5147
1319 3612
1320 4336
1320 4494
1321 5141
1322 1632
1322 4784
1324 4755
1324 5063
1324 5362
1325 2425
1326 2051
1327 2255
1327 3484
1327 6129
1328 2918
1329 2497
1329 5434
1330 5438
1330 5502
1331 4297
1331 5097
1332 2049
1332 3381
1332 5227
1334 2198
1334 3534
1335 4915
1336 4610
1338 2381
1338 2523
1339 5131
1340 3021
1340 3983
1341 1387
1341 3201
1342 4195
1343 5012
1343 5279
1344 2009
1344 4488
1345 2788
1345 3388
1346 4221
1347 1702
1347 2122
1348 1576
1348 2640
1348 3510
1348 4843
1348 5737
1349 1373
1349 1647
1350 2581
1351 1831
1351 4630
1352 2655
1354 2333
1354 2903
1354 6038
1355 1832
1356 3000
1356 3423
1356 3983
1357 1635
1357 2444
1358 2404
1359 3679
1359 3712
1360 5232
1361 4308
1362 3304
1362 4165
1363 5603
1364 2933
1365 4688
1365 5648
1366 2739
1366 6228
1367 3283
1368 5590
1369 3687
1370 2767
1370 3697
1371 6071
1372 2053
1372 4056
1373 3606
1373 4831
1373 5782
1374 2305
1374 3497
1374 4314
1375 5093
1376 5101
1377 1451
1377 5145
1378 3736
1379 3208
1379 5126
1379 5794
1380 1606
1380 3961
1381 3258
1381 5105
1382 1692
1382 2383
1383 5859
1384 3928
1385 3013
1385 3830
1385 4405
1386 1727
1386 3820
1387 3455
1388 6219
1389 6130
1390 3941
1390 4176
1391 3253
1391 5117
1392 3698
1392 4806
1392 5341
1392 5563
1393 5605
1394 5196
1394 5959
1395 4304
1395 6013
1396 2405
1397 3873
1398 2945
1399 2247
1400 4213
1401 5248
1402 2861
1404 6021
1405 2408
1405 4425
1406 3894
1406 4624
1407 2248
1407 5387
1409 3417
1410 3315
1410 3827
1410 5187
1410 5599
1411 2859
1411 5689
1412 6168
1413 2485
1414 3954
1414 5022
1415 4596
1416 4443
1417 4758
1417 5568
1418 3622
1418 4310
1419 2397
1419 4502
1419 5015
1420 4015
1420 4087
1421 3865
1421 4490
1421 5362
1422 1983
1423 1602
1423 4248
1424 1653
1424 1680
1425 2914
1426 5210
1427 3560
1427 4980
1427 5948
1428 4684
1429 4621
1430 4972
1430 6166
1431 1507
1431 4468
1432 4518
1432 5112
1433 4358
1434 2701
1435 1963
1435 6157
1436 4781
1437 1908
1437 2076
1437 3590
1438 4615
1439 2610
1440 1916
1441 1945
1441 3436
1441 4145
1441 5562
1441 5573
1443 4855
1444 6012
1445 4415
1446 4258
1446 4640
1447 2239
1448 1911
1448 1972
1448 2443
1448 3716
1449 1889
1449 4986
1450 2904
1452 3958
1453 1599
1453 1739
1453 2909
1455 1917
1455 2487
1457 4227
1458 5702
1459 2709
1459 3387
1459 5437
1460 2971
1461 2374
1461 4520
1462 4645
1463 2521
1463 4111
1464 4035
1465 3288
1465 5434
1467 4899
1468 6228
1470 3739
1470 4493
1471 2455
1471 5874
1472 2201
1472 3535
1472 3674
1473 2441
1473 2519
1474 2222
1474 5531
1475 4486
1476 4503
1477 3849
1478 3180
1479 2597
1479 3767
1479 4901
1480 1661
1481 3181
1481 4254
1482 2815
1483 2953
1484 1620
1484 4987
1484 6115
1485 5667
1486 4136
1487 1533
1487 4697
1488 4349
1489 1878
1490 5272
1491 5034
1491 5398
1492 5181
1492 5440
1494 2723
1495 2870
1495 3115
1495 3934
1496 3980
1496 5255
1497 4713
1497 4805
1497 5876
1498 1745
1498 1842
1498 5240
1499 4919
1499 5407
1499 6189
1500 4790
1501 4187
1502 2744
1503 4611
1503 5035
1504 1847
1504 2223
1504 3408
1504 3967
1505 2341
1505 3043
1505 4548
1506 5442
1507 5473
1509 1689
1509 1791
1511 1928
1512 1828
1512 3398
1513 5091
1514 1897
1515 3715
1516 3264
1516 4116
1517 1534
1518 2371
1518 2446
1518 2858
1518 3581
1518 4380
1519 2753
1519 6248
1520 3366
1520 3531
1521 2619
1521 4121
1521 5615
1522 3936
1522 5945
1523 3860
1524 2384
1524 6177
1526 4201
1528 3983
1528 6246
1529 2167
1530 3301
1530 4320
1530 5773
1531 4564
1532 5804
1533 5535
1534 4442
1535 2367
1535 5267
1536 1737
1536 2420
1536 3969
1537 5742
1538 2111
1538 4183
1539 2902
1539 2941
1540 1979
1541 2640
1541 3210
1541 5314
1542 5531
1544 3307
1545 4628
1546 2907
1547 2224
1548 2212
1548 3801
1549 4740
1551 5613
1552 2929
1553 4268
1554 3503
1554 3505
1555 3519
1555 4407
1555 4760
1556 1922
1556 6134
1557 2235
1557 5214
1558 5304
1559 2495
1560 4963
1562 4411
1562 5933
1563 2075
1564 1831
1564 5867
1565 2710
1565 4385
1566 1647
1566 4675
1567 2468
1567 5400
1569 4461
1570 4496
1571 4049
1573 2191
1574 2008
1574 4209
1575 1701
1575 5682
1576 2088
1576 4656
1577 2695
1577 2957
1577 3800
1577 3926
1579 3795
1579 5284
1579 5320
1580 4432
1580 5600
1581 3571
1582 3704
1582 4398
1582 5239
1583 3740
1583 4333
1583 5940
1584 3455
1585 4064
1586 4911
1587 2168
1590 2079
1590 4974
1590 5678
1591 2008
1591 2995
1592 3198
1593 4497
1594 2267
1595 4193
1595 5676
1596 4094
1597 4976
1598 2138
1598 3968
1599 2368
1599 5326
1600 6249
1601 3972
1601 4007
1603 2735
1603 3790
1603 5412
1604 5152
1605 3133
1607 4012
1607 4874
1608 3983
1610 4524
1610 5845
1611 2674
1611 3327
1612 4834
1613 2444
1614 2679
1615 3922
1615 4776
1615 5807
1616 1780
1617 3043
1617 5720
1618 3370
1619 5021
1619 5249
1621 3368
1621 4460
1622 2262
1622 4249
1622 4996
1622 5823
1623 1734
1624 2938
1625 4818
1626 2116
1627 2197
1628 5525
1629 5943
1630 2181
1630 2946
1630 3700
1631 3601
1631 3963
1631 5864
1632 3413
1632 4279
1633 4456
1633 5186
1634 2154
1634 3259
1634 4562
1635 5679
1636 3724
1637 3452
1637 3664
1637 4737
1637 5497
1638 2844
1638 5654
1639 2423
1640 3142
1641 2742
1641 3051
1642 3285
1644 3275
1644 5637
1645 2985
1645 5221
1646 1686
1646 2572
1648 2216
1648 5643
1649 2633
1649 4056
1649 5102
1650 5661
1650 6246
1652 2771
1652 4950
1653 5695
1654 3914
1654 4701
1655 2539
1655 2885
1655 3297
1656 5810
1657 5234
1658 2589
1659 1933
1659 3713
1659 5330
1660 2521
1660 3240
1660 5588
1661 3387
1661 3537
1663 1872
1663 2072
1665 2165
1665 4219
1666 2931
1667 2038
1667 4713
1667 5030
1668 4604
1668 5494
1670 2913
1671 5456
1672 3798
1672 5288
1673 3624
1673 5603
1675 3121
1677 4650
1678 2234
1678 4705
1679 3939
1680 3747
1680 4795
1682 2425
1682 2698
1682 2951
1682 4811
1683 4195
1684 6051
1685 3254
1685 4898
1686 2648
1686 5634
1687 3008
1688 3006
1689 4429
1689 4968
1689 5533
1690 4509
1690 4524
1691 4577
1691 5296
1692 5215
1692 5421
1692 5685
1692 5725
1693 5934
1694 2238
1695 2739
1695 2920
1695 5431
1696 1729
1697 4236
1698 3558
1698 6068
1699 2494
1699 2654
1700 2529
1700 3697
1701 1903
1703 2035
1703 6089
1704 2002
1704 2506
1704 3010
1705 3463
1705 5406
1705 5851
1706 2050
1706 4049
1708 2640
1709 4426
1710 6010
1711 1754
1711 4456
1711 4779
1713 3364
1713 4391
1713 5422
1714 3104
1714 4595
1714 6182
1715 1773
1716 3244
1716 4344
1717 6099
1717 6111
1719 3123
1720 2645
1721 3018
1721 4667
1722 2825
1723 3045
1723 5303
1725 5516
1726 2743
1726 2883
1726 4618
1727 3641
1729 2841
1730 3266
1730 3757
1731 2361
1731 2817
1732 2502
1733 2597
1733 3775
1735 4107
1736 3046
1738 5200
1738 6183
1739 6125
1740 1849
1740 5065
1741 4184
1741 4721
1742 3408
1742 4704
1744 2157
1745 3976
1745 5402
1746 3710
1746 4288
1748 1955
1748 6120
1749 3812
1749 5482
1750 2476
1750 4189
1750 5293
1751 2032
1751 5305
1752 1925
1752 2189
1752 3816
1752 5593
1753 5067
1756 2157
1756 4162
1756 4351
1757 3088
1758 2380
1758 5207
1758 5819
1759 5670
1760 1851
1760 5122
1761 3132
1761 3548
1762 3354
1762 5468
1763 2578
1763 3610
1763 3713
1764 2661
1765 1900
1765 3518
1766 6127
1767 4246
1767 4493
1768 3034
1768 3378
1768 3663
1769 4961
1771 5857
1772 5838
1773 3521
1773 5041
1774 2639
1774 3046
1774 4664
1774 5260
1776 3765
1776 6165
1778 3882
1778 5155
1779 4189
1779 4251
1780 3114
1781 2274
1782 2062
1783 3882
1784 4230
1784 4384
1784 5011
1785 1856
1785 5271
1786 1834
1787 2177
1788 1928
1789 2036
1789 2496
1790 2364
1792 2434
1792 5530
1793 4574
1794 2838
1795 3397
1795 4311
1795 4670
1795 5905
1796 2782
1797 2161
1797 3533
1797 4045
1798 3939
1798 4265
1799 3029
1799 4979
1799 5678
1800 4112
1800 6178
1801 3815
1802 3870
1803 2936
1804 3684
1805 4125
1806 4111
1806 5406
1806 6008
1807 2895
1808 4883
1808 5346
1808 5775
1809 2824
1809 5257
1809 5795
1810 2394
1810 2716
1811 5218
1811 5828
1812 2991
1812 4532
1813 4282
1813 5549
1813 5595
1814 2901
1814 3145
1815 2361
1815 2527
1815 3654
1817 1938
1817 5044
1817 5289
1818 4835
1818 4888
1819 2986
1820 4742
1820 5464
1820 5824
1821 3834
1822 3806
1822 4283
1823 1938
1824 3970
1825 3605
1825 3783
1825 4287
1826 2218
1826 5454
1827 1875
1827 2831
1828 4665
1830 2615
1831 2764
1832 1939
1832 3406
1832 3923
1833 2865
1834 4476
1835 4701
1835 5228
1836 4128
1837 2358
1838 2609
1838 3746
1839 2142
1839 5825
1840 3893
1841 1937
1841 2643
1843 3742
1843 3818
1845 2807
1846 4986
1847 5626
1848 2439
1849 2010
1849 2309
1851 5900
1852 3350
1853 1886
1854 3542
1855 4375
1856 2203
1857 3017
1858 3823
1858 4175
1858 5354
1859 4817
1859 6016
1859 6028
1860 5626
1861 5862
1863 5121
1864 5247
1866 2610
1866 4111
1867 3151
1867 3568
1869 2652
1869 3430
1869 4650
1870 2189
1870 2253
1870 3971
1870 5304
1871 3108
1872 3600
1873 3156
1873 3772
1874 5155
1876 2479
1876 2742
1876 2896
1877 4034
1879 3161
1879 6066
1880 2813
1881 2530
1881 5287
1881 6227
1882 3311
1883 2278
1883 5360
1884 2497
1884 6055
1885 4004
1885 5459
1885 5599
1886 5380
1886 5595
1887 3281
1889 5397
1890 4108
1890 5736
1891 2911
1891 5277
1892 2204
1892 3064
1893 2753
1893 2771
1893 3331
1894 1997
1895 4249
1895 4778
1895 5433
1897 3794
1898 1999
1898 3044
1899 2102
1900 2784
1901 2911
1901 6176
1902 5507
1903 3533
1903 4941
1904 2332
1904 5354
1905 3427
1907 3843
1908 4351
1910 3822
1912 3198
1913 3272
1914 2907
1914 3688
1915 3834
1916 4253
1917 5907
1918 4308
1918 5419
1919 4588
1919 5497
1920 4959
1921 2073
1922 5361
1923 3379
1924 2288
1924 6129
1926 5559
1927 2007
1928 2258
1928 4905
1928 5560
1929 2085
1930 2660
1930 3609
1931 3857
1931 4486
1932 1959
1932 3490
1933 5622
1934 4534
1935 2195
1935 5987
1936 5739
1937 2559
1938 3931
1939 2498
1940 5315
1941 2084
1941 6175
1943 2233
1943 4410
1944 2815
1945 4181
1946 6231
1947 3170
1947 4633
1947 5655
1949 3878
1949 5717
1950 2090
1950 5451
1951 3025
1951 4550
1951 5246
1952 3236
1953 2334
1953 3907
1953 4260
1953 5224
1954 4241
1956 5427
1957 4446
1957 5310
1957 5318
1958 5987
1959 1976
1959 4683
1960 2270
1960 3920
1960 4738
1961 4028
1962 3622
1963 3201
1963 5683
1963 6047
1964 3291
1964 3493
1966 5012
1967 2344
1967 4256
1968 2396
1969 4549
1969 5219
1969 5848
1971 3273
1972 5744
1973 2002
1974 4599
1976 3604
1976 4095
1976 4504
1977 4709
1978 2140
1978 5163
1978 5209
1979 5299
1980 4328
1981 3235
1982 3820
1983 2818
1984 2297
1984 4832
1985 2835
1986 3302
1987 3863
1988 5001
1989 2792
1989 5296
1990 5274
1991 5308
1992 5000
1993 5056
1993 5863
1994 2215
1995 3480
1995 4191
1995 5708
1996 2306
1996 2977
1996 4320
1997 4834
1998 3395
1998 5095
1999 4639
1999 4685
2000 3728
2000 3817
2001 2363
2001 3366
2001 4468
2002 2812
2002 5645
2003 4977
2003 5808
2004 3578
2004 4014
2005 3275
2006 4494
2007 3898
2007 5447
2009 4720
2010 4561
2012 2492
2012 5956
2013 2803
2014 2093
2014 2897
2014 3988
2015 5853
2016 5671
2017 2687
2018 2418
2018 3183
2018 4028
2018 4719
2018 5690
2019 2764
2020 4200
2021 4551
2022 4157
2023 5098
2023 5319
2025 4363
2027 2832
2027 5496
2028 3686
2029 4233
2030 2569
2030 4573
2031 3752
2032 5846
2033 5111
2033 6072
2034 3508
2034 4428
2037 4359
2039 6138
2040 2789
2040 5290
2040 5755
2042 5428
2043 5608
2043 6027
2044 3184
2045 5849
2046 5105
2047 3747
2048 3031
2049 2380
2049 5920
2050 2865
2050 3809
2051 2919
2052 3831
2052 5768
2054 5406
2055 2384
2056 5465
2057 2178
2057 4621
2057 5097
2057 5816
2058 2129
2058 4347
2059 3071
2059 3784
2059 4148
2060 5166
2061 4621
2062 3343
2062 5251
2063 4807
2064 5992
2068 5057
2069 2317
2070 3103
2070 4512
2070 4821
2071 2378
2073 5829
2074 4807
2075 5985
2077 3700
2077 4523
2077 5074
2077 5708
2078 4956
2079 3769
2080 4716
2081 5282
2083 3085
2084 5928
2085 3366
2086 3560
2086 3884
2087 4410
2087 4453
2088 4537
2089 6102
2091 4443
2091 4948
2092 4143
2092 4576
2093 2217
2093 2969
2093 2970
2093 4514
2093 4580
2094 3118
2094 3506
2094 5129
2096 2382
2096 2614
2096 3762
2097 3984
2098 4628
2098 5466
2099 3135
2100 3899
2100 4032
2100 5558
2101 5841
2102 2922
2102 3658
2102 4114
2102 4330
2102 5169
2103 3353
2104 4928
2104 5916
2105 5999
2107 3050
2107 6123
2108 4450
2108 5327
2109 2801
2110 5728
2111 4184
2111 4592
2112 4205
2113 5921
2114 5909
2115 4510
2115 6128
2116 4244
2117 4761
2117 5182
2118 4406
2119 5803
2119 5918
2120 4402
2121 5535
2122 3712
2124 6086
2125 2435
2125 5238
2126 6000
2127 4457
2128 2312
2128 2545
2130 2497
2131 2473
2131 2931
2131 5039
2132 5190
2134 2512
2134 5557
2135 4847
2137 3884
2137 4837
2139 5643
2140 2996
2141 3078
2142 4151
2142 4543
2143 3343
2144 3199
2144 4001
2145 2779
2146 2704
2146 5638
2147 3186
2148 6163
2149 2868
2150 4487
2150 6084
2151 3932
2151 3977
2152 2507
2152 3569
2153 4645
2153 6150
2155 2553
2155 5057
2155 5809
2156 6023
2157 5783
2158 2582
2158 3019
2159 5018
2160 3858
2160 4047
2161 4353
2162 5584
2163 4480
2164 3072
2165 4424
2166 3533
2166 4615
2167 3037
2168 4545
2169 3748
2170 2831
2171 3192
2171 4836
2172 2601
2172 5239
2173 2810
2173 3684
2174 6234
2175 2298
2177 3066
2178 5663
2178 5842
2179 4212
2179 6089
2180 3869
2180 5529
2181 4155
2183 2344
2184 2780
2184 3077
2185 4835
2185 5170
2185 6148
2186 3710
2186 6120
2187 4402
2187 5634
2188 3379
2188 5652
2189 2761
2190 2605
2190 5656
2190 5997
2192 3213
2192 5465
2193 5831
2194 3793
2195 5992
2196 3356
2196 5048
2197 5751
2197 5861
2197 6206
2199 2786
2199 2888
2200 3976
2201 5077
2204 4505
2205 2865
2206 2913
2207 3902
2207 5446
2208 5134
2209 2321
2210 3412
2211 2835
2212 4029
2213 2588
2213 4460
2214 3223
2215 6238
2217 2271
2218 3033
2218 4089
2219 3853
2220 3287
2220 5037
2221 2635
2222 3472
2223 4873
2224 5222
2224 5360
2225 4655
2226 4806
2227 2975
2227 3029
2228 3362
2228 6050
2229 5451
2230 4465
2230 5006
2231 2624
2231 5233
2232 3127
2232 3376
2232 3440
2232 4969
2232 5291
2233 3086
2233 5444
2234 2391
2234 5130
2234 6041
2235 2477
2235 3893
2235 4729
2236 2943
2237 4994
2237 5286
2238 2747
2238 3900
2238 5358
2239 2520
2239 5398
2240 2941
2240 4070
2240 4531
2240 5640
2241 2847
2241 3469
2242 2570
2242 5887
2243 4184
2243 4309
2244 5908
2245 4247
2246 2695
2247 3138
2249 4456
2250 5449
2250 5848
2251 5028
2251 5866
2252 2928
2253 4538
2254 4139
2254 5574
2255 3350
2255 3698
2256 5803
2257 3566
2257 5401
2258 5550
2258 5649
2259 2984
2260 4496
2261 5337
2263 5061
2263 5565
2264 3102
2264 3842
2264 4544
2265 3260
2265 4910
2265 5119
2266 2438
2266 5361
2267 2431
2268 3120
2269 4692
2269 5652
2270 5270
2272 5616
2272 6065
2273 2675
2273 3601
2274 4179
2275 5386
2277 3345
2280 2869
2280 5982
2281 5951
2282 4087
2283 3570
2284 2541
2284 3817
2286 4325
2286 6231
2287 3586
2287 4516
2289 3360
2289 4075
2290 5570
2291 5110
2291 6171
2292 4369
2294 3477
2295 4664
2296 2963
2299 3359
2300 5229
2301 5835
2302 6062
2303 6233
2304 3671
2304 5776
2304 6226
2305 3637
2307 2945
2308 2460
2308 4682
2310 2419
2311 2976
2311 4848
2312 4002
2313 2980
2314 3184
2314 3393
2314 4763
2315 2417
2317 5420
2317 5516
2319 5736
2320 4565
2321 5843
2322 3056
2322 5308
2323 2360
2323 2482
2323 2731
2323 3336
2323 5171
2324 3616
2326 5083
2328 3233
2328 3482
2329 5123
2330 2350
2330 3554
2331 5181
2331 5540
2331 5586
2333 3289
2333 5766
2335 2738
2335 5718
2337 4879
2337 5358
2339 3305
2340 2608
2342 2405
2342 3919
2343 4560
2344 5197
2345 3826
2345 5546
2346 5781
2346 6242
2347 6055
2348 2442
2348 3285
2348 3507
2349 3514
2351 2862
2351 2863
2351 5524
2352 4082
2353 3302
2354 2674
2354 2929
2354 5553
2356 3389
2357 3990
2357 4938
2357 6160
2358 2778
2359 4081
2360 5872
2361 2637
2361 3538
2361 6098
2362 3885
2362 4797
2364 3686
2364 5909
2366 2523
2368 4323
2369 3833
2369 4890
2369 5206
2369 5462
2372 3083
2372 3216
2372 5779
2373 3205
2373 3475
2373 5644
2375 2466
2375 3701
2375 5824
2376 3717
2376 5059
2377 2888
2377 4129
2377 4715
2379 4568
2379 5198
2380 4816
2380 5168
2381 2950
2381 6098
2382 4556
2382 4919
2385 3884
2386 2809
2387 3257
2388 3944
2388 5898
2389 5379
2389 5994
2390 4529
2390 5331
2392 4804
2392 5609
2393 4953
2394 4292
2394 4349
2394 5954
2394 5991
2394 6119
2395 5301
2396 5086
2397 5554
2398 5899
2399 3223
2399 3353
2401 4460
2401 5946
2402 2443
2403 3607
2404 4929
2404 5148
2405 4906
2406 2447
2406 3349
2406 5693
2407 5961
2407 6245
2409 6143
2410 3209
2412 3675
2412 5569
2414 4696
2416 5328
2418 2543
2418 5844
2419 3459
2419 6185
2420 2815
2421 4954
2422 2724
2423 4322
2424 4171
2425 5334
2426 3242
2427 4752
2427 5409
2428 2574
2428 5427
2429 2755
2429 3515
2432 3866
2432 5919
2435 5457
2436 5635
2437 2566
2438 4229
2438 4428
2439 2642
2439 3786
2440 4043
2441 2769
2441 3056
2445 4307
2445 6134
2447 5635
2448 5388
2449 5131
2450 4232
2450 4924
2450 5545
2451 5031
2453 2469
2453 4209
2454 4672
2455 2957
2455 4060
2456 3448
2457 2609
2457 5029
2457 6124
2458 2636
2458 2664
2458 3118
2459 3041
2459 5312
2460 3433
2461 2696
2461 2842
2461 4867
2461 5272
2462 4106
2463 3621
2464 3371
2465 3516
2466 5978
2467 3326
2467 3476
2469 4303
2470 4978
2471 2484
2471 2910
2471 5223
2472 4315
2473 5335
2474 3759
2475 4000
2476 3567
2478 5126
2480 5463
2480 5996
2481 2540
2482 5813
2483 5326
2484 5405
2485 4359
2485 5340
2486 3545
2486 5221
2487 3541
2488 4105
2488 4662
2488 4845
2490 3811
2490 4535
2491 3248
2491 4205
2491 4883
2493 5111
2495 3482
2496 3267
2496 3380
2497 2525
2497 2780
2499 3647
2500 6188
2501 2617
2501 5618
2501 6149
2502 3640
2503 3316
2504 5163
2504 6173
2505 3107
2505 3880
2506 5099
2506 5925
2507 4766
2508 5665
2508 6132
2509 5328
2509 5956
2510 5760
2511 5983
2512 3696
2513 3754
2514 2942
2514 3587
2514 5739
2515 4757
2515 5738
2516 4484
2517 2700
2518 4461
2518 5572
2519 4495
2519 4981
2521 4099
2522 3772
2526 3335
2526 3347
2526 4716
2528 4919
2528 5517
2529 4532
2529 6150
2532 2975
2532 2980
2532 4299
2533 2666
2534 5546
2535 2786
2535 4731
2537 2569
2538 4360
2538 4453
2539 3756
2539 5220
2540 4768
2541 4290
2542 6059
2543 3152
2543 3860
2544 4675
2545 2636
2546 4541
2546 4759
2546 6242
2547 3306
2547 3632
2548 2678
2549 3425
2550 3764
2551 5923
2553 5707
2554 2838
2555 4296
2555 4535
2556 4331
2556 4577
2557 5839
2558 3851
2558 4061
2558 4325
2558 5977
2559 3561
2560 4018
2561 4438
2561 6118
2562 5860
2563 2919
2563 3864
2563 4394
2564 3983
2566 3979
2566 5570
2567 3018
2567 5144
2570 3435
2571 3250
2571 5264
2572 3854
2573 3458
2575 5167
2575 5173
2576 4842
2576 6113
2577 4937
2577 5537
2578 3606
2579 3539
2579 3796
2579 4945
2579 5400
2580 3224
2580 3342
2580 4109
2580 5038
2581 3053
2584 2731
2585 4646
2585 5775
2586 4189
2586 5161
2587 4739
2587 5211
2588 2613
2590 5812
2591 4386
2591 4416
2591 5120
2592 4809
2593 3959
2594 6053
2596 5255
2596 5652
2597 5937
2600 2822
2601 4748
2603 4691
2604 4674
2606 3871
2606 5621
2607 2835
2607 4552
2608 3262
2609 4112
2610 5714
2611 5067
2612 2758
2614 6039
2614 6078
2616 4951
2616 5217
2618 3195
2618 3868
2619 3303
2619 4153
2620 6017
2621 2847
2621 5527
2623 4986
2623 5754
2623 5932
2624 3373
2624 4335
2625 4152
2625 5473
2625 6203
2626 4222
2627 6176
2628 3044
2630 4729
2631 6034
2631 6065
2632 5675
2633 3261
2633 3282
2633 4736
2633 5670
2634 4750
2634 5786
2636 2832
2638 3942
2638 5991
2640 4255
2640 4954
2644 5384
2644 5953
2646 2715
2647 4431
2648 5869
2649 3661
2651 5646
2653 3367
2653 4163
2655 4180
2656 4461
2657 4043
2657 4363
2659 2811
2661 5189
2662 2698
2663 2997
2663 4224
2664 2688
2664 4234
2665 4324
2666 4410
2668 5918
2669 4527
2670 5231
2670 5636
2670 5950
2672 4966
2672 6069
2673 3615
2674 4091
2675 4917
2675 5883
2676 5675
2677 5074
2678 5877
2679 5528
2680 4823
2680 5180
2680 6015
2681 4380
2682 3948
2682 5561
2683 3051
2684 5188
2685 4078
2686 4830
2687 3201
2690 5353
2691 5092
2692 5452
2693 3041
2693 3187
2693 5266
2694 5493
2694 6105
2698 3165
2699 4790
2700 6161
2701 4141
2701 5179
2702 3334
2703 3197
2703 4333
2703 5085
2704 4500
2704 4698
2706 3810
2707 3923
2707 4273
2708 2883
2708 5004
2708 5139
2711 3976
2711 5458
2711 5696
2712 3948
2712 4153
2712 5548
2713 3676
2715 3172
2715 3608
2715 5328
2715 5481
2717 3274
2718 4444
2719 2954
2719 5196
2720 3570
2720 4822
2721 2990
2722 3977
2722 4239
2723 3867
2724 5984
2724 6066
2725 5957
2726 2775
2726 4177
2726 5423
2727 3012
2728 5877
2728 6198
2729 4232
2732 3791
2732 3962
2733 3991
2734 3595
2735 4266
2736 3690
2736 4910
2737 3674
2738 3059
2738 3865
2739 3200
2740 5821
2741 3204
2741 3892
2746 4750
2747 3648
2747 5292
2749 4607
2751 3047
2751 4058
2751 4589
2752 4137
2752 5975
2754 3869
2756 3569
2757 5246
2758 4827
2759 3461
2759 3732
2759 4068
2760 4343
2760 5396
2765 4503
2766 5373
2767 4375
2768 5174
2768 6011
2770 4312
2770 5911
2771 3500
2771 4754
2772 4119
2773 2917
2773 3271
2774 6147
2775 4931
2776 3005
2776 4810
2776 5893
2778 4663
2778 6014
2779 5495
2780 3805
2781 4408
2782 3523
2782 4912
2783 3539
2784 5808
2785 4323
2785 4463
2786 5655
2789 3230
2789 3352
2790 3725
2790 4124
2791 3191
2794 3986
2795 3226
2796 3685
2797 3323
2797 3460
2798 5960
2799 5256
2800 3373
2802 4992
2806 2936
2806 4233
2807 3604
2807 4272
2808 4926
2808 5710
2809 3557
2809 4300
2810 6186
2811 4612
2811 5434
2813 5235
2814 5345
2815 5835
2816 3483
2817 5518
2817 5935
2819 5225
2819 5288
2821 6081
2822 5189
2823 3468
2823 5913
2826 2947
2827 5467
2828 3913
2828 5135
2829 3379
2830 3493
2830 4371
2831 4341
2832 4640
2832 5870
2836 3628
2836 5665
2837 4964
2838 5010
2839 4664
2843 3291
2843 4436
2844 3211
2844 4600
2845 3577
2845 3607
2846 4942
2848 4639
2849 5745
2850 4878
2851 5709
2852 4904
2853 3917
2853 3946
2854 5553
2855 5767
2856 3052
2857 5712
2860 4208
2860 4576
2862 5460
2863 4066
2866 4404
2866 4642
2867 5642
2868 4571
2869 4546
2871 2887
2872 3789
2872 4896
2873 2900
2874 5911
2875 6021
2876 2954
2876 2976
2877 2925
2877 3462
2878 3394
2880 4215
2882 3473
2882 5630
2884 3340
2884 3648
2886 3639
2887 5121
2889 6154
2890 4435
2892 3308
2893 3188
2893 4032
2894 4912
2895 3055
2900 4871
2901 4470
2901 5638
2902 5393
2903 4072
2904 6065
2905 3505
2906 4799
2908 4047
2910 5083
2911 3609
2911 3883
2912 4479
2913 6093
2914 4998
2916 4805
2917 4465
2917 5085
2918 4354
2921 2955
2921 6107
2923 3025
2924 5552
2924 5832
2925 2940
2926 3304
2926 3921
2926 5267
2927 3474
2927 3921
2927 5439
2928 3659
2928 4846
2929 3869
2929 4536
2930 6158
2931 5821
2932 3629
2933 4317
2933 4848
2934 5362
2935 5733
2937 4396
2937 5261
2938 4326
2940 6214
2941 5382
2942 4976
2942 5548
2943 3506
2943 4620
2944 3492
2945 3361
2945 5149
2947 5818
2948 3894
2949 3535
2949 5068
2952 5018
2953 6209
2954 4418
2954 6225
2954 6234
2955 4733
2955 5935
2959 4124
2960 4558
2962 3905
2962 4006
2962 4178
2963 3731
2963 4210
2963 5042
2964 4223
2964 5648
2965 4751
2966 3302
2966 4648
2967 3155
2967 4298
2968 3481
2969 4128
2970 6201
2974 3256
2974 4998
2975 6007
2977 6094
2979 5540
2979 6107
2981 3726
2982 5723
2983 5008
2983 6117
2984 3327
2985 3065
2985 3543
2985 3745
2986 3488
2986 4777
2986 5612
2987 3703
2987 5372
2987 6025
2988 5929
2991 5318
2992 4625
2993 6029
2994 4622
2998 4769
2999 3441
2999 4097
3001 4789
3003 3190
3004 3723
3005 3090
3006 5377
3007 3750
3007 6011
3008 4870
3009 5286
3011 3794
3012 3981
3013 3800
3014 4326
3015 5365
3016 5498
3017 5843
3018 3472
3019 6047
3019 6128
3020 5206
3022 5683
3022 5758
3023 3346
3023 4100
3023 5498
3024 3461
3025 3375
3026 3078
3026 3438
3026 3797
3026 5633
3030 5376
3031 4386
3035 4832
3035 5744
3036 5633
3036 6077
3037 4705
3037 6159
3038 4735
3038 4850
3039 3101
3040 4064
3040 4613
3040 5020
3040 5711
3041 3147
3042 4689
3043 3245
3044 4796
3045 4944
3047 5090
3047 5759
3048 4672
3048 4972
3049 3714
3053 3679
3053 3816
3054 4971
3055 3693
3057 3569
3057 5837
3060 4012
3061 4785
3062 3252
3062 4243
3063 3912
3063 4361
3064 3593
3064 5885
3065 4848
3066 5689
3067 4190
3067 4201
3067 5417
3068 4269
3068 5353
3068 6109
3069 4484
3069 5671
3070 3460
3070 4449
3073 5603
3074 4993
3075 3149
3075 3874
3076 3321
3076 5938
3079 5747
3080 3502
3080 4321
3082 5003
3082 5204
3082 5596
3085 5194
3086 5216
3087 4617
3088 4310
3089 4277
3090 5140
3091 5252
3092 4608
3093 3762
3094 3996
3095 5507
3097 5227
3098 6080
3099 4975
3099 5398
3100 5423
3101 6006
3102 3868
3103 3475
3105 5418
3106 6080
3107 5596
3108 6087
3109 4976
3111 4336
3112 4376
3115 3418
3115 5488
3116 3310
3116 5354
3117 5156
3120 5151
3121 4710
3124 3374
3124 3522
3125 4434
3125 4889
3126 5034
3126 5955
3128 5577
3129 3338
3130 5718
3131 4249
3132 3234
3132 4011
3132 4838
3133 5012
3133 5136
3134 5150
3135 3782
3135 4332
3136 3657
3136 6051
3137 4208
3138 4684
3139 4440
3139 4520
3139 4935
3141 4492
3142 3918
3144 4226
3144 5222
3146 3904
3147 4945
3148 4642
3149 3831
3149 4102
3149 5725
3150 3557
3150 5628
3152 4517
3153 4195
3154 3342
3154 4047
3155 4003
3156 3429
3157 4088
3158 4792
3160 3404
3162 5029
3164 4699
3166 5066
3166 5557
3167 4203
3168 5733
3169 4478
3171 5779
3175 3180
3176 4576
3178 5798
3179 5208
3180 4591
3181 4565
3185 6106
3186 4807
3187 3300
3190 4758
3191 3272
3191 4166
3192 3396
3192 5724
3195 3295
3196 6042
3199 4043
3200 4067
3200 4194
3202 5263
3202 5559
3202 5817
3203 3721
3203 4958
3206 5321
3209 3362
3210 5958
3212 3804
3212 4045
3212 4661
3215 3253
3216 4009
3217 3829
3219 4432
3219 5611
3220 3744
3220 4272
3220 4552
3220 5047
3221 3402
3221 4263
3222 4790
3223 4084
3223 5716
3225 4455
3225 5783
3226 4159
3226 4611
3227 4491
3228 4110
3229 4177
3230 3554
3231 4755
3232 4466
3235 4024
3236 3732
3237 3238
3237 5339
3237 5913
3239 4335
3241 4801
3242 3986
3243 5720
3244 5106
3244 5501
3245 3615
3247 5972
3249 3491
3249 5384
3250 3808
3250 4033
3251 3504
3253 4670
3253 5024
3254 3643
3255 4950
3255 6179
3256 4900
3258 4923
3258 5350
3259 3477
3262 5398
3263 5617
3267 3792
3267 4293
3267 5302
3267 5903
3270 5262
3271 4623
3272 3618
3272 3982
3272 4186
3273 4090
3274 4712
3276 6152
3280 4495
3281 4017
3283 4458
3284 3813
3284 4252
3286 4550
3287 5653
3289 3766
3289 4365
3289 5350
3290 6159
3291 4092
3292 5262
3292 6207
3293 3808
3294 4513
3294 5814
3295 3759
3295 5734
3295 5857
3296 3841
3297 3662
3298 3404
3299 4138
3301 4052
3301 5899
3304 5427
3305 3723
3308 5659
3309 5368
3309 6089
3310 3829
3310 4233
3311 5413
3311 6111
3312 5890
3314 4081
3315 4545
3316 3498
3317 5520
3320 5317
3321 4711
3322 4626
3322 4945
3322 6004
3324 3659
3324 4448
3326 5683
3328 5982
3330 4345
3332 3625
3332 3764
3333 5890
3337 5056
3337 5452
3341 5155
3341 5442
3342 5910
3343 4316
3343 4820
3344 4080
3347 3974
3348 5053
3349 4328
3353 5398
3355 5374
3356 3833
3357 5321
3358 4770
3359 3864
3359 5659
3360 4819
3361 4718
3363 3465
3364 5399
3365 5893
3366 4339
3369 6128
3370 4423
3371 4441
3372 4388
3374 4572
3377 5193
3378 3876
3380 6061
3382 3749
3383 5236
3383 5580
3384 5207
3386 5205
3390 3845
3391 5202
3392 5092
3393 3923
3396 3904
3396 5648
3397 4047
3398 3417
3398 3815
3398 5675
3398 6171
3399 4620
3400 4015
3400 6066
3401 3795
3401 3877
3402 5374
3403 4509
3404 4876
3404 6133
3407 3537
3408 4381
3408 5202
3409 5816
3410 4538
3411 6249
3412 3458
3413 5968
3414 5362
3415 5682
3416 4221
3417 4602
3418 5479
3420 4281
3421 6052
3423 5313
3424 5401
3424 6213
3426 4720
3426 5423
3427 4895
3427 5468
3428 5639
3432 3444
3434 4869
3437 6022
3437 6176
3438 4343
3439 4201
3439 5503
3441 3972
3441 4473
3444 3588
3445 4866
3446 5766
3447 6242
3448 3660
3449 4383
3450 5052
3451 4243
3451 4780
3453 4274
3453 5057
3454 3524
3454 3589
3456 5299
3457 5074
3458 4182
3459 6046
3459 6151
3464 3906
3466 3887
3467 5462
3467 6216
3470 4679
3470 5104
3470 5276
3472 3584
3476 5192
3478 4614
3478 5034
3479 3618
3479 4857
3481 4526
3482 4738
3482 5367
3483 4184
3484 3498
3485 5270
3486 5359
3487 3928
3487 4523
3488 5053
3489 4338
3489 4790
3493 4566
3494 5429
3495 5310
3496 4936
3496 5169
3497 4120
3497 4823
3498 6052
3498 6071
3499 5971
3500 4829
3501 4035
3501 5882
3502 6170
3503 3657
3504 5461
3506 4479
3507 3637
3507 4154
3508 4525
3509 3906
3510 5790
3510 6116
3512 3739
3512 4648
3513 5423
3514 4548
3515 4655
3516 5035
3517 5065
3518 5230
3519 5674
3521 3777
3521 5579
3522 5088
3524 5280
3525 4277
3526 3638
3526 4932
3527 4567
3528 5975
3529 4272
3529 5726
3530 5345
3530 5960
3531 4035
3532 5632
3534 4932
3535 5070
3536 5077
3536 5300
3536 5662
3540 5061
3541 4907
3545 4530
3546 3616
3547 6070
3548 5237
3550 4552
3550 6220
3551 4536
3552 4775
3553 4746
3555 5052
3555 5590
3556 3783
3558 5206
3560 4163
3563 6125
3564 4182
3565 3717
3565 5415
3565 5502
3566 6110
3567 4464
3569 4771
3569 6057
3571 4553
3573 4369
3574 4391
3574 4469
3574 4722
3575 4980
3579 5383
3579 5393
3580 4005
3580 4451
3580 5733
3582 5046
3582 5524
3583 3767
3583 4695
3586 5906
3588 4011
3590 5677
3591 4262
3592 3763
3593 3687
3593 4508
3593 4921
3594 5197
3594 5389
3594 5893
3595 4393
3596 3729
3596 6104
3598 4810
3599 5847
3602 5301
3603 4092
3604 3747
3604 3807
3605 5592
3606 4762
3607 3678
3607 5595
3611 4404
3611 5108
3613 3941
3614 4867
3615 4369
3616 4856
3622 3734
3622 4825
3622 6128
3623 3972
3624 5521
3625 4853
3626 4198
3627 3892
3629 3729
3629 6081
3630 6245
3632 5637
3633 4510
3634 6093
3635 4250
3636 4740
3638 4617
3639 3644
3639 5118
3640 5447
3641 3748
3641 5639
3642 4376
3644 3838
3647 6200
3649 4907
3650 4366
3650 5151
3650 5166
3651 3730
3651 5551
3651 5691
3652 4355
3653 4148
3655 6236
3656 4170
3656 4887
3656 4952
3656 4994
3659 5906
3660 5996
3661 3745
3661 5124
3662 5998
3665 5726
3666 5660
3667 4037
3667 4074
3668 4262
3668 4642
3669 4117
3669 4902
3670 5224
3671 5589
3676 4910
3678 3743
3680 5853
3681 5004
3681 6188
3685 3811
3690 5096
3691 4565
3691 5283
3693 4553
3694 3785
3694 5307
3695 3902
3702 4592
3703 5828
3704 4095
3705 4021
3706 3925
3707 5849
3708 5209
3709 5904
3710 5376
3712 4631
3713 6211
3717 4863
3718 4608
3718 5813
3718 6075
3719 6229
3721 3876
3722 4950
3723 5989
3724 4406
3724 6154
3725 4136
3726 6000
3727 4518
3728 4002
3728 6166
3729 5124
3730 4839
3731 4182
3732 4724
3732 5696
3733 3910
3735 5866
3736 4037
3739 5023
3739 5254
3741 4424
3744 5078
3748 3799
3751 5956
3752 4059
3754 3768
3754 5353
3755 5735
3756 5338
3758 4488
3759 3986
3759 6193
3760 3938
3760 5760
3760 5860
3761 5203
3762 5434
3763 4943
3763 5862
3764 4649
3767 4563
3768 5363
3770 5796
3771 5317
3772 4696
3773 4609
3774 4682
3775 5791
3776 5006
3777 6072
3778 5317
3779 5165
3780 4539
3780 5388
3787 4508
3788 5075
3791 5784
3793 4232
3793 4860
3797 5988
3799 6053
3802 4565
3803 5278
3803 6062
3804 3985
3805 5801
3808 4378
3810 4798
3814 4568
3815 5701
3816 4318
3817 4041
3817 4485
3817 6224
3819 4207
3820 4095
3821 6121
3823 4477
3824 4129
3824 5490
3825 3867
3825 4093
3826 5257
3827 6083
3828 4220
3830 5273
3835 4938
3837 5600
3837 5872
3839 4961
3840 3995
3841 4555
3841 5241
3841 5306
3841 6049
3842 4601
3842 4694
3842 6097
3844 3942
3844 5441
3846 4518
3848 3923
3850 4855
3850 4935
3851 5192
3852 6227
3853 5250
3855 5030
3856 5635
3858 4764
3859 4751
3859 4910
3860 4909
3861 4772
3862 4851
3862 5692
3863 4876
3864 5377
3864 5399
3867 4295
3879 4386
3879 6094
3880 5598
3882 4798
3885 5628
3885 5643
3886 5534
3889 4689
3890 4854
3892 5362
3900 5702
3901 3902
3901 5541
3902 5069
3902 5764
3902 5789
3903 5650
3904 4224
3905 5188
3906 4845
3907 5342
3908 4420
3909 4169
3909 5656
3911 6070
3912 4792
3915 5087
3915 5788
3918 5787
3923 4174
3924 4918
3925 4480
3926 4644
3927 4897
3927 5783
3928 5079
3929 4822
3930 5740
3931 4065
3932 5342
3933 5338
3935 5142
3936 5247
3937 5825
3938 4069
3939 5890
3940 5113
3943 5922
3945 5774
3946 5418
3947 4973
3947 5840
3948 4482
3948 5045
3949 4593
3949 6080
3951 4810
3952 4820
3956 4707
3957 4117
3957 5983
3958 5839
3961 4881
3961 5432
3965 4429
3965 5634
3967 6019
3968 5570
3970 4581
3973 4995
3975 5196
3975 5746
3978 4506
3979 4042
3979 5804
3981 4686
3983 4040
3983 5050
3984 5490
3985 4033
3985 5544
3986 6197
3987 4147
3987 4906
3987 5359
3989 5965
3990 5532
3991 4083
3993 5633
3994 5558
3996 5841
3997 4093
3998 5347
4000 5818
4001 4554
4001 5651
4001 5782
4005 5555
4006 5909
4007 6059
4008 4283
4008 5046
4009 4923
4010 4725
4010 5796
4016 5745
4017 5316
4018 5095
4019 5307
4019 5309
4019 6130
4020 5154
4021 5285
4023 5877
4025 4092
4025 5009
4026 4166
4027 5470
4029 4985
4029 5351
4030 4142
4030 5477
4031 4337
4031 4469
4032 6249
4034 4427
4034 4752
4034 5629
4035 4447
4035 5485
4036 6246
4037 5975
4039 4480
4040 4448
4042 4794
4043 4420
4043 5644
4044 5081
4048 4492
4048 5178
4049 5763
4049 5809
4050 4712
4051 5189
4052 6010
4053 4445
4053 5984
4054 5166
4055 4349
4057 4598
4058 6061
4059 4859
4060 5685
4062 5849
4063 5655
4069 5731
4073 5771
4073 6010
4076 5869
4077 4680
4078 4101
4079 5363
4080 4549
4080 4914
4081 4995
4082 4493
4082 5503
4085 4584
4087 4947
4089 4823
4089 5722
4093 4602
4094 5581
4094 6139
4094 6190
4096 5865
4098 4934
4100 6160
4102 4883
4103 4886
4105 4393
4105 4395
4108 5554
4110 4213
4112 4275
4113 5438
4115 5581
4117 4708
4118 4266
4119 4459
4120 5519
4121 5619
4122 5256
4123 4164
4126 4212
4127 4953
4128 4133
4130 5593
4131 4451
4131 4753
4131 5815
4134 4855
4134 5268
4138 4819
4138 6041
4140 4976
4140 5355
4142 4499
4143 5333
4144 5783
4145 5420
4146 4275
4149 5901
4150 5899
4151 5390
4152 5260
4152 5430
4154 5138
4156 4585
4156 5470
4156 5911
4158 4221
4158 4423
4160 6103
4161 5589
4164 4386
4167 5718
4168 5033
4168 6130
4171 5509
4172 5918
4173 5906
4177 5076
4180 4633
4180 4929
4183 4706
4183 4859
4187 5566
4188 6022
4191 4641
4191 5537
4193 4973
4195 4913
4196 5168
4196 5660
4200 4569
4200 5793
4203 5344
4203 5769
4206 5847
4207 6040
4215 5170
4217 4792
4217 5259
4218 4707
4221 4826
4223 5814
4227 4976
4233 5111
4233 5820
4236 6101
4237 5177
4237 6074
4238 6187
4239 5208
4240 4677
4241 5762
4241 6029
4250 6035
4254 4472
4254 4689
4256 4922
4257 5269
4259 4961
4261 5475
4263 6198
4266 4889
4267 4620
4270 5698
4276 5278
4276 5348
4277 6158
4278 5589
4280 5081
4282 4528
4288 6156
4289 4779
4289 6073
4294 4950
4294 5669
4294 6194
4297 5704
4298 6008
4301 5480
4302 5946
4304 4598
4304 5587
4305 4976
4307 5381
4308 5973
4310 5461
4319 5891
4322 5601
4323 5497
4324 5151
4330 4624
4330 4801
4332 4757
4333 4476
4334 4587
4334 5491
4335 5076
4342 4355
4343 5024
4345 4784
4350 4463
4350 6126
4352 4369
4352 4555
4352 5146
4353 5152
4354 5976
4356 4814
4356 5850
4356 6137
4358 6198
4363 4578
4363 4776
4364 4747
4364 5738
4367 5392
4370 5707
4371 5971
4374 4471
4374 5995
4377 6218
4384 5394
4385 4535
4387 4498
4387 5410
4389 5814
4390 4744
4391 5578
4392 5240
4394 5325
4394 6056
4400 5836
4401 5469
4402 5809
4403 6058
4410 5982
4412 5511
4413 4686
4413 4791
4414 5625
4419 5920
4420 4619
4422 5430
4423 5440
4424 4746
4425 4467
4426 5444
4427 4521
4428 4786
4429 5583
4429 5992
4431 6058
4433 5900
4437 4839
4437 6124
4439 5952
4440 6165
4441 5422
4443 5528
4444 4527
4445 4636
4450 4945
4452 5716
4455 5838
4457 4637
4457 4854
4458 4731
4459 4902
4460 4998
4462 5859
4464 5777
4464 6223
4466 5581
4467 6005
4467 6232
4468 4940
4472 4937
4472 5375
4476 4725
4477 4916
4478 5039
4480 5706
4481 4756
4482 5986
4488 5895
4489 5184
4492 4760
4494 6054
4498 4713
4503 5594
4509 5163
4510 4657
4513 6187
4522 6179
4523 6043
4524 4575
4524 5627
4525 6184
4531 5613
4533 5975
4533 6145
4541 4842
4541 5520
4542 5339
4548 5064
4551 4960
4552 6213
4553 5107
4554 6069
4555 5757
4558 5352
4558 5955
4559 5561
4564 5106
4565 5792
4570 4909
4579 5647
4583 5522
4584 5517
4584 5694
4586 5434
4591 5212
4592 4774
4594 5054
4595 5577
4597 5927
4603 4606
4604 4726
4607 5861
4608 5812
4609 5446
4609 5761
4611 6241
4616 5962
4622 4892
4622 5229
4624 5030
4625 6046
4627 5225
4628 5019
4629 4726
4629 4865
4630 4772
4634 6026
4635 4808
4637 5493
4637 6124
4638 5539
4638 6082
4641 5080
4643 5669
4643 5943
4644 5476
4647 4757
4651 5068
4652 5657
4653 5133
4654 5295
4656 5265
4656 5605
4656 5837
4659 5373
4659 5914
4660 4975
4661 5603
4662 4982
4665 4702
4666 6065
4667 5830
4668 4780
4672 5939
4673 5770
4674 4975
4675 4824
4676 4856
4677 5912
4678 4864
4678 5215
4681 5011
4682 5295
4685 5055
4685 5881
4686 5752
4689 5765
4691 5160
4691 5818
4692 5592
4695 5200
4695 5509
4695 6060
4696 5851
4696 6091
4699 5329
4701 4813
4702 5097
4702 5657
4702 5769
4703 5279
4708 6239
4709 5582
4710 5572
4717 5641
4718 5871
4723 6002
4730 5798
4731 5923
4732 5081
4735 5248
4735 5523
4737 4866
4741 5931
4743 5740
4743 5798
4744 5664
4746 5335
4753 5425
4753 6205
4755 5245
4758 5604
4761 4777
4770 5873
4770 6093
4771 4844
4772 4822
4773 6119
4773 6244
4781 5403
4781 5732
4785 5347
4787 4788
4789 5666
4789 6169
4792 5530
4795 5894
4799 4830
4803 4817
4803 4868
4805 5113
4808 5879
4812 6112
4814 5099
4815 5788
4816 6155
4818 5967
4821 5710
4824 5297
4828 5730
4833 6178
4834 6188
4836 6167
4838 5806
4839 5581
4840 5485
4840 5642
4852 5857
4855 5330
4855 5585
4858 5269
4860 5276
4860 5708
4862 5530
4865 5886
4867 5995
4874 5947
4875 4888
4877 5522
4878 5106
4880 5596
4881 5011
4881 5137
4881 5238
4882 5893
4884 5793
4886 6067
4891 5742
4895 5687
4903 4987
4904 5796
4905 5420
4907 5931
4913 5582
4914 4928
4915 4970
4918 5116
4920 5251
4930 5397
4933 5502
4935 5565
4939 6104
4942 5705
4943 5555
4943 6217
4944 5150
4946 5309
4950 5019
4950 5547
4950 6162
4955 5325
4959 5752
4959 5962
4960 5084
4961 5331
4962 5246
4962 5799
4965 5623
4965 5830
4969 5489
4970 4978
4972 6019
4981 5190
4983 6064
4984 5794
4986 5688
4986 6029
4987 5491
4988 5547
4989 5909
4990 5739
4997 5020
5000 5248
5002 5172
5003 5405
5003 5875
5007 6212
5009 5772
5010 5223
5013 6082
5014 5732
5017 5318
5018 6030
5019 5349
5022 5756
5025 5111
5026 5250
5027 6192
5028 5388
5031 5045
5036 5773
5045 5291
5045 6057
5051 5253
5052 5357
5052 5671
5054 5432
5058 6070
5062 5680
5065 6099
5066 5244
5066 5911
5067 6166
5074 6013
5079 5421
5092 5643
5094 5120
5098 5816
5100 5238
5103 5442
5103 6103
5105 5926
5106 5267
5109 6214
5114 5855
5115 5856
5116 6063
5121 6102
5123 5980
5125 5759
5128 5184
5132 5882
5136 5829
5141 6133
5146 6092
5147 6073
5151 5963
5152 5715
5157 5679
5158 5752
5159 5536
5162 5186
5168 5408
5168 5858
5172 6038
5175 5309
5183 6086
5191 5667
5192 5250
5192 5443
5193 5558
5199 5920
5203 5769
5208 5681
5221 5909
5222 5551
5229 5832
5231 6017
5232 5915
5237 5747
5237 5969
5242 6022
5244 5487
5244 5629
5253 6220
5255 5797
5256 6175
5258 5632
5258 6152
5267 6108
5268 6227
5274 5957
5275 5380
5282 5925
5288 5465
5294 5923
5301 5682
5302 6192
5303 5341
5303 5843
5305 5445
5320 5348
5323 5620
5325 5753
5343 5951
5344 5686
5359 5534
5359 6206
5366 5404
5369 6079
5370 5537
5371 5576
5371 5706
5375 5631
5378 6074
5391 6176
5395 5478
5395 5646
5409 6081
5410 6235
5413 6001
5414 5611
5422 6121
5424 5921
5427 5513
5428 6037
5432 5450
5433 5947
5435 5811
5435 6222
5451 5654
5452 5556
5455 5755
5463 5985
5467 5604
5468 5802
5469 5495
5471 5584
5474 5982
5476 5500
5484 5524
5486 5511
5497 6237
5498 5640
5501 5938
5503 5799
5505 6248
5506 5521
5507 5675
5510 5575
5514 6014
5521 5767
5529 5801
5535 6063
5538 5945
5538 6031
5556 5580
5556 6095
5561 6018
5561 6127
5571 5719
5573 6015
5590 5891
5597 5942
5602 5795
5604 6117
5607 5951
5609 6224
5617 6007
5621 5801
5625 5785
5644 5826
5646 6050
5650 5778
5654 6215
5671 5848
5673 5709
5673 6083
5680 6202
5681 5988
5713 6143
5727 5838
5730 5997
5731 6051
5742 6131
5743 5888
5744 5993
5748 5958
5758 5827
5759 5811
5774 5941
5785 6078
5803 5924
5821 6196
5844 5922
5852 6017
5853 5955
5854 6075
5855 6037
5868 5983
5884 5930
5887 6158
5890 6240
5896 6230
5915 5990
5916 5966
5936 6098
5938 6144
5949 5989
5954 6247
5965 6036
5973 6203
5979 6184
5981 6210
5995 6026
6005 6180
6012 6199
6025 6138
6056 6141
6079 6156
6082 6169
6140 6161
6142 6147
6160 6202