6250
0 196
1 207
1 3771
1 5194
2 1961
2 4038
2 4883
3 142
3 5555
4 2030
4 2616
4 2814
4 4055
4 5683
5 2737
5 3793
6 2511
7 58
7 153
7 3660
8 3708
8 5779
9 668
9 4376
10 2152
10 2318
10 5323
11 600
11 2051
11 2281
12 248
12 1764
12 2798
12 5294
13 2832
14 587
14 1423
15 1591
16 1006
16 4722
17 2192
18 1024
19 1777
19 5130
20 1501
20 5698
21 577
21 4957
22 3093
22 4262
23 5878
24 2050
24 5956
25 3935
26 103
26 3819
27 5395
28 4041
28 4085
29 2535
30 1186
30 2592
31 105
31 3097
32 5694
33 4635
33 5236
34 698
35 4445
36 1069
36 4009
37 3899
38 1279
39 3972
40 5695
41 1268
41 2505
42 395
42 3538
43 4279
43 6080
44 3380
45 162
45 265
45 555
45 1958
46 3401
46 4583
47 1635
48 1237
49 751
49 2749
49 2787
49 5636
50 507
50 2657
50 3310
51 1459
51 4106
52 1471
52 1547
52 2426
53 953
54 819
54 1377
55 1255
55 1947
56 4241
57 411
57 3906
58 1442
59 4864
60 1838
60 1965
60 5512
61 2802
61 3376
62 5035
62 5286
63 1005
63 4787
64 668
64 1364
64 2896
65 1208
66 869
66 4796
67 4980
68 271
68 3587
68 4609
68 5809
69 321
70 738
70 5850
71 1716
72 276
72 2057
72 5172
73 439
73 1193
73 2233
73 3085
73 4915
74 228
74 436
74 919
75 1262
75 2554
75 2789
75 4803
76 3203
76 3867
77 2343
77 6067
78 696
78 1054
79 104
79 4334
80 3057
80 5295
81 3216
82 4810
82 5626
83 5436
83 5979
83 6000
84 2728
85 1188
85 4513
85 5527
86 5649
87 713
88 379
88 1531
88 2532
88 3208
89 5324
89 5532
90 3278
90 5325
90 5802
91 294
92 1346
92 2895
92 4871
92 5414
93 2321
93 4436
93 5913
94 4804
94 4834
95 971
95 2374
96 372
97 1435
97 5119
98 1465
99 268
99 1145
99 1366
99 4580
100 2048
100 4888
101 2600
101 2629
101 2704
102 4181
102 4778
102 5082
103 808
104 1850
104 2773
104 3372
106 2947
107 1613
107 1772
107 5310
107 5388
108 2546
108 4418
109 1480
109 4129
110 3460
110 3496
110 4340
111 4433
112 3400
113 5000
113 5599
114 388
114 3613
114 3869
114 4227
115 1820
115 5911
116 2141
117 1362
118 3971
118 6037
119 5119
120 1579
120 2422
120 5607
121 4071
121 4604
121 5321
122 1682
122 2389
123 6159
124 1318
124 2041
124 5479
124 5590
125 431
125 4128
125 4820
126 1467
126 3954
126 5068
126 5371
127 893
128 1011
128 1856
128 4095
129 4473
129 5863
130 1619
130 5471
130 5807
131 308
131 1749
131 2765
132 5952
133 1541
134 219
134 4489
135 2402
135 4685
136 814
136 859
137 3490
137 4850
138 2554
138 4062
139 1893
140 2184
140 5642
141 3370
142 3513
143 1923
143 4847
143 4910
144 2679
145 342
145 4392
146 1059
146 4634
147 1555
147 3608
147 4979
147 5966
148 1708
149 4047
150 2702
150 4897
150 5639
151 1615
151 4471
151 5987
152 2661
152 2969
154 5726
155 1891
156 2774
156 2863
156 6111
157 2224
157 5020
158 1169
158 5441
159 2150
160 5066
161 545
161 2751
162 4064
163 3740
163 4924
164 3244
165 3093
166 4061
166 4536
167 5096
168 2892
168 3637
168 5463
168 6128
169 519
170 5357
171 964
171 1260
171 4402
172 3236
173 3134
174 1023
174 4065
174 4208
175 3140
175 3618
175 3693
176 4049
176 5537
177 3247
177 6237
178 668
178 2854
178 5250
179 2937
179 5618
180 1889
180 4392
181 2650
181 2805
182 3375
183 2352
184 1994
184 5566
184 5874
185 1210
185 3886
185 6153
186 3305
186 5002
187 3363
187 5628
187 5684
188 307
188 4251
189 2255
190 544
191 5678
192 4644
192 4851
193 953
193 3170
193 4353
193 5752
194 2064
195 2252
195 2302
196 3451
196 5953
197 3602
197 4922
197 5870
198 414
198 480
199 1882
199 3802
199 4658
200 491
200 1325
201 516
201 5438
202 480
202 642
202 1303
202 2349
202 2589
203 2217
204 882
204 3631
205 2396
206 710
206 3616
207 1283
207 1581
207 2383
207 3179
207 3571
207 4464
208 4232
209 764
209 1022
209 3531
210 3737
210 3760
210 3808
211 4669
211 4784
212 2856
213 1072
214 6187
215 2054
215 2714
215 3846
215 6152
216 3738
216 4538
216 5733
217 647
218 4493
219 3118
220 3394
221 2470
221 3442
221 3456
222 596
222 2752
222 3249
223 2601
223 3386
223 4469
224 624
225 278
225 1723
226 2118
227 3400
228 365
228 5321
229 682
229 2746
229 3975
229 5704
230 2740
230 2945
230 5167
230 5486
231 1087
232 1162
232 1379
232 3610
233 2264
233 5693
233 6107
234 1381
235 3562
236 2035
236 3154
237 3278
238 858
238 3272
238 4932
238 5805
239 1214
239 1469
239 1636
239 4239
240 1001
240 2234
240 2915
240 3452
241 459
241 2902
241 5947
242 648
242 980
242 5053
242 5536
243 5902
244 1091
244 3327
244 4677
244 5774
245 978
245 5397
246 4146
247 1518
249 5102
250 722
250 4124
251 5331
252 2274
253 3981
254 3074
254 4087
254 5366
255 1373
255 5452
256 1709
256 1956
256 4718
257 893
258 617
258 876
258 1257
258 3142
258 3185
259 2289
259 5278
260 2947
261 1786
261 4599
262 2018
262 2841
262 6120
263 6017
264 6159
265 4013
266 5214
267 3576
268 1921
269 5858
270 2618
271 937
272 1450
273 653
273 5338
274 2058
274 3267
275 2716
275 3551
276 1155
276 5238
277 3705
278 1240
279 2657
279 3617
280 1392
280 1461
280 2368
280 2768
281 3171
282 3810
282 5263
283 776
283 3046
284 5149
285 1219
285 2160
285 2917
285 4737
285 5393
286 3028
287 3192
288 2531
289 4747
290 2588
290 4175
291 1015
291 3453
292 2445
292 4137
293 2653
293 3519
293 6217
294 748
294 3631
295 1405
295 2758
295 3102
296 952
296 5760
297 3900
297 5181
298 2225
298 3168
299 909
299 4001
299 4317
300 645
300 2720
300 4800
300 5349
301 4786
301 5530
301 5787
302 1160
302 2136
303 2892
304 1766
304 1861
304 5384
305 3633
306 1943
307 3998
307 6213
308 1028
309 2699
310 2672
311 1304
311 3616
311 5187
312 6105
313 3454
314 5157
315 338
315 2311
316 468
316 4203
317 5851
318 2615
319 1125
319 2457
320 725
320 1803
320 3917
321 1494
321 2096
321 5412
322 5827
323 1526
323 4300
324 2443
324 5100
324 5906
325 522
325 3461
326 3626
327 5736
328 4875
329 2977
329 4743
330 2844
330 5099
331 3238
332 1758
332 3990
332 5174
333 3963
333 4775
334 1839
334 1909
335 473
336 4304
336 6247
337 4817
338 5329
339 2479
339 6153
340 4782
341 2027
341 3684
342 905
342 5890
343 416
344 2027
344 5701
345 5593
346 4320
347 5661
348 917
348 1148
348 1276
349 2942
350 1750
350 2210
350 2920
351 3951
351 5687
352 553
352 3972
352 4213
352 5591
353 3996
354 1813
354 4404
354 4422
355 1900
356 1578
356 3264
357 1560
357 3548
357 3724
357 4699
357 6006
357 6160
358 1978
358 2629
358 3840
359 2951
359 3060
360 1128
360 1420
360 4759
361 916
362 798
362 3670
363 2256
363 3575
364 1153
364 2507
364 6192
365 1959
365 2477
366 2214
366 5658
367 516
368 5214
369 3491
369 4030
370 629
370 1111
371 2973
371 5904
372 5647
372 5989
373 1571
373 1713
373 2596
373 4033
373 4287
374 1206
374 4248
375 3225
376 893
376 4966
376 5857
377 4960
378 4153
378 4648
380 2428
380 2558
380 5583
381 3765
382 5748
383 2163
383 2611
383 3158
384 4059
385 592
385 2036
385 6140
386 1408
387 2610
388 5712
388 6143
389 1312
389 3448
389 5131
390 4144
390 4811
391 1848
391 4521
392 1077
392 4667
393 537
394 5255
395 2583
395 4565
396 3957
397 1564
397 1608
397 4163
398 5106
398 5427
399 2749
399 5070
399 5108
400 499
401 6015
402 972
402 2325
402 4382
403 4423
403 5142
404 1436
404 2337
405 5740
406 4281
407 3708
407 3948
408 688
408 1700
409 5307
410 2355
410 4713
410 5475
410 6006
411 1105
411 2801
412 1075
412 4354
412 5716
413 3568
414 2918
415 2270
416 3305
416 3860
416 4332
417 1121
417 1447
418 4769
418 4907
419 5632
420 2318
421 4179
422 4513
422 5488
423 3783
423 3960
423 5964
424 2280
425 4087
425 4454
426 5634
427 3511
428 1457
428 4373
428 4769
429 5180
430 649
430 1899
431 5230
432 2431
432 3602
432 4157
433 2486
433 4204
433 5964
434 6083
435 1675
435 2279
435 5988
436 5283
437 4842
438 5208
440 2585
441 4386
442 2694
443 910
443 2177
443 2687
443 3987
444 3546
444 5650
445 1343
446 1253
447 2484
447 3439
448 2885
449 456
450 1231
450 1610
451 2091
451 2840
452 3843
452 5527
452 6237
453 3596
453 6018
454 3582
454 6054
455 1430
455 4263
456 512
456 1216
457 1852
457 4703
457 5919
458 1076
458 5064
458 5917
460 3514
460 5742
461 2144
461 6177
462 6032
463 872
463 3010
464 847
464 1932
464 5321
465 3234
465 4843
466 4884
467 2411
467 3676
468 4736
469 2898
469 4563
470 1063
470 3243
470 6194
471 4210
471 4903
472 4999
473 4479
474 1279
474 3918
474 5123
475 3967
476 774
476 1657
476 2882
477 2634
477 2724
477 3400
478 3138
478 6055
479 3330
479 4718
479 6209
480 4618
481 513
481 3027
481 3049
482 891
482 2462
482 2990
482 6101
483 4112
484 3012
485 2836
486 5742
486 6214
487 4154
488 2029
488 2712
489 5205
490 1368
490 4721
492 5718
493 4350
493 4872
494 2598
494 2750
494 4783
495 1971
496 1102
496 3842
496 4848
496 5745
497 3236
497 5458
498 1777
498 5132
498 5175
499 1980
499 2125
500 1621
500 5141
501 4593
502 2712
502 3761
502 4569
503 2846
503 5941
504 3149
505 2879
506 3093
506 5601
507 1215
507 5670
508 1498
509 2894
509 3791
509 3994
509 4707
510 1323
510 1703
510 3980
510 6123
511 900
511 2261
511 3190
512 834
512 2107
514 6192
515 2155
516 1197
517 1985
517 4745
518 1278
518 3463
519 4953
520 1762
520 2589
521 1490
521 1556
522 5578
523 1061
524 565
525 3963
525 5832
526 3863
527 2399
528 3105
529 3608
530 5943
531 2526
531 4197
531 5956
532 3629
532 5408
533 6163
534 2744
534 5485
535 4681
536 2172
536 3728
537 1562
537 3295
537 6201
538 1844
538 2502
539 647
539 650
540 4311
540 5851
541 2021
541 2811
542 3969
543 1946
543 2819
544 3550
545 2997
545 3192
546 1198
546 5706
547 4432
548 959
548 976
548 3023
549 1470
549 4343
550 2363
550 3070
551 1329
551 4212
551 4438
552 868
553 1407
554 692
554 963
555 2819
555 5293
555 5603
556 3373
557 2901
557 3578
557 4277
558 6055
559 800
560 4185
560 4994
561 1606
562 1632
562 2117
563 5867
564 3946
565 2931
565 3126
565 3340
566 3212
567 5625
568 3715
569 1288
569 2984
569 3265
570 2104
571 1435
572 814
572 1606
572 2495
573 1181
573 3420
574 3592
574 5201
575 585
575 1672
576 1283
576 3281
577 1599
577 1966
578 5122
578 6074
578 6174
579 841
579 2222
580 2153
580 3521
580 4089
581 2147
581 5925
582 3526
583 5166
584 4609
585 2448
586 5013
588 1407
589 4213
590 769
590 5565
591 4034
593 2271
593 2372
593 6124
594 812
594 4219
594 5632
594 5994
595 1688
595 4829
596 1141
597 3231
598 2403
599 1674
599 4313
599 5234
599 6062
601 4355
602 894
602 3947
603 3104
603 3151
604 4189
605 4145
606 4029
607 2527
607 6096
608 2572
608 5416
608 5667
609 2566
609 3617
610 2272
610 4457
610 5206
610 5544
611 1652
611 1717
611 2324
611 5424
612 1548
612 1569
612 2523
612 3336
612 5565
613 717
613 1530
613 1880
613 1954
614 2789
615 970
615 2137
616 6196
617 1852
618 3120
618 4023
619 3022
619 3945
620 1012
621 2194
622 4546
623 2992
623 3156
624 1053
624 1948
625 1854
625 2706
625 4454
626 910
626 2098
626 6219
627 969
627 5903
628 3692
628 4961
628 5856
629 723
629 4394
630 1013
630 2808
631 1228
632 4272
633 2876
634 3255
635 5482
636 5084
636 5956
637 2451
637 5554
638 1554
638 2483
639 4381
640 714
640 5106
641 2787
642 3932
643 3687
643 4410
644 1896
644 2935
644 4234
645 2302
645 4685
645 4798
645 5358
646 2286
646 3425
647 686
648 2354
648 4095
649 1255
649 1621
649 4341
650 4968
651 1989
652 1559
652 4232
654 1658
655 1130
655 1333
655 2924
656 4202
657 3202
657 4545
657 5490
657 5696
658 854
658 5723
658 5872
658 6199
659 2188
660 5466
660 5830
661 4176
662 3159
663 3254
663 3406
664 5466
665 1444
666 695
666 1495
666 3849
667 2883
667 5206
668 5812
668 5905
669 1951
670 1976
670 5122
671 1019
671 1114
671 2337
672 2669
672 3031
673 2448
674 1212
674 6043
675 5861
676 2243
677 2743
678 1231
678 5738
679 2977
680 1634
681 3152
681 3508
681 4901
682 3928
683 3643
683 4300
683 5035
683 5335
684 1578
685 841
685 1174
685 1768
685 3033
686 5971
687 4364
688 2328
688 5631
689 2953
689 3351
690 3636
690 5587
691 3278
693 1559
693 2737
693 3785
694 4501
695 3024
696 2146
697 1010
697 2833
697 3608
697 4643
697 4895
698 4828
699 2139
699 6198
700 1158
700 4499
700 5768
701 3413
701 5044
702 4419
702 5116
703 1497
703 4503
704 2635
704 4273
704 5260
705 2925
705 5620
706 3444
706 4235
707 1617
707 6044
708 1438
709 4765
709 4927
709 4989
710 3733
711 2394
711 5501
712 4909
712 5217
713 4299
714 1588
714 5810
715 2843
715 6109
716 3586
716 5381
718 3912
718 4340
719 3068
719 5171
720 771
721 2968
721 4462
723 2481
724 2691
724 3620
724 4712
725 4879
726 4602
727 2640
728 2478
728 2562
729 2920
729 4092
730 3128
730 3578
731 761
731 5775
732 1469
733 3453
734 991
735 2191
735 5581
736 3699
737 919
737 982
739 3257
739 4268
740 2853
741 1394
741 4953
741 5430
742 785
743 3848
744 1999
744 4435
745 3745
745 5275
746 2293
747 877
748 1431
749 3159
749 3419
749 3903
750 2369
751 958
752 3071
752 4021
753 4766
753 6017
754 2761
754 4596
755 3004
755 4698
756 5032
757 2437
757 3049
758 1171
759 4228
760 2792
761 4607
762 4696
762 5155
763 5822
764 2908
764 3016
764 3617
764 5154
765 6086
766 3850
766 5410
767 3365
767 4031
767 5383
768 1503
768 4359
770 6146
771 787
771 3044
771 5482
772 1217
772 1756
772 3362
772 4802
773 1781
773 4555
773 6188
774 807
774 1261
775 5414
776 1780
776 2813
776 2879
776 3786
776 4502
777 2251
777 4472
778 947
778 5991
779 2736
780 2112
781 1774
781 3154
781 4205
781 5956
782 4487
783 1608
783 4519
784 1884
784 3782
785 883
785 1168
785 1188
785 2963
785 3063
785 5287
786 3739
786 4297
787 2679
787 4779
788 866
788 1679
788 2242
788 3090
788 6110
789 5961
790 1715
790 4054
790 4122
790 4481
791 5737
792 2544
793 2553
793 4136
794 2923
795 1754
795 1757
795 3017
796 4207
797 1873
797 2067
797 3020
798 2627
799 4385
800 1747
800 2885
801 2918
801 4878
802 4162
803 1231
803 5385
804 4735
804 5226
805 4602
805 4939
805 5545
806 1418
806 4628
808 903
808 2268
809 2830
809 4148
810 2443
810 6059
811 2760
811 5668
812 5719
812 6173
813 1714
814 2735
814 4750
815 1065
815 4773
816 3518
817 3717
818 1925
818 5362
818 6065
819 4576
820 1328
820 2213
820 4859
820 6127
821 946
821 1890
821 5256
821 5835
821 6122
822 2875
822 3927
822 6086
823 5816
824 3301
824 5186
825 4252
825 6150
826 4470
827 3053
827 3077
828 3101
829 4637
829 4854
830 2481
830 4036
831 2793
831 4337
832 901
832 4547
833 1460
833 2305
834 2265
835 1351
836 2666
837 3393
837 4637
838 2006
839 5640
840 928
840 2949
841 4039
842 5729
843 3920
844 1595
844 5330
844 5778
845 2698
846 4708
846 5892
847 2910
848 1724
848 2780
848 4286
849 3780
849 5296
850 1823
850 4923
851 4622
852 3313
852 4393
852 5605
852 5841
853 5016
854 3580
855 2298
855 4206
856 3090
857 4954
860 4125
861 1390
861 2174
862 3543
862 4771
863 1969
864 3397
864 5709
865 2337
865 4460
867 5123
868 2673
869 3920
869 5318
870 3811
871 5634
871 6076
873 5839
873 6043
874 1598
874 4595
875 2938
875 3387
875 5373
875 5761
877 3488
877 5316
878 3501
878 4373
879 4385
879 5937
880 6190
881 3874
882 2130
882 5202
883 3296
883 3801
884 2458
884 2513
884 4764
885 1592
885 5802
886 2452
886 2503
886 4911
887 2850
888 1542
889 1137
889 2301
889 5507
890 3517
890 4047
892 3009
892 5407
893 1181
895 2824
895 4273
896 4954
897 1693
897 1934
898 3591
898 4584
899 2629
900 1458
900 3723
901 1767
902 5257
903 3650
903 5284
904 4449
906 5768
907 2246
908 1654
908 3913
909 3299
909 3968
910 3532
911 1251
911 2494
911 3732
911 4162
912 1779
912 4264
912 6102
913 4865
914 1525
915 3672
916 1879
917 1688
917 4682
917 6154
918 1423
918 1438
918 2903
918 3626
918 3834
920 2014
920 3708
921 3536
921 6213
922 3756
923 2442
923 3597
923 4483
924 3123
924 4842
925 3252
926 1057
926 2839
926 5718
927 5523
929 3508
929 4654
930 1385
931 1919
932 1792
933 4572
934 1481
934 2450
934 5408
935 5532
936 1192
936 3790
936 3918
936 4275
937 2923
937 5525
937 5678
938 2242
938 4781
939 5926
940 2974
941 4289
941 5359
941 5642
941 6187
942 2274
942 5504
943 1563
943 2838
943 5423
943 6123
944 2583
945 4276
946 4124
947 1947
948 1130
948 5317
948 5655
948 5781
949 3552
950 2561
951 1735
951 4695
952 3492
952 5215
952 5967
953 2140
954 2066
955 1070
955 1124
955 5532
956 4866
957 1494
960 5222
961 1414
961 5986
962 1401
962 2591
963 1780
963 4563
964 1624
964 5443
965 1460
965 4534
965 4706
965 5243
965 5279
966 4456
967 2214
967 3326
967 5468
968 1603
968 3582
969 3154
971 1677
971 2407
971 2706
973 3060
973 6214
974 2076
974 4177
975 1573
975 1604
976 5583
977 6066
978 3584
978 5381
979 2072
979 4208
980 4830
981 5241
982 4815
983 4334
984 2544
985 3366
985 4334
986 3481
986 5353
987 1804
987 5570
988 1461
988 3827
988 4944
988 5071
989 1562
990 5705
991 2134
992 3671
992 5732
993 2906
993 3862
993 3882
994 1572
994 6242
995 2693
996 3024
997 2771
997 3351
997 4716
998 2553
998 2676
998 3500
999 4056
1000 4241
1000 5419
1002 5664
1003 3928
1003 4080
1004 6163
1007 2069
1007 2597
1007 3175
1007 3576
1008 1880
1008 3271
1009 4604
1011 1234
1011 2608
1011 3228
1012 5511
1013 1737
1013 3590
1013 5283
1013 5997
1014 5504
1015 2618
1016 4199
1017 2332
1018 1500
1018 5572
1019 2922
1020 3524
1020 5226
1021 3728
1022 2061
1022 2396
1022 3037
1022 5827
1024 2003
1024 5177
1025 5982
1025 6147
1026 2105
1026 2409
1027 2925
1028 2046
1029 1944
1029 2166
1029 3962
1030 1145
1030 5302
1031 2022
1031 4086
1031 6091
1032 2342
1033 3553
1034 4813
1035 2575
1035 3276
1035 3743
1036 1239
1036 2921
1036 4327
1037 3081
1037 3988
1037 4658
1038 1842
1039 4534
1040 1607
1040 2886
1040 4523
1041 2555
1042 1290
1043 1689
1043 4657
1043 5738
1044 3593
1044 4510
1044 5901
1045 5895
1045 5968
1046 2238
1046 2982
1046 5727
1047 2242
1047 2984
1048 2796
1049 1242
1049 3867
1050 1095
1050 1300
1050 2986
1051 2621
1051 6228
1052 3711
1053 1678
1053 3694
1053 4839
1053 5356
1055 1178
1055 1816
1055 2832
1055 4849
1056 3347
1057 2413
1057 5281
1058 4354
1058 4492
1058 4922
1059 1509
1059 4543
1060 1410
1060 2438
1060 3142
1061 2774
1061 5565
1062 5732
1064 5830
1065 4422
1066 1301
1066 4997
1066 5293
1066 5301
1067 1967
1067 2070
1068 3701
1068 4100
1069 2722
1071 6192
1072 5066
1072 5247
1073 1345
1073 4130
1074 2716
1075 4084
1075 5336
1076 3858
1077 3826
1078 1769
1078 1888
1079 2215
1079 2926
1080 1564
1080 5396
1080 6246
1081 1529
1082 1633
1082 4325
1083 2202
1083 3438
1083 3865
1083 6038
1084 1992
1084 3528
1085 3946
1085 5152
1086 5070
1087 6035
1088 1969
1088 2140
1088 2817
1089 5220
1090 5263
1091 5885
1092 1862
1092 4312
1093 1939
1093 6193
1094 4321
1095 4073
1096 1840
1097 2647
1097 4235
1097 4484
1098 3212
1098 3474
1098 4726
1099 1863
1100 3266
1101 2430
1102 5822
1103 1561
1104 1200
1104 5644
1105 2674
1106 2928
1107 4032
1108 4591
1109 2252
1110 4743
1110 5118
1111 3134
1111 3545
1111 3720
1112 5527
1113 2353
1114 3046
1115 2387
1115 3292
1115 3621
1116 3058
1117 4219
1118 2270
1118 2875
1118 5109
1119 2555
1119 3837
1119 6134
1120 1343
1120 2772
1121 1839
1121 2066
1122 1939
1122 3064
1122 4642
1122 5867
1123 1274
1123 2370
1123 3746
1124 2688
1124 2779
1125 5214
1126 1523
1126 3704
1126 4598
1127 5160
1129 5809
1131 1578
1131 4248
1132 3338
1133 1163
1133 1406
1133 3991
1134 5943
1135 3000
1135 3713
1135 4497
1136 2196
1136 3894
1137 1714
1137 4142
1137 5955
1138 1638
1139 1433
1140 3651
1142 1228
1142 2481
1143 2601
1143 3283
1143 3383
1144 1981
1144 3255
1144 3953
1146 1635
1146 1830
1146 5883
1146 5929
1147 2196
1147 6012
1147 6158
1148 3819
1149 2884
1149 3394
1149 6042
1150 4315
1150 6102
1151 1971
1151 4702
1152 3182
1152 4921
1153 1675
1153 2773
1154 1641
1154 1734
1154 2210
1155 1874
1155 5640
1156 5258
1157 3293
1157 4908
1158 1596
1159 3584
1161 5341
1161 5720
1162 3579
1162 5269
1163 1602
1164 4077
1164 4769
1165 3647
1166 4831
1167 1220
1167 3173
1168 4377
1170 2728
1171 3072
1171 5483
1172 1987
1172 5135
1173 3581
1173 5694
1174 3065
1174 5085
1175 5460
1175 6225
1176 1647
1177 1228
1177 3974
1179 3730
1180 4603
1180 5841
1181 4046
1181 5666
1181 5713
1182 4489
1182 5444
1183 1186
1184 4692
1185 1322
1185 2834
1187 1962
1189 4862
1190 2656
1191 2881
1191 3695
1191 4147
1193 3755
1194 5400
1195 5755
1195 5849
1196 1820
1197 1421
1198 2827
1199 2898
1200 4821
1201 2118
1201 3941
1201 6069
1202 3888
1202 5121
1203 1249
1203 3377
1203 5825
1204 2753
1205 3937
1207 3878
1208 3765
1209 4312
1211 5923
1213 4597
1213 5915
1214 4561
1216 2970
1216 3916
1216 4036
1218 3394
1218 5616
1221 1297
1221 2377
1222 1890
1223 3431
1223 3449
1224 1799
1224 6131
1225 3964
1226 4186
1227 2671
1227 5405
1227 5654
1229 2939
1229 4068
1230 4482
1231 4963
1232 4120
1233 4472
1235 1866
1235 4259
1235 4869
1236 2660
1237 4035
1237 4942
1238 2565
1238 3628
1239 5621
1240 4356
1240 5653
1241 5689
1241 6242
1242 1641
1242 5346
1243 1943
1243 3881
1244 2283
1245 5217
1246 1836
1246 1918
1246 3735
1247 5834
1248 2274
1248 5086
1249 4170
1250 2471
1250 5915
1251 3475
1252 3865
1253 1911
1253 5350
1254 1611
1254 2433
1254 5551
1255 5101
1256 1894
1256 2000
1258 5667
1259 1358
1259 2602
1260 4891
1261 3337
1262 4449
1263 4700
1264 2223
1264 5676
1265 2718
1266 3446
1266 5439
1267 2078
1267 4324
1268 5643
1268 6149
1269 1972
1269 4051
1269 5947
1270 3790
1271 1506
1271 3391
1271 5397
1271 5579
1272 4195
1273 2285
1273 3793
1275 2811
1275 5565
1276 5242
1277 3700
1278 2058
1280 1547
1280 5889
1281 4176
1281 4223
1282 4470
1283 2942
1284 4605
1285 5207
1286 3289
1286 3689
1286 4661
1287 1560
1288 5584
1288 5695
1289 5403
1290 3470
1290 5067
1290 5868
1291 3781
1292 2547
1292 6178
1293 2390
1293 5671
1293 6045
1294 2077
1294 2849
1294 3653
1294 4409
1295 1328
1295 1660
1296 1364
1296 1841
1298 3420
1298 3436
1299 4197
1300 1336
1300 4803
1302 1308
1302 5830
1303 2322
1303 5477
1304 2281
1304 6092
1305 2835
1305 3551
1306 1699
1306 3741
1307 2033
1308 4361
1309 3801
1309 4342
1310 2433
1310 2670
1311 1588
1311 2776
1311 5070
1312 4833
1312 5047
1313 4780
1313 5018
1313 5057
1314 3116
1315 2441
1315 4243
1316 1612
1317 2416
1318 2460
1318 2470
1318 2662
1318 5437
1318 5571
1319 2547
1319 4370
1319 6077
1320 4014
1320 5896
1321 2728
1322 1868
1324 5453
1325 1994
1325 2151
1325 3358
1326 5479
1327 3051
1329 1558
1329 4171
1330 2794
1330 4280
1330 5273
1331 3225
1332 2180
1334 2523
1335 4012
1335 5819
1336 5223
1336 5932
1337 5598
1338 2188
1338 4794
1339 3298
1340 4018
1341 3259
1342 3911
1343 4011
1343 4040
1344 1931
1344 4950
1345 1832
1345 4971
1345 5421
1346 1827
1346 2647
1347 3398
1347 4142
1348 2946
1349 1837
1349 2846
1350 1789
1350 4294
1350 4562
1351 2046
1351 2604
1352 1478
1352 1771
1353 3199
1353 3914
1353 4911
1354 3015
1355 3421
1356 3603
1356 6144
1357 3266
1357 5272
1359 5527
1360 2768
1361 1846
1361 3207
1362 1732
1362 2326
1362 2825
1362 5169
1363 4475
1363 6180
1364 3171
1365 3308
1365 5348
1367 4680
1369 2099
1369 5994
1370 4681
1371 4194
1371 4634
1372 3904
1373 3832
1374 4638
1375 5971
1376 4926
1376 5813
1377 2681
1377 6220
1378 3981
1378 4193
1378 5243
1379 3109
1379 3477
1380 2391
1380 5537
1381 2324
1381 4113
1381 4498
1382 2469
1383 3867
1384 2411
1385 3639
1385 3925
1386 5184
1386 5703
1387 3045
1387 4336
1388 1983
1388 4858
1389 4432
1391 1790
1391 5534
1393 3340
1395 1959
1396 4346
1396 4924
1397 4131
1398 1866
1398 2550
1399 3478
1399 4529
1399 4602
1400 2837
1400 4132
1400 6049
1402 1607
1403 5100
1403 5515
1404 3879
1405 3778
1405 5206
1406 4874
1407 5578
1408 3734
1409 4220
1409 5222
1410 2226
1411 4082
1412 1440
1412 3787
1413 3277
1414 1646
1414 3685
1415 3860
1415 5950
1416 3933
1417 1540
1418 2856
1418 4076
1419 2756
1419 4803
1421 2432
1422 2989
1422 3333
1423 2142
1423 3379
1424 2403
1424 4638
1425 2271
1426 1647
1426 5788
1427 1585
1427 2829
1427 5546
1428 2693
1429 6078
1431 4608
1432 2850
1432 3421
1432 3851
1432 4958
1433 5065
1434 3763
1434 4616
1435 1973
1436 3263
1437 3324
1437 4626
1438 5400
1439 4087
1440 2081
1440 6080
1441 2212
1441 2961
1442 3788
1443 3244
1443 3505
1443 3762
1444 1825
1445 1504
1446 3640
1447 1940
1447 2836
1448 1453
1448 2455
1448 5249
1449 1893
1450 5523
1451 2604
1451 2728
1451 2994
1452 3747
1452 4426
1452 4657
1454 1904
1455 5822
1455 6039
1456 1631
1456 4334
1456 4430
1457 2412
1457 4290
1457 5266
1458 4515
1459 4550
1462 2581
1463 4994
1464 2501
1464 4861
1465 2877
1465 3403
1466 2753
1466 5730
1467 2784
1467 4085
1468 4825
1468 4846
1468 5448
1469 2358
1469 4771
1470 1505
1470 2161
1472 2120
1472 2701
1472 5249
1473 2011
1473 5197
1474 3994
1475 5841
1476 4835
1476 5820
1477 3909
1479 2288
1479 3215
1480 2028
1480 4697
1481 3916
1482 1792
1482 2938
1482 5899
1483 1564
1483 4764
1484 3703
1484 3844
1485 5050
1485 5577
1486 1737
1486 1964
1486 3059
1487 3805
1487 3872
1488 3826
1488 4851
1489 2932
1489 4001
1489 4679
1491 1784
1492 4260
1493 2159
1493 5882
1493 6030
1494 3141
1496 2501
1496 4423
1497 1938
1497 5323
1498 1676
1498 5616
1499 1728
1499 1835
1500 5811
1501 1745
1502 1617
1502 2681
1503 1748
1503 3634
1504 2969
1505 3745
1505 5305
1506 3245
1507 2380
1507 2609
1507 5614
1507 5927
1508 1591
1508 3595
1509 5487
1510 2599
1510 2685
1511 3366
1512 5836
1513 3166
1513 4672
1514 3864
1514 3880
1515 5442
1516 5825
1517 3298
1518 1877
1518 2756
1518 3506
1518 4890
1519 5227
1520 2679
1521 4391
1521 4834
1522 3687
1522 4856
1523 5380
1524 4880
1525 2536
1525 4624
1526 6229
1527 2192
1528 2218
1528 2851
1528 5597
1529 3241
1530 4221
1532 2093
1532 5333
1532 6131
1533 2805
1533 3879
1534 2459
1534 3787
1534 5880
1535 5321
1536 3009
1537 1969
1537 2167
1538 1988
1539 4947
1540 3982
1540 5569
1541 5505
1541 6183
1542 2509
1542 5003
1543 4381
1544 2122
1544 2509
1544 5981
1545 3669
1545 5108
1546 1833
1546 4229
1549 2544
1550 3457
1550 4078
1551 1569
1552 1624
1552 2994
1553 2644
1553 4167
1554 4462
1556 3248
1556 4441
1556 4729
1557 2724
1559 4005
1560 4704
1561 2273
1561 2726
1561 2939
1563 3892
1563 4048
1565 5214
1566 3147
1567 3225
1568 1574
1568 2996
1568 3407
1568 5731
1569 5522
1569 6037
1570 4883
1571 4924
1571 5493
1572 4707
1572 5391
1573 4083
1573 5948
1574 1785
1574 2106
1574 6089
1575 1625
1575 3620
1576 2222
1576 2605
1576 4172
1577 2963
1577 4940
1577 5541
1578 5669
1580 3135
1581 2666
1581 5247
1582 3526
1583 3047
1584 4759
1585 5936
1586 4339
1586 4559
1586 5368
1587 3065
1587 3067
1588 1700
1589 1870
1589 3209
1589 5613
1590 1910
1590 2673
1591 1765
1591 1927
1591 1936
1592 3806
1593 4063
1593 5043
1593 5539
1594 3994
1596 1990
1597 1623
1597 5162
1598 3705
1599 3408
1599 4334
1600 3409
1600 4104
1601 1607
1601 5136
1605 2330
1605 2703
1608 3048
1608 4148
1609 3815
1611 5469
1612 4766
1614 4749
1616 1813
1616 3911
1616 5797
1617 3675
1618 4071
1619 3989
1620 4402
1621 4363
1622 1648
1624 2447
1626 4505
1626 4648
1627 3348
1627 4710
1628 2765
1629 5429
1630 4863
1631 5118
1632 4173
1633 3051
1634 3316
1634 3392
1634 4020
1637 3184
1638 2844
1639 4082
1640 1883
1640 2154
1640 4616
1641 3560
1641 3899
1641 4789
1642 4362
1643 4055
1644 4217
1645 3331
1645 3790
1645 3933
1646 5306
1647 3567
1648 4145
1648 6168
1649 6194
1650 4676
1651 1809
1651 4725
1653 2338
1654 4318
1655 5355
1656 5790
1658 3185
1658 3700
1659 4294
1660 1684
1661 4939
1661 6228
1662 4956
1663 5088
1663 5220
1664 2472
1665 4089
1665 4777
1666 3002
1667 3815
1667 5180
1668 5452
1668 6034
1669 2431
1670 3627
1671 4971
1672 5227
1673 3856
1675 6039
1676 4982
1679 4256
1680 4680
1680 5745
1681 2862
1681 4944
1682 3535
1683 2101
1683 3604
1683 4244
1683 4886
1684 5183
1685 3861
1686 2983
1686 6089
1686 6249
1687 2716
1687 4730
1687 4944
1688 2490
1689 3144
1689 5528
1690 2547
1690 3137
1690 3696
1691 6100
1691 6119
1692 2165
1692 5107
1693 5485
1694 1834
1694 4382
1694 5604
1695 5240
1696 4041
1697 1939
1697 2692
1698 5547
1699 3849
1699 6186
1700 2040
1701 3005
1702 3641
1703 1963
1704 2229
1705 6203
1706 5133
1706 5387
1707 2073
1708 2989
1708 5520
1708 5750
1709 2363
1709 5562
1709 5563
1710 3851
1710 5651
1711 1820
1712 5724
1713 5979
1716 3147
1716 3959
1717 4017
1718 2885
1718 3663
1718 4514
1719 3242
1719 4009
1720 2390
1720 2877
1721 6016
1722 2295
1722 4246
1723 2450
1725 2447
1726 2881
1726 2977
1726 3218
1727 3768
1728 5186
1729 2945
1730 1935
1730 3739
1731 4865
1733 2155
1733 5578
1735 2423
1735 4077
1736 1821
1736 4797
1736 5204
1738 4856
1738 5828
1739 3176
1739 3554
1740 2025
1740 3338
1740 3577
1740 4444
1741 2156
1741 2652
1741 6134
1742 4348
1742 6174
1743 2263
1743 2815
1743 3568
1744 2699
1745 2103
1745 3076
1745 3139
1746 1835
1747 3395
1747 5352
1748 1970
1749 2208
1749 4114
1751 2706
1752 5340
1753 5517
1753 5650
1754 3487
1755 4419
1756 4699
1757 3961
1757 5977
1757 6190
1758 3758
1758 5459
1759 6057
1760 6089
1761 2029
1761 4412
1763 5008
1763 5926
1764 6093
1767 5961
1769 3273
1770 2209
1770 5004
1771 2606
1772 3185
1773 2521
1773 3308
1774 2365
1775 3276
1776 4385
1776 4832
1777 2645
1777 4653
1778 2490
1781 3194
1782 5807
1783 4383
1783 5242
1784 2143
1784 3507
1784 4180
1785 2500
1785 2538
1785 4071
1786 4037
1787 3532
1787 4994
1787 5934
1787 6058
1788 3167
1788 4326
1788 4757
1791 5538
1793 3122
1793 3808
1793 4405
1794 5553
1795 1982
1796 4895
1797 3097
1797 3651
1798 3199
1799 2257
1799 3767
1799 4710
1800 2076
1800 3195
1801 2843
1801 4723
1801 5330
1802 3299
1802 3900
1803 5120
1804 5498
1805 3344
1805 4211
1805 5806
1806 2507
1806 5615
1807 2127
1808 2617
1810 1821
1810 2351
1810 3964
1811 4482
1812 2830
1813 5990
1814 4237
1815 2435
1815 5028
1815 5743
1816 3180
1817 3680
1818 2144
1818 3816
1818 5171
1818 5311
1819 2580
1820 3008
1820 3810
1821 2335
1822 2679
1822 2915
1823 2382
1823 3607
1824 2612
1824 3686
1825 3779
1825 4688
1826 3047
1826 3073
1827 4108
1828 3397
1829 3808
1830 4549
1830 5450
1831 3402
1831 4264
1832 1915
1834 2660
1835 2110
1835 3917
1835 5011
1837 5295
1839 5972
1840 4460
1842 5337
1843 2696
1843 4392
1844 3476
1844 5201
1845 3102
1846 2730
1847 5703
1848 2499
1848 5269
1849 1936
1849 2678
1851 2290
1851 2956
1851 3343
1852 3875
1853 2111
1853 5059
1854 3904
1854 4745
1855 2790
1855 4109
1855 4154
1855 5134
1856 4072
1857 3654
1858 3051
1859 3350
1859 5054
1860 3871
1861 2720
1861 4803
1862 1903
1863 4509
1863 4918
1864 2156
1865 2359
1865 5157
1866 2526
1866 2781
1867 2062
1867 5597
1868 6103
1869 4470
1869 6007
1871 5641
1872 5868
1874 5996
1875 2373
1876 4392
1877 5680
1878 3070
1879 3672
1879 4131
1881 5794
1882 5209
1885 3109
1885 5685
1886 3320
1886 4918
1887 4811
1887 5018
1888 5315
1889 5270
1890 6112
1891 1970
1891 3079
1892 4365
1892 5801
1893 5768
1894 4960
1895 2737
1895 2873
1897 3106
1898 6060
1899 4541
1900 2552
1900 3598
1901 2346
1902 2170
1903 3026
1904 2635
1905 3198
1905 5272
1906 4135
1906 5426
1907 2809
1907 5173
1908 2223
1908 5391
1910 2179
1910 2698
1910 4538
1910 6154
1911 2922
1912 4327
1913 2329
1913 4425
1914 5632
1915 3280
1915 5200
1916 2807
1916 5021
1917 1967
1917 5224
1919 2651
1919 5058
1920 4841
1921 4254
1922 4112
1923 5980
1923 6142
1924 2721
1924 5989
1926 3934
1926 4423
1928 4050
1929 6118
1930 2084
1930 5335
1931 5299
1931 5643
1933 2419
1933 4816
1934 4374
1936 4583
1936 4738
1937 2582
1940 3736
1941 3003
1941 3512
1942 3123
1942 3525
1943 4542
1944 3730
1944 5508
1945 4386
1947 5395
1948 3453
1949 2111
1949 3995
1949 4291
1950 3054
1951 2312
1951 4493
1952 2907
1952 5536
1953 2651
1954 3556
1955 3914
1957 3635
1957 4595
1958 5918
1960 4625
1960 6027
1961 5675
1962 3209
1962 3841
1963 2575
1964 2376
1964 4893
1965 2776
1965 4069
1968 2739
1968 3934
1969 2510
1970 4042
1971 4549
1971 5896
1972 4433
1974 5920
1974 6052
1975 3980
1976 2802
1977 4745
1979 2825
1979 3479
1979 6036
1981 3083
1982 5544
1984 3862
1985 2632
1986 5221
1987 2995
1988 2985
1989 4761
1991 2878
1991 5743
1993 5887
1995 4428
1995 6089
1996 3191
1996 3983
1996 5683
1997 5390
1998 2655
1998 5890
1999 5040
2000 2777
2000 4497
2001 2785
2001 3113
2001 5051
2001 5711
2002 4159
2002 5016
2003 3024
2004 2346
2004 5146
2005 4805
2006 3387
2007 4036
2008 2695
2008 4711
2009 3510
2010 2406
2010 4859
2012 6166
2012 6194
2013 2907
2015 2227
2015 2614
2016 5328
2017 2173
2017 5017
2018 2820
2018 5907
2019 2551
2019 6133
2020 2275
2020 3669
2022 5886
2022 6187
2023 3899
2024 2132
2024 2870
2024 4796
2026 2969
2026 5327
2028 4517
2028 5327
2028 5725
2029 2722
2029 5144
2029 5945
2031 6007
2032 2568
2032 5933
2033 5419
2034 2349
2034 5097
2035 5361
2035 5483
2037 2744
2037 4324
2038 3063
2038 5052
2039 3632
2039 4785
2042 2911
2042 4388
2043 3114
2043 4553
2044 2872
2044 3197
2045 2841
2045 3286
2047 4326
2047 4413
2047 4528
2048 3434
2048 4912
2049 3605
2050 5009
2050 5060
2051 4303
2052 5377
2052 5381
2053 4655
2054 4260
2055 4098
2056 4325
2056 4840
2058 5678
2059 3990
2060 4653
2063 5096
2064 2192
2065 4131
2066 3714
2067 4337
2067 5354
2068 6135
2069 3018
2071 2310
2072 3025
2072 5706
2073 2897
2073 3238
2074 5206
2075 3334
2075 3490
2075 5555
2076 3896
2077 5982
2078 3359
2079 5878
2079 6118
2080 4734
2081 2630
2082 2357
2082 2731
2082 2798
2082 5846
2083 5046
2084 4531
2085 4028
2085 5074
2086 5056
2087 2108
2087 2745
2087 2874
2087 2981
2088 5836
2088 6185
2089 5075
2089 5325
2090 4945
2092 2296
2092 3777
2092 5921
2094 5398
2094 5708
2094 6027
2095 3281
2096 5320
2097 3793
2097 4271
2097 5129
2099 5628
2100 4256
2101 2818
2102 2665
2102 2860
2102 4627
2104 2551
2104 2633
2104 3532
2104 4624
2106 4986
2106 6032
2107 4619
2107 5554
2108 2767
2109 3098
2110 3274
2110 3852
2111 3459
2112 4287
2113 5549
2114 2841
2115 2914
2115 3034
2115 5552
2116 4110
2117 2247
2119 4514
2119 5351
2119 5489
2120 6113
2121 5270
2121 6135
2122 4967
2123 2967
2123 6241
2124 3333
2124 4698
2124 5615
2125 3491
2126 3826
2127 5681
2128 2280
2128 5807
2129 2409
2130 5010
2131 5976
2132 4612
2133 6050
2134 4867
2135 2636
2135 5015
2136 4703
2137 2800
2138 2633
2139 3549
2141 5304
2141 5611
2142 2876
2143 4003
2144 5376
2145 2788
2146 3253
2146 3489
2147 4596
2148 3285
2148 4580
2148 6175
2149 3454
2150 3051
2150 4331
2151 5568
2152 4488
2153 3175
2153 6185
2155 5822
2156 4060
2157 4286
2157 4368
2158 4030
2158 6191
2161 3177
2162 3740
2162 6199
2164 3133
2164 3179
2166 2754
2167 4807
2168 3873
2168 4528
2169 3556
2169 3645
2169 5327
2170 5476
2171 3219
2171 3644
2171 5772
2172 2541
2173 2424
2173 3550
2174 4660
2175 5300
2176 2837
2177 2672
2178 4986
2179 5589
2180 3898
2181 2603
2181 3604
2182 2590
2182 4309
2183 5168
2184 5688
2185 2998
2185 3823
2186 6126
2187 4443
2188 3391
2189 4420
2190 5904
2191 2216
2191 3734
2191 3969
2191 5486
2192 2600
2193 4061
2193 5235
2194 4273
2195 3494
2197 4322
2197 5226
2198 4467
2199 5115
2200 3227
2200 3647
2200 3732
2201 5610
2201 6044
2203 2469
2203 2899
2204 4448
2205 4586
2205 5842
2206 5338
2207 5470
2208 3406
2211 2461
2212 2479
2213 3988
2215 4734
2215 5698
2215 5954
2215 6168
2216 2256
2217 2262
2217 5384
2219 2628
2219 4755
2219 5213
2220 3351
2220 5942
2221 2321
2221 6196
2222 3111
2223 6181
2225 2320
2225 4068
2227 3096
2228 5098
2228 5554
2229 2709
2229 4727
2229 4890
2229 6171
2230 4072
2231 2280
2231 3205
2231 5633
2232 3800
2232 4127
2235 3324
2235 6170
2236 5338
2237 3502
2237 4640
2237 5222
2238 5553
2238 5779
2239 4544
2240 2668
2240 3360
2240 3497
2241 4321
2241 5811
2243 3306
2243 3598
2243 3982
2244 3250
2244 6088
2245 2792
2245 5744
2245 6038
2246 3392
2246 4840
2247 2482
2247 5199
2248 3467
2248 5792
2249 3580
2250 3477
2251 2530
2252 3883
2253 3289
2253 3957
2254 2485
2254 4569
2254 6195
2255 4426
2255 5629
2258 2782
2258 5184
2259 3199
2259 3781
2259 4692
2260 2891
2260 4577
2260 4889
2261 3163
2266 2304
2266 3880
2266 5246
2267 3295
2267 6163
2268 5776
2269 3061
2271 4170
2272 2556
2273 2979
2273 3282
2273 3570
2275 3853
2275 3861
2276 3330
2276 5278
2276 5898
2277 3653
2278 5220
2278 5744
2279 3877
2282 4535
2283 3929
2284 4455
2284 4985
2286 4855
2286 5368
2287 4642
2291 3032
2292 4470
2293 2794
2294 5291
2294 5589
2297 4811
2299 5611
2300 3534
2300 5002
2301 3169
2301 4246
2303 3990
2306 5847
2307 4111
2307 5328
2308 4900
2308 5124
2308 6004
2309 6206
2310 4483
2311 4501
2312 3385
2312 4762
2312 5576
2313 2524
2313 3609
2313 3814
2313 5247
2314 3026
2314 4281
2315 2411
2316 6032
2317 2328
2319 3483
2319 3670
2320 3233
2323 5186
2324 6238
2326 4102
2327 6065
2328 5255
2329 6241
2330 3535
2331 4459
2332 5341
2333 3567
2333 5441
2333 5780
2334 2921
2334 3565
2334 3908
2334 4943
2335 5408
2336 4630
2336 4791
2336 5878
2336 6042
2338 3062
2338 5641
2339 5920
2340 4153
2341 2565
2342 3721
2343 4656
2344 4103
2344 5991
2345 3011
2346 5697
2347 3259
2347 4528
2347 5467
2348 3181
2348 4561
2349 2364
2349 5593
2350 5371
2350 6033
2351 3189
2352 6114
2353 5752
2354 3454
2356 3781
2356 5746
2358 5585
2359 2735
2359 3988
2360 4308
2360 5912
2361 4564
2361 6075
2362 4148
2365 3288
2366 3637
2366 5017
2367 3255
2367 3622
2367 5054
2368 5163
2369 2453
2369 5638
2370 3517
2370 4671
2370 4677
2371 5689
2372 2442
2372 3679
2372 5156
2373 3434
2373 5711
2375 5424
2375 6070
2376 5661
2377 2712
2377 3411
2378 5939
2379 3207
2379 4192
2381 3897
2382 6174
2384 4797
2385 4934
2386 2489
2386 4441
2387 4103
2387 4693
2388 2620
2388 4402
2390 5559
2391 3688
2391 5025
2392 2717
2392 4745
2393 3870
2393 6075
2395 6085
2396 2565
2397 2614
2397 5832
2398 3809
2398 4862
2398 6226
2399 6212
2400 4802
2401 5829
2402 4870
2403 5074
2404 4045
2404 4352
2405 3111
2405 4044
2406 4461
2408 4974
2409 2665
2409 3846
2410 4927
2411 2868
2414 3484
2414 4910
2414 6007
2415 5777
2415 5812
2416 3882
2416 4652
2417 5604
2418 5907
2419 6039
2420 4301
2420 5948
2421 3702
2422 2725
2422 3493
2422 3544
2425 4092
2427 3330
2429 5744
2430 4754
2431 4561
2432 5787
2433 4874
2434 6161
2435 2461
2436 4282
2436 4445
2437 5195
2437 6206
2439 2961
2440 3164
2440 4740
2441 3428
2442 4396
2443 3195
2444 5042
2445 5078
2446 4662
2448 5383
2449 5606
2453 4684
2454 6055
2456 4346
2458 2716
2459 4605
2459 5094
2459 6137
2460 5838
2461 4274
2461 4417
2463 5251
2464 5276
2465 4024
2466 3472
2467 4222
2467 6067
2468 3796
2471 3291
2472 2941
2472 3754
2473 3888
2473 5543
2474 3130
2474 5783
2475 2826
2476 3561
2476 6106
2478 4509
2478 5228
2480 3231
2480 4894
2482 4229
2482 4946
2484 3447
2486 2542
2486 2577
2486 3232
2486 6105
2487 4237
2488 2790
2489 3494
2489 5230
2491 5412
2492 5579
2493 2901
2494 3229
2495 4391
2495 6026
2496 4592
2496 4904
2497 2935
2498 3689
2498 4244
2499 4369
2501 2592
2501 5878
2502 3923
2503 4758
2504 6050
2505 5478
2506 4746
2506 5259
2507 3465
2508 3317
2508 5229
2509 5799
2509 6189
2510 5778
2511 4787
2511 5076
2512 3426
2512 5509
2514 4593
2514 5610
2515 4647
2515 5771
2515 6172
2516 5226
2517 4439
2517 5237
2517 5845
2518 5995
2519 5661
2520 3491
2520 4305
2521 3066
2521 4325
2521 5070
2522 4398
2522 5804
2524 5718
2525 4128
2526 2836
2527 2755
2528 2645
2528 3218
2528 4614
2529 2801
2530 2865
2531 2874
2532 2795
2533 4051
2533 4719
2534 3078
2534 4817
2534 5790
2535 2591
2535 4622
2536 2619
2536 5969
2537 5254
2537 5571
2537 6119
2538 3835
2539 2871
2540 3697
2540 5625
2541 3437
2541 3936
2543 4037
2544 6027
2545 2652
2546 5701
2548 5916
2548 6243
2549 3872
2549 4689
2550 5208
2551 4749
2551 5432
2553 4615
2554 3864
2555 2664
2555 3994
2555 5158
2557 3583
2557 3940
2557 4763
2558 2993
2558 3992
2559 3008
2560 2890
2560 3039
2560 4099
2561 3432
2563 4054
2563 4169
2563 5036
2563 5936
2564 2714
2565 5868
2567 4650
2567 5372
2567 5420
2569 3656
2569 4666
2570 5752
2570 6230
2571 3541
2572 3110
2573 4837
2573 5594
2573 5907
2573 6243
2574 4207
2575 2833
2576 3512
2578 6102
2579 4186
2579 6165
2580 2747
2580 5619
2580 5900
2581 4674
2582 4635
2584 3069
2584 3201
2584 5757
2585 3995
2586 2666
2587 5556
2588 2883
2588 4552
2588 4819
2589 3821
2589 4314
2590 4067
2591 2959
2591 3204
2591 4479
2591 5103
2593 4278
2593 4551
2594 4322
2595 2822
2595 5169
2597 3058
2597 3997
2597 5802
2598 6129
2599 2766
2599 5337
2600 5075
2601 4915
2601 5433
2602 3431
2603 3206
2603 3833
2606 3966
2606 5496
2606 5665
2607 3541
2609 4225
2610 4360
2610 4691
2610 6036
2611 5763
2611 6014
2613 4056
2614 3644
2614 6083
2615 2961
2615 5080
2617 4067
2617 4900
2618 3451
2618 4900
2619 2764
2620 3014
2622 3710
2623 3310
2624 3273
2624 5185
2625 2990
2625 5024
2626 4491
2626 4902
2626 5668
2627 6053
2628 3087
2629 4768
2631 3345
2634 3996
2634 6230
2635 4224
2636 3258
2637 3311
2637 5361
2637 5454
2638 4110
2639 3753
2639 5593
2640 5497
2640 5784
2641 4406
2641 5585
2641 5846
2642 4136
2642 4623
2643 2675
2644 2667
2644 4242
2645 3382
2646 5593
2647 2729
2647 4082
2648 3230
2648 4028
2648 5021
2648 5805
2649 3938
2649 4648
2650 3857
2650 5099
2651 3106
2651 3436
2651 4477
2652 5105
2653 3055
2654 3593
2656 4386
2656 4645
2657 3160
2657 3604
2658 4140
2659 5485
2660 4467
2661 5705
2662 3868
2663 5941
2665 5231
2668 3837
2669 3635
2669 4138
2670 4166
2671 3251
2671 4611
2671 5902
2673 5218
2674 4926
2675 2974
2676 6025
2677 3181
2678 4959
2679 5225
2679 5428
2680 5386
2681 5955
2682 2972
2682 3256
2683 3445
2683 5657
2684 5912
2685 5907
2686 5531
2689 3764
2690 3090
2691 4532
2693 3788
2693 4906
2694 6201
2695 4420
2696 5732
2697 3186
2697 3445
2697 4411
2699 3369
2699 3847
2699 6148
2700 4136
2700 5145
2700 5378
2701 2902
2701 3698
2701 4253
2703 4098
2705 3499
2706 5133
2707 5745
2708 4403
2708 5031
2709 4306
2710 3627
2710 5179
2711 3404
2711 3419
2711 3516
2713 3992
2713 4228
2713 6099
2714 4158
2714 4752
2715 4709
2716 3101
2718 3189
2719 5888
2720 4134
2723 3265
2723 3378
2724 3652
2726 5803
2727 4594
2729 2965
2729 3887
2729 4282
2730 4934
2731 3721
2731 4482
2732 4692
2732 5078
2732 5811
2733 6146
2734 3148
2735 4292
2736 4283
2736 5998
2738 2912
2739 3481
2740 3270
2740 5286
2741 3614
2742 5190
2743 4981
2743 5500
2745 5447
2745 5766
2748 3021
2748 4754
2749 5386
2750 2882
2750 4855
2751 2829
2753 2999
2753 4508
2754 3153
2755 3241
2757 4033
2759 3433
2760 6189
2762 2888
2762 4330
2763 5179
2764 3526
2764 3584
2765 3095
2766 5973
2769 6172
2770 4434
2774 3562
2774 4255
2775 4701
2775 5792
2776 4646
2777 3356
2778 5070
2779 3221
2779 3460
2780 5737
2783 3567
2785 4307
2786 2871
2786 5259
2788 3125
2788 3302
2788 5101
2789 3782
2789 4351
2790 3696
2790 6120
2791 3598
2791 5873
2792 5765
2793 4801
2794 6064
2796 3307
2796 6014
2797 4812
2797 6239
2799 3822
2799 5541
2800 3309
2800 4200
2800 4268
2800 5649
2800 6169
2801 4894
2803 4554
2803 4875
2804 3905
2806 3081
2809 2871
2810 4414
2810 4972
2810 5063
2812 5558
2816 5235
2816 5389
2817 3148
2820 3690
2821 3974
2821 4364
2823 4903
2823 5550
2824 5096
2824 5326
2824 6079
2825 4897
2826 4172
2826 5235
2828 2936
2831 5508
2831 5957
2832 3200
2832 3443
2832 4949
2832 5182
2833 4149
2833 5714
2834 3432
2834 5562
2836 6052
2839 2987
2839 3486
2839 4708
2840 3777
2841 5260
2842 3988
2842 4533
2844 3276
2845 3615
2845 4133
2847 3232
2848 3488
2848 4082
2848 4775
2851 5788
2852 3215
2852 4003
2852 5675
2853 5656
2853 6061
2855 4864
2857 4722
2858 4964
2859 4595
2860 5038
2861 3909
2861 4751
2861 5339
2864 3406
2864 5935
2865 2967
2866 5792
2867 3550
2868 3383
2868 5858
2869 4819
2871 4241
2873 5402
2875 3895
2877 4744
2878 4852
2879 6073
2880 3012
2880 3316
2880 5042
2884 4487
2884 5233
2887 6047
2888 3806
2888 4335
2889 4796
2890 5707
2890 5960
2893 3227
2896 5151
2897 6146
2898 3931
2898 4276
2899 5214
2899 5625
2899 6065
2900 3374
2900 4814
2901 4933
2902 5783
2902 5786
2903 2957
2904 6089
2905 3249
2907 5818
2908 4076
2909 5870
2911 3021
2912 5595
2913 4822
2914 4064
2916 3764
2919 3135
2920 3699
2924 3615
2926 3804
2927 5076
2928 5021
2929 3701
2930 3346
2930 4456
2930 5986
2931 3926
2932 5577
2933 2998
2934 4030
2935 3946
2936 5459
2937 5285
2937 5355
2937 5933
2940 4355
2940 5675
2941 5480
2941 5974
2943 3761
2943 4649
2944 3411
2946 3810
2946 4458
2946 4969
2946 6231
2947 5949
2948 4470
2949 3114
2949 5983
2950 3646
2950 5715
2951 5300
2952 4724
2953 5059
2953 5087
2954 4438
2955 3341
2955 3686
2955 5553
2956 5740
2956 6059
2958 4136
2959 5107
2960 6171
2961 3663
2962 4560
2962 5698
2963 3433
2964 5287
2966 3665
2966 5523
2967 3006
2967 4562
2967 5160
2967 6090
2969 6078
2970 5914
2971 3758
2974 3553
2974 5701
2975 5810
2976 5179
2976 5677
2978 5174
2979 4384
2980 5334
2981 4595
2982 3674
2982 6114
2984 4597
2984 4968
2985 3757
2985 4727
2986 4987
2986 4996
2987 5749
2988 4961
2989 3393
2989 3774
2991 4635
2993 3599
2995 3972
2996 5034
2998 4002
2998 5859
2998 6222
3000 3726
3001 5846
3002 4783
3005 6088
3007 5221
3008 5027
3010 4245
3011 4328
3011 5412
3012 3555
3012 6211
3013 3727
3013 3844
3013 4615
3015 3407
3019 3831
3022 5422
3025 3544
3025 5998
3027 4293
3027 5758
3028 3090
3028 3986
3028 5304
3028 5400
3029 4282
3029 4690
3029 5603
3029 6126
3030 4414
3032 5243
3033 3275
3033 6042
3035 5774
3036 3871
3036 4085
3036 5040
3038 6044
3040 4496
3041 4123
3041 5141
3042 3502
3043 3360
3043 4760
3045 4810
3047 5158
3047 5514
3048 4456
3048 5219
3049 5241
3049 5460
3050 5658
3052 3959
3053 3672
3054 4864
3054 6237
3055 3245
3056 4621
3058 3491
3061 3228
3062 3250
3066 3952
3066 4817
3068 4345
3069 4934
3069 5005
3070 5271
3071 3155
3071 3564
3072 4434
3075 3758
3075 5298
3077 3203
3079 4450
3079 5280
3080 5985
3082 4868
3082 5239
3083 3162
3083 5603
3083 5908
3084 3776
3084 4976
3086 5717
3087 3658
3088 4311
3089 5628
3091 3586
3091 4668
3092 5531
3092 5795
3093 3288
3094 3608
3098 4800
3099 5679
3100 4492
3101 4102
3101 5048
3103 3171
3103 4936
3105 3110
3105 3930
3105 4037
3106 5011
3107 3533
3107 4870
3108 3809
3108 3998
3108 4980
3111 5976
3111 6057
3111 6144
3112 3931
3114 4799
3114 5210
3115 4383
3115 4678
3116 3777
3116 4935
3117 4565
3117 5334
3119 4713
3120 3523
3120 4914
3121 5517
3123 4066
3124 5758
3126 4645
3127 3268
3129 6107
3131 3875
3132 4715
3135 3467
3136 3471
3138 5447
3140 4999
3142 4984
3143 4155
3144 5435
3145 4746
3145 6128
3146 3274
3148 3349
3148 4822
3148 6040
3149 3347
3150 4493
3151 3462
3152 5048
3152 5261
3153 5466
3154 3298
3156 3260
3156 6014
3157 5216
3160 5592
3161 5623
3161 5739
3162 3632
3163 5270
3164 5993
3164 6099
3165 4346
3165 5399
3166 4093
3166 4326
3166 5061
3170 3580
3171 4455
3172 3848
3173 6018
3174 4717
3177 5043
3178 5146
3178 5288
3179 3438
3179 4506
3179 4876
3181 4755
3183 5704
3184 3458
3184 6229
3187 4567
3187 5356
3188 5433
3189 5189
3190 6025
3192 5394
3193 4981
3193 6237
3194 5076
3194 5392
3196 5397
3197 3565
3198 5341
3201 3210
3201 6247
3202 5845
3205 4016
3205 6045
3206 5374
3207 4636
3208 5594
3209 4906
3211 4491
3213 5686
3213 6223
3214 6002
3216 4653
3217 5858
3220 3236
3222 3432
3223 6120
3224 4076
3225 6008
3226 5258
3226 5926
3228 4101
3229 4116
3232 4659
3232 5481
3233 4107
3234 5741
3234 6051
3235 4914
3237 4740
3237 6184
3238 4149
3239 4365
3240 5877
3241 5987
3243 3641
3246 4216
3246 5707
3247 5959
3248 5989
3249 5504
3252 5656
3253 3976
3253 5774
3254 5474
3256 3380
3256 4352
3256 4586
3258 4786
3259 3667
3259 4617
3260 6064
3261 3830
3261 5185
3262 4806
3262 5165
3262 5716
3264 3542
3266 4615
3268 6172
3269 3619
3270 4431
3271 5340
3272 4236
3272 4534
3272 4946
3275 4665
3276 4359
3277 4922
3278 3955
3278 4436
3279 3339
3279 5223
3283 5978
3284 4632
3284 4886
3287 5128
3290 3754
3290 5630
3293 3585
3293 4139
3294 3648
3295 3329
3295 5446
3297 4444
3298 3719
3298 4896
3299 3838
3299 5692
3300 5340
3301 3540
3301 5843
3303 4088
3303 6028
3304 4671
3306 3905
3306 6033
3307 6084
3307 6195
3309 5928
3310 4712
3311 5612
3312 5052
3314 4228
3315 4642
3317 3844
3318 5567
3319 3468
3321 4884
3322 4503
3322 5748
3323 3998
3325 3772
3328 5904
3330 3412
3330 4773
3331 5453
3332 4333
3332 5831
3335 3945
3338 4548
3338 5616
3339 6237
3342 4389
3345 3439
3346 3847
3347 3490
3347 4379
3347 4950
3348 4139
3349 5495
3350 3457
3351 3745
3352 4414
3353 3588
3354 5401
3354 5759
3355 3756
3355 5178
3356 4090
3357 4987
3359 5188
3360 5966
3361 4141
3361 4956
3361 5835
3362 6228
3364 3899
3364 5026
3365 5126
3366 3483
3366 5600
3367 5717
3368 4318
3370 5167
3371 5631
3373 5781
3374 4358
3375 4460
3375 5419
3377 5894
3379 4828
3381 4564
3383 4474
3383 5489
3384 4074
3385 4592
3386 5542
3386 6212
3388 3426
3388 3739
3389 5314
3389 5995
3390 3420
3392 6108
3396 5184
3396 5700
3397 3716
3397 3754
3399 5064
3399 5308
3401 6113
3402 4868
3403 3949
3403 4010
3405 4091
3407 5909
3409 3622
3409 5687
3410 4205
3412 4616
3413 4050
3413 5252
3413 5257
3414 3530
3414 4184
3414 4210
3414 5219
3415 3803
3415 5289
3416 5207
3417 5300
3418 4835
3419 4218
3420 3529
3422 5571
3423 3670
3424 5296
3425 3792
3425 4022
3427 4998
3428 4541
3429 3865
3430 4469
3433 5333
3434 3805
3434 6244
3435 4924
3436 5640
3438 4408
3439 3471
3439 3626
3440 5035
3441 3738
3442 4969
3443 4215
3443 6101
3444 3663
3445 4671
3446 3850
3446 4890
3448 4183
3448 4857
3449 4666
3450 4790
3452 5768
3455 3885
3455 6010
3456 5334
3457 5006
3461 5755
3462 3622
3463 5871
3464 4691
3464 5624
3465 5659
3466 5734
3468 5063
3469 4536
3469 5914
3469 6140
3470 4385
3472 4833
3473 5756
3474 3525
3475 3636
3476 6087
3479 4573
3480 5153
3482 4446
3482 6122
3484 4704
3484 4973
3485 5744
3487 4380
3488 5331
3488 5944
3490 4298
3495 5214
3495 5871
3497 4504
3497 6081
3498 5035
3499 4640
3499 5531
3500 6001
3503 4018
3503 5995
3504 4500
3505 4319
3506 4962
3508 5125
3509 3922
3510 5641
3511 3978
3511 4165
3511 4721
3512 4755
3513 5563
3514 4916
3515 5494
3515 5799
3517 5212
3518 4382
3519 5623
3520 4640
3522 4033
3522 5596
3523 3789
3523 4875
3524 4925
3524 6087
3527 3780
3527 4371
3527 5324
3528 3692
3534 5001
3535 5308
3537 5350
3537 6125
3538 5561
3539 4368
3541 5089
3545 5356
3546 4947
3547 4542
3548 4043
3548 4075
3548 4509
3549 3971
3550 4312
3552 4753
3552 5295
3554 3818
3555 5055
3556 6169
3557 5614
3558 3902
3559 3609
3560 4899
3560 5938
3562 5426
3563 6129
3564 3878
3566 3959
3568 6175
3569 4119
3569 5176
3570 4572
3571 3985
3571 5758
3572 4305
3573 4731
3574 3831
3574 4027
3582 5633
3583 5185
3583 6157
3584 4204
3587 5814
3588 5117
3589 4834
3589 6168
3590 4608
3594 4669
3596 5564
3596 6207
3597 4675
3599 5295
3600 3666
3600 5360
3601 5321
3601 5794
3602 4640
3605 4230
3605 5716
3605 5984
3606 4999
3608 4035
3610 4105
3611 5824
3612 4489
3612 5360
3612 6038
3614 4167
3614 4178
3619 5098
3620 4572
3621 4457
3621 4661
3623 4205
3624 4522
3625 5675
3630 3910
3630 5024
3633 5108
3637 4178
3638 6175
3640 5276
3640 6079
3641 3971
3642 3687
3643 4475
3646 4003
3646 6021
3647 3712
3647 4323
3648 3798
3649 4057
3651 5142
3652 4532
3654 4306
3655 5572
3657 5817
3659 3769
3659 4211
3659 5789
3661 4480
3662 5645
3664 3784
3664 5880
3665 4846
3668 4867
3668 6159
3669 4296
3673 4103
3674 5851
3676 4488
3677 4993
3677 5864
3678 6060
3679 4407
3680 5217
3681 4120
3681 5120
3681 5153
3682 4139
3682 6060
3683 5612
3686 4277
3690 4631
3691 6060
3693 5379
3698 4731
3702 4142
3703 4267
3704 4242
3706 5506
3706 5918
3707 6135
3708 5077
3709 5505
3710 5756
3711 6053
3712 5298
3712 5791
3712 5962
3713 4827
3715 5530
3716 3902
3717 4217
3718 6109
3719 5458
3722 4545
3722 6063
3725 4208
3729 4709
3729 5136
3731 4933
3732 4720
3734 3949
3735 5065
3737 4478
3737 5138
3740 4860
3741 3798
3742 3893
3742 5495
3743 4952
3744 4103
3745 4005
3748 5883
3749 6033
3749 6075
3750 4267
3751 4094
3751 5501
3752 4836
3756 4160
3759 5526
3762 5853
3764 5500
3765 5214
3766 6202
3767 4635
3767 5922
3767 6161
3768 5165
3770 5254
3771 5338
3772 4013
3773 6113
3774 5065
3775 4591
3775 5127
3776 4040
3776 5510
3778 4216
3779 5783
3781 5355
3783 5391
3783 6013
3784 5556
3785 3961
3791 4722
3792 5966
3793 5051
3794 4522
3795 5482
3795 5805
3796 5028
3797 4053
3797 4925
3799 5736
3807 4632
3807 5785
3808 5518
3808 5879
3809 4929
3811 4775
3812 4312
3812 5177
3812 5407
3813 5040
3816 5762
3817 5439
3818 5297
3820 5345
3821 4372
3822 4827
3823 5748
3824 4204
3825 6101
3828 4428
3828 5451
3829 5238
3830 4151
3830 5021
3831 3834
3833 5609
3834 4507
3836 5382
3837 4875
3837 5540
3839 4700
3844 4118
3845 4317
3846 4645
3848 5416
3850 5281
3854 5395
3855 5394
3855 6070
3856 4676
3856 5179
3856 5258
3859 6173
3861 5162
3862 4547
3862 5712
3863 4427
3863 6043
3866 5698
3871 3947
3872 4789
3874 5740
3875 4624
3876 5663
3876 5795
3878 5514
3883 4486
3884 4980
3885 4583
3887 6164
3888 4707
3889 4026
3890 5800
3891 6044
3892 5798
3894 4113
3897 5409
3898 4945
3900 4386
3900 5764
3901 5421
3903 5366
3905 4288
3905 5812
3907 3908
3908 5660
3909 5934
3915 4224
3915 4542
3915 5319
3919 4788
3919 5529
3921 4847
3922 5211
3924 4266
3924 5313
3925 4456
3925 5224
3929 5097
3929 5119
3930 3993
3932 4916
3935 5773
3936 3975
3937 3967
3938 5112
3939 5385
3940 4673
3940 5322
3941 4349
3942 5885
3943 5179
3944 3990
3950 5222
3955 5800
3956 4030
3956 4096
3956 5575
3957 4512
3958 4128
3958 5414
3959 4674
3959 5925
3961 4081
3963 4265
3964 6232
3965 4338
3967 4361
3970 5851
3971 5037
3973 4813
3974 4375
3977 6241
3979 4028
3983 4516
3983 5726
3984 4215
3984 4788
3989 5007
3989 5309
3989 6035
3991 4476
3991 6062
3992 4301
3992 6218
3995 5438
3999 4270
3999 6195
4000 4116
4000 4585
4000 5406
4001 5771
4004 4733
4006 4329
4006 5185
4007 4061
4008 4823
4012 4026
4012 6097
4015 4125
4015 5322
4016 6047
4019 4058
4020 5917
4023 4540
4024 4812
4025 4306
4029 4962
4032 5600
4034 4413
4035 5912
4035 5995
4045 5927
4045 5958
4051 5207
4052 5205
4055 4753
4056 5861
4056 6012
4057 4610
4058 4737
4058 5747
4059 4766
4061 5870
4061 6197
4063 4917
4065 4923
4066 5489
4068 4590
4070 4426
4071 4449
4072 5157
4072 5248
4074 4654
4078 4530
4078 5012
4079 5743
4079 6205
4080 5416
4080 5781
4083 5429
4085 5282
4087 4294
4088 5967
4091 5298
4094 5829
4095 4297
4097 4993
4100 4815
4107 5853
4108 5286
4110 4724
4110 5097
4110 5770
4112 4266
4114 4390
4114 6035
4115 5254
4116 4140
4116 5150
4117 4586
4119 4457
4119 5073
4121 5038
4124 5502
4126 5942
4127 4873
4127 5103
4130 5741
4130 5844
4132 4684
4132 4867
4133 6046
4134 6179
4136 5095
4137 4687
4140 4700
4141 6138
4142 5089
4143 6247
4146 5875
4147 4761
4147 5690
4149 4187
4149 4224
4150 4345
4151 4666
4152 4273
4152 5244
4154 5617
4155 4803
4156 5222
4158 5063
4159 6151
4160 5501
4160 5622
4160 5889
4161 5784
4163 5864
4164 4232
4165 4877
4168 5699
4171 5612
4172 4279
4174 5365
4179 5147
4179 5342
4179 5744
4180 5173
4182 4581
4182 5426
4188 5019
4189 6104
4190 5601
4190 5910
4191 5425
4193 4941
4193 5664
4194 5457
4195 5813
4196 5383
4198 5284
4199 4621
4199 4990
4200 6056
4201 4906
4202 4727
4202 5303
4203 5385
4203 5573
4206 5294
4207 5912
4208 4545
4209 4437
4209 5235
4214 4613
4214 4654
4214 5004
4217 5928
4218 5434
4222 4303
4223 4245
4225 5268
4226 5083
4228 4809
4228 4932
4229 5816
4231 6187
4233 4762
4235 4805
4236 5781
4237 6036
4238 5019
4238 5701
4240 4349
4240 4655
4240 4762
4245 4754
4246 5369
4247 6079
4248 4664
4249 4648
4250 4556
4250 5839
4252 4644
4255 6003
4256 5646
4257 5209
4257 6221
4258 4605
4258 5720
4260 4754
4260 5062
4261 4500
4261 4648
4263 5889
4266 5509
4269 4420
4269 5860
4270 5682
4272 6103
4274 5262
4275 5420
4276 4882
4276 5311
4276 6193
4278 5191
4282 5245
4284 4548
4285 4459
4285 6240
4288 6183
4294 4480
4295 4631
4299 4649
4302 4326
4303 5850
4304 6165
4305 4587
4306 5091
4307 4543
4310 4684
4310 5193
4310 5943
4316 6069
4317 5403
4318 5184
4318 5652
4319 5595
4320 6022
4320 6210
4321 4400
4323 4866
4324 5189
4326 4495
4328 4443
4330 4814
4338 4642
4339 4953
4344 5387
4346 5178
4347 5515
4350 5534
4353 5216
4353 5985
4357 4751
4362 5628
4365 5431
4366 5768
4367 5849
4368 5476
4368 5725
4369 5504
4374 4579
4376 4836
4376 4841
4376 4873
4377 4537
4378 5138
4380 4507
4381 5168
4381 6199
4382 5503
4383 4639
4383 5247
4387 5349
4389 5444
4391 4928
4391 6019
4393 4865
4394 5498
4395 4712
4397 4774
4399 4964
4399 5906
4401 5219
4401 5549
4401 5901
4409 5375
4409 5379
4411 5821
4415 5492
4416 4976
4416 5957
4417 5343
4419 4464
4419 5538
4421 5773
4424 4934
4428 4998
4429 4543
4432 5342
4436 5901
4437 5641
4438 5093
4440 6240
4442 4926
4443 5831
4443 6238
4447 4702
4448 5131
4451 4955
4451 5756
4452 5855
4452 6234
4453 5412
4456 4991
4456 6116
4462 6107
4463 4535
4465 5971
4466 5003
4466 6085
4467 6247
4468 5577
4470 5152
4474 6200
4475 4580
4476 5648
4476 6107
4481 4880
4484 4694
4485 5716
4487 6227
4490 5363
4491 6235
4494 4714
4494 5090
4496 4888
4502 5127
4508 5171
4508 6121
4509 4845
4509 5267
4511 5184
4518 5030
4518 5720
4518 6097
4520 5036
4522 5816
4524 5312
4524 5433
4525 5912
4526 5501
4527 5020
4530 5516
4535 4870
4537 4739
4539 4864
4539 5370
4539 6141
4541 4770
4541 5180
4542 4772
4544 5920
4546 5779
4547 4863
4549 5332
4550 5155
4550 6214
4551 4698
4551 5223
4552 5231
4555 5440
4557 5993
4557 6008
4558 5957
4558 6034
4559 5876
4566 5781
4568 4910
4569 4887
4569 6003
4570 6135
4571 4582
4571 5415
4571 5797
4574 5208
4574 5547
4575 5459
4576 5548
4577 5262
4578 4584
4584 4588
4584 5292
4584 5744
4586 5895
4589 6127
4591 5084
4593 4626
4593 5940
4594 5655
4595 5472
4598 5672
4599 5881
4599 6145
4600 5016
4601 5438
4603 4758
4606 5566
4608 5112
4609 5344
4610 5878
4611 6182
4612 5014
4614 5767
4616 5511
4620 5666
4628 5126
4628 5862
4629 5775
4631 5627
4633 5254
4633 5618
4634 5840
4638 5557
4639 5906
4641 5164
4641 6135
4642 5607
4643 6002
4651 6135
4659 4660
4660 6204
4661 5468
4661 5987
4662 5223
4663 5350
4665 5975
4670 5645
4670 6076
4671 6094
4672 5240
4674 4725
4677 5500
4681 5473
4683 4730
4686 4777
4686 5480
4689 4808
4691 4799
4692 4954
4695 5324
4698 5533
4698 5789
4701 4732
4702 5260
4704 5364
4705 5558
4706 5848
4709 5805
4709 5850
4711 6075
4712 6106
4713 5049
4715 6048
4717 4759
4717 4943
4717 5406
4717 5513
4717 5572
4724 5951
4725 4868
4728 5345
4729 5735
4733 5128
4739 5788
4741 5518
4741 5524
4741 5807
4741 5828
4742 5596
4747 5715
4748 5258
4751 6176
4752 4844
4752 5069
4754 5499
4756 5958
4758 5425
4759 6188
4765 5286
4766 5734
4767 4866
4770 5148
4774 5841
4776 5350
4778 5150
4780 5373
4780 5474
4782 5849
4784 5234
4790 5637
4792 5331
4793 6067
4793 6208
4795 5640
4797 5856
4797 6201
4801 4999
4804 5686
4810 5632
4811 5804
4813 5060
4818 5409
4818 5453
4821 5688
4823 5236
4824 5534
4825 5197
4826 5765
4831 4974
4833 5324
4835 5041
4835 5686
4836 5817
4837 6248
4838 5446
4843 6009
4847 4873
4847 5198
4849 4857
4849 4910
4852 5135
4853 5054
4858 5073
4863 5855
4865 4938
4868 6182
4869 5775
4875 5637
4877 4986
4880 5619
4881 5345
4881 5402
4882 6020
4884 5616
4885 4941
4888 5089
4892 4896
4893 5079
4898 5005
4899 6022
4904 5355
4905 5652
4908 5717
4908 5999
4909 5847
4911 5464
4912 5965
4913 5542
4913 5852
4919 5129
4920 5649
4920 5936
4921 5415
4930 5781
4931 6056
4932 6049
4935 5309
4937 5876
4942 5598
4942 5875
4943 4992
4943 5253
4945 4950
4946 5946
4948 5645
4950 5606
4951 5166
4951 5535
4951 5897
4955 6170
4965 5728
4966 5924
4967 5884
4969 5217
4970 5605
4974 5071
4975 5940
4977 6181
4978 5390
4983 6001
4987 5492
4988 6114
4990 5935
4995 6052
4998 5470
4999 5357
5001 6166
5004 6156
5005 6068
5007 5081
5011 5580
5013 5428
5014 6065
5016 5970
5019 5173
5020 6048
5020 6091
5021 5815
5022 5413
5023 5059
5027 5449
5028 5146
5029 5190
5029 5381
5029 5722
5031 5271
5032 5155
5033 5547
5036 5939
5039 5839
5041 6066
5043 6216
5044 5201
5045 5363
5046 5051
5046 5684
5047 5736
5054 6117
5056 5907
5058 5673
5060 5825
5068 5271
5072 5526
5075 5694
5075 5728
5075 6024
5076 6015
5077 5115
5078 6240
5083 5786
5090 5572
5092 5264
5094 5813
5098 6165
5102 5489
5104 5261
5110 5380
5111 5494
5113 5355
5114 5395
5117 6204
5118 5923
5118 6191
5120 5334
5121 5613
5126 5467
5126 6082
5128 5440
5133 5202
5136 5651
5137 5178
5139 6226
5140 6125
5142 5461
5143 5659
5149 5263
5156 5473
5159 5404
5159 5496
5161 5297
5161 6017
5170 5684
5171 5268
5188 5699
5189 5599
5192 5194
5196 5867
5198 5838
5200 5521
5202 6104
5202 6224
5203 5816
5205 6079
5207 5639
5211 5428
5214 6029
5215 6144
5219 5299
5221 5576
5230 5431
5232 5251
5232 6180
5237 5418
5240 6051
5248 5912
5251 5517
5252 6162
5256 6050
5257 6012
5258 5290
5260 5893
5264 5757
5265 5293
5270 5519
5271 5949
5274 5875
5277 6057
5288 5497
5289 5334
5292 5452
5293 5635
5294 6215
5300 5413
5305 5455
5305 5525
5307 5680
5320 5992
5322 6120
5328 5674
5329 5930
5334 5833
5343 5823
5344 5721
5347 5586
5347 5716
5348 5582
5349 5869
5352 5759
5363 5594
5364 5528
5365 5553
5367 5741
5372 5793
5378 5462
5382 5867
5383 6167
5384 5834
5386 6095
5390 5618
5391 5970
5393 6007
5411 6031
5416 5491
5416 5710
5417 6157
5419 5884
5422 6193
5430 6016
5437 5652
5441 5702
5442 5784
5445 5496
5447 5563
5456 6231
5465 5575
5469 5476
5469 5837
5474 5796
5477 5891
5479 5634
5481 5681
5483 5602
5484 5987
5489 6071
5492 5792
5493 6011
5496 6178
5504 6079
5517 6245
5523 6158
5526 6158
5534 5922
5537 5985
5548 5952
5551 5567
5552 5930
5558 5607
5559 5642
5560 5604
5564 5716
5566 5922
5569 6130
5572 6233
5574 5924
5587 5877
5588 6205
5592 6098
5596 5824
5603 5951
5606 6202
5608 5898
5608 6005
5620 5746
5629 6031
5638 6085
5641 5662
5641 5882
5644 5888
5669 5865
5669 5909
5673 5677
5674 6071
5678 5691
5679 6174
5695 5855
5706 5887
5708 6215
5724 5901
5725 5769
5729 5772
5729 5917
5734 6009
5741 6052
5751 5945
5753 6167
5754 5894
5766 5782
5773 6096
5789 6041
5793 5895
5805 6213
5808 5931
5808 6245
5824 5982
5826 5831
5839 6155
5839 6211
5853 6236
5854 5890
5861 6075
5863 6098
5866 5887
5888 6139
5897 6161
5904 6203
5905 6138
5921 5972
5925 5994
5945 6108
5949 6061
5963 5987
6000 6144
6007 6083
6023 6242
6029 6114
6039 6132
6048 6150
6072 6229
6086 6186
6087 6239
6089 6115
6122 6173
6126 6136
6201 6203