781
0 323
0 555
0 568
1 183
1 213
1 597
1 735
2 511
3 207
3 441
4 282
4 779
5 731
6 346
7 15
7 153
8 48
8 748
9 404
9 457
10 599
10 759
11 45
11 70
12 171
13 252
14 20
16 135
17 608
17 755
18 511
18 590
19 504
20 86
20 440
21 408
21 758
22 79
23 135
23 735
24 120
24 133
25 537
26 378
26 417
26 736
27 128
27 594
27 698
28 438
29 390
30 235
31 175
31 463
31 508
31 647
32 377
32 389
32 485
33 458
33 548
34 332
34 717
35 569
36 193
36 616
37 602
38 313
38 520
38 599
39 414
40 129
40 319
40 603
41 739
42 232
42 365
42 713
43 384
43 663
44 490
45 93
45 295
46 69
47 100
48 430
48 502
48 609
49 132
49 338
49 498
50 384
51 147
51 358
51 732
52 332
53 137
53 366
54 139
54 287
54 411
55 293
56 255
56 401
56 597
57 134
57 177
58 100
59 515
59 705
59 766
60 256
60 602
60 766
61 745
62 80
62 187
62 499
63 634
64 636
65 544
65 595
66 330
66 573
67 122
67 315
67 581
68 227
69 76
69 414
69 615
70 749
71 454
72 117
72 285
72 300
72 386
73 103
73 116
73 381
74 779
75 494
76 528
76 657
77 572
77 575
78 221
78 346
78 571
79 427
81 571
82 351
82 533
83 146
83 163
84 158
84 299
84 321
85 175
86 314
86 326
86 421
86 527
86 660
87 417
87 697
88 404
89 145
90 114
90 342
90 743
91 730
92 513
93 263
94 545
95 352
95 715
96 239
97 111
97 218
98 192
98 486
99 196
99 756
100 515
101 425
102 279
102 755
103 649
103 700
104 423
104 734
105 443
105 614
106 598
107 504
108 175
109 147
109 193
110 631
111 249
111 652
112 298
113 443
114 355
115 501
116 142
117 184
117 209
117 472
117 479
118 322
118 565
118 629
119 143
121 320
121 482
122 160
122 499
123 402
123 567
124 294
124 763
125 504
126 500
126 574
127 240
127 468
127 637
128 250
128 769
130 460
130 683
131 375
131 601
131 740
133 306
134 182
134 296
134 347
136 575
137 522
138 159
138 466
138 699
139 438
140 493
141 409
142 395
143 603
144 174
144 312
144 462
145 254
145 332
148 499
149 298
149 327
150 557
150 631
151 429
151 780
152 425
153 334
153 727
154 635
155 382
155 650
155 685
156 185
156 364
156 590
157 275
157 399
157 616
158 343
161 453
161 603
162 660
163 491
163 765
164 221
165 536
165 673
166 403
167 725
168 294
169 176
169 352
169 366
170 171
170 328
171 308
172 247
172 630
172 735
173 312
174 426
174 564
175 208
175 272
175 494
177 322
178 417
178 521
178 714
179 303
179 727
179 738
180 378
181 734
181 766
182 674
183 244
186 304
186 613
186 634
187 229
188 226
188 327
189 772
190 289
190 366
191 430
194 721
194 738
195 488
196 473
197 234
198 318
198 337
199 273
200 537
201 335
201 689
202 363
202 634
203 328
203 340
204 380
205 253
205 745
206 755
207 535
208 222
209 519
209 554
210 233
211 512
212 421
212 466
213 775
214 715
215 514
215 690
216 337
216 651
217 353
217 474
218 589
218 771
219 340
220 467
221 506
221 621
222 317
223 402
223 583
223 674
224 642
225 570
226 568
226 587
227 307
228 698
229 529
230 667
230 715
231 369
231 664
232 541
232 645
232 772
233 234
233 610
234 394
234 692
235 529
235 574
235 718
236 323
237 372
237 439
237 461
237 511
238 683
238 719
239 534
240 381
241 479
242 564
242 636
243 259
243 377
244 459
244 640
245 285
245 470
245 661
245 741
246 646
248 420
248 425
248 704
248 743
249 634
250 387
250 553
251 733
252 316
252 761
253 338
254 478
256 507
256 568
257 718
258 315
258 531
259 764
260 510
261 488
262 412
262 715
263 385
264 437
264 643
264 653
265 510
265 583
266 482
266 584
267 535
267 622
268 467
268 552
269 577
269 613
269 679
270 322
270 473
270 491
271 710
272 448
273 315
274 728
276 651
277 608
278 480
279 439
279 582
280 439
280 472
280 588
281 383
281 713
282 418
282 694
283 367
284 392
284 457
284 614
286 368
287 401
288 438
288 477
290 625
291 573
291 595
292 351
293 698
294 493
295 415
296 319
296 329
297 543
297 675
298 309
299 311
300 457
300 556
300 600
301 659
302 365
302 390
302 676
302 741
303 450
305 699
306 752
307 722
308 507
308 669
310 432
310 477
312 626
316 569
317 701
320 745
321 537
322 726
324 378
325 407
326 382
326 716
327 732
328 547
331 424
331 606
332 464
333 345
333 649
334 487
335 578
336 707
339 470
339 746
341 556
344 400
344 474
346 572
347 367
348 380
349 523
349 713
350 392
351 408
351 517
351 689
352 642
352 687
353 537
353 695
353 706
354 748
355 442
355 562
355 617
356 556
357 535
357 633
359 481
360 685
361 443
362 400
362 751
368 375
368 559
370 453
370 750
371 516
371 591
372 702
373 763
374 579
374 598
376 665
377 665
377 777
379 730
380 710
380 723
381 611
384 625
384 675
384 690
385 733
385 776
387 601
388 457
389 605
391 440
393 546
393 696
394 469
394 514
395 549
395 728
396 644
397 506
398 538
398 563
398 683
400 767
402 682
402 691
403 522
405 680
406 739
407 495
409 477
409 667
410 647
413 554
413 710
416 450
419 477
419 570
420 464
420 528
422 780
423 438
424 575
425 747
425 757
426 429
426 610
426 619
426 637
427 433
427 500
427 508
428 758
429 763
431 502
434 482
435 497
436 471
436 696
437 558
439 571
440 606
441 757
442 601
443 480
443 536
443 720
444 532
445 584
446 462
446 525
446 678
447 615
448 615
449 526
450 759
451 592
452 489
452 751
454 649
455 647
456 565
459 481
459 528
459 744
460 658
463 492
463 496
464 540
465 490
466 542
466 771
467 504
467 609
468 518
468 749
471 501
472 586
473 641
474 728
475 567
476 533
478 521
480 778
482 636
483 757
484 625
484 724
484 760
486 667
488 557
488 651
490 548
491 654
493 532
493 651
495 512
495 638
495 684
496 497
498 777
499 693
503 735
504 677
504 751
505 548
508 694
509 712
510 623
511 525
512 580
513 544
514 579
515 544
516 739
516 779
521 655
523 737
524 762
525 759
526 561
530 677
532 708
534 686
537 709
539 675
540 618
545 759
546 755
546 758
548 558
550 617
551 592
555 753
559 725
560 587
560 670
561 717
562 731
566 682
571 712
572 595
573 592
576 596
576 730
577 612
579 768
580 617
585 703
593 697
595 628
596 641
596 747
599 646
600 680
600 752
601 666
604 644
607 677
620 720
624 747
627 664
627 754
632 700
633 671
635 674
636 662
637 653
639 678
644 722
646 770
648 746
649 686
653 729
656 748
659 682
659 688
668 754
671 703
672 718
675 773
681 711
683 754
684 719
702 761
707 758
711 742
711 776
722 758
730 762
757 774