390
0 10
0 90
1 134
2 311
3 141
4 372
5 250
5 308
5 356
6 79
6 133
6 140
6 325
7 294
7 389
8 304
8 380
9 92
9 216
9 340
11 263
12 169
12 282
13 23
13 80
13 324
14 71
14 328
14 361
15 115
15 186
16 147
16 251
17 30
17 72
17 263
18 52
19 223
19 273
20 155
21 172
21 275
22 72
23 105
23 130
24 111
24 341
24 376
25 265
25 354
26 122
26 139
26 169
27 76
27 291
27 380
28 146
28 236
29 88
29 260
31 179
31 345
32 69
32 155
33 61
33 299
34 197
34 263
35 287
36 126
36 186
37 121
37 249
37 266
38 45
38 363
38 387
39 323
39 343
40 363
41 237
42 167
42 293
42 318
43 49
44 264
45 98
46 159
46 177
46 212
46 314
46 359
47 186
48 55
49 102
49 152
49 184
49 326
50 142
50 256
51 252
51 260
52 190
52 332
53 195
53 238
53 301
53 337
54 269
55 389
56 319
57 225
57 294
57 366
58 220
58 247
59 331
60 103
60 131
61 322
62 350
63 97
63 235
64 79
64 109
65 102
66 131
66 240
67 87
67 297
68 185
68 309
68 388
69 93
70 71
71 270
72 372
73 135
73 216
74 208
74 228
74 346
75 308
75 338
77 264
77 331
78 93
78 164
80 167
80 187
81 118
82 88
82 248
83 91
84 107
85 138
86 186
86 248
86 271
89 282
90 94
90 329
91 198
91 292
92 292
95 214
95 316
96 225
96 329
98 355
99 382
100 387
101 141
101 280
102 225
102 238
102 276
103 162
103 284
103 310
104 197
104 241
104 261
106 107
106 227
107 113
107 386
108 125
108 347
109 382
110 176
110 210
110 374
111 358
112 132
112 181
113 277
114 134
114 301
116 313
117 206
118 288
118 290
119 174
119 383
120 141
121 317
122 175
122 210
123 153
123 330
124 128
125 331
126 203
126 214
126 318
127 334
128 387
129 220
129 313
130 169
131 154
134 381
135 157
135 209
136 256
137 309
138 350
139 290
140 298
140 305
142 189
143 306
144 336
144 389
145 197
145 320
146 224
146 259
147 161
147 283
147 355
148 150
148 284
148 295
149 187
149 353
150 349
151 182
151 222
151 271
152 223
152 230
154 178
154 194
154 231
155 193
155 316
156 372
158 250
158 292
159 329
160 359
161 233
162 365
163 283
165 338
166 299
166 344
166 359
167 204
167 385
168 261
169 213
170 349
171 314
172 270
173 304
174 332
176 232
176 334
178 191
179 367
180 277
180 327
180 375
181 196
181 322
183 329
185 254
188 315
189 267
190 239
190 368
191 252
192 230
194 346
197 348
197 364
198 232
199 233
200 304
201 286
201 339
201 362
202 234
202 361
202 369
205 248
206 226
207 322
210 306
211 302
212 274
213 296
215 276
216 351
217 307
218 308
219 361
220 302
221 223
225 341
225 347
226 293
227 290
229 236
229 349
229 361
232 378
233 240
234 244
234 256
235 343
236 373
237 330
240 335
241 289
241 309
241 315
242 381
243 359
245 362
246 315
247 280
248 360
250 330
251 281
253 365
255 272
255 307
257 357
257 358
258 275
262 377
264 279
265 372
267 382
268 278
269 277
270 312
277 367
278 366
279 371
285 303
285 323
286 352
286 380
287 327
291 349
297 304
300 317
302 366
303 320
304 321
307 383
311 340
317 375
319 387
325 337
333 355
333 379
342 370
344 372
347 383
350 359
351 384
370 382
377 378